136	0.00679966	0	inf	0	0
137	0.00684966	0.0114026	87.6992	0.664699	-19.4723
138	0.00689966	0	inf	0	0
137	0.00684966	0	inf	0	0
138	0.00689966	0.0116442	85.8797	0.68765	-20.0279
139	0.00694965	0	inf	0	0
138	0.00689966	0	inf	0	0
139	0.00694965	0.0116442	85.8797	0.675508	-19.5611
140	0.00699965	0	inf	0	0
139	0.00694965	0	inf	0	0
140	0.00699965	0.0113543	88.0723	0.622124	-17.9124
141	0.00704965	0	inf	0	0
140	0.00699965	0	inf	0	0
141	0.00704965	0.0115717	86.4175	0.641462	-18.3645
142	0.00709965	0	inf	0	0
141	0.00704965	0	inf	0	0
142	0.00709965	0.0119583	83.6242	0.684345	-19.482
143	0.00714964	0	inf	0	0
142	0.00709965	0	inf	0	0
143	0.00714964	0.0113301	88.2601	0.584715	-16.5528
144	0.00719964	0	inf	0	0
143	0.00714964	0	inf	0	0
144	0.00719964	0.0119824	83.4556	0.664307	-18.7018
145	0.00724964	0	inf	0	0
144	0.00719964	0	inf	0	0
145	0.00724964	0.0114993	86.9622	0.586183	-16.4116
146	0.00729964	0	inf	0	0
146	0.00729964	0	inf	0	0
147	0.00734963	0.0121998	81.9683	0.659925	-18.2756
148	0.00739963	0	inf	0	0
147	0.00734963	0	inf	0	0
148	0.00739963	0.0123689	80.8477	0.671562	-18.4978
149	0.00744963	0	inf	0	0
148	0.00739963	0	inf	0	0
149	0.00744963	0.012079	82.788	0.621429	-17.0254
150	0.00749963	0	inf	0	0
149	0.00744963	0	inf	0	0
150	0.00749963	0.0124414	80.3767	0.658938	-17.9572
151	0.00754962	0	inf	0	0
150	0.00749963	0	inf	0	0
151	0.00754962	0.0125864	79.4511	0.667152	-18.0852
152	0.00759962	0	inf	0	0
151	0.00754962	0	inf	0	0
152	0.00759962	0.0120066	83.2877	0.579891	-15.6374
153	0.00764962	0	inf	0	0
152	0.00759962	0	inf	0	0
153	0.00764962	0.0127072	78.6958	0.661149	-17.7359
154	0.00769962	0	inf	0	0
154	0.00769962	0	inf	0	0
155	0.00774961	0.0126105	79.2989	0.627246	-16.6537
156	0.00779961	0	inf	0	0
155	0.00774961	0	inf	0	0
156	0.00779961	0.0130212	76.7978	0.669469	-17.6842
157	0.00784961	0	inf	0	0
156	0.00779961	0	inf	0	0
157	0.00784961	0.0123931	80.6901	0.578818	-15.2123
158	0.00789961	0	inf	0	0
157	0.00784961	0	inf	0	0
158	0.00789961	0.0131662	75.9523	0.666686	-17.4336
159	0.0079496	0	inf	0	0
159	0.0079496	0	inf	0	0
160	0.0079996	0.0132145	75.6746	0.651892	-16.8775
161	0.0080496	0	inf	0	0
160	0.0079996	0	inf	0	0
161	0.0080496	0.013142	76.0919	0.632628	-16.298
162	0.0080996	0	inf	0	0
161	0.0080496	0	inf	0	0
162	0.0080996	0.0131903	75.8132	0.628516	-16.1128
163	0.00814959	0	inf	0	0
162	0.0080996	0	inf	0	0
163	0.00814959	0.0131662	75.9523	0.61556	-15.704
164	0.00819959	0	inf	0	0
164	0.00819959	0	inf	0	0
165	0.00824959	0.0135768	73.6548	0.645761	-16.3161
166	0.00829959	0	inf	0	0
165	0.00824959	0	inf	0	0
166	0.00829959	0.0137218	72.8768	0.653311	-16.4281
167	0.00834958	0	inf	0	0
167	0.00834958	0	inf	0	0
168	0.00839958	0.0137218	72.8768	0.633629	-15.7829
169	0.00844958	0	inf	0	0
168	0.00839958	0	inf	0	0
169	0.00844958	0.0135768	73.6548	0.606808	-15.0441
170	0.00849958	0	inf	0	0
169	0.00844958	0	inf	0	0
170	0.00849958	0.0139634	71.6159	0.642832	-15.8631
171	0.00854957	0	inf	0	0
171	0.00854957	0	inf	0	0
172	0.00859957	0.0140117	71.369	0.629348	-15.3875
173	0.00864957	0	inf	0	0
172	0.00859957	0	inf	0	0
173	0.00864957	0.0140842	71.0017	0.628309	-15.2919
174	0.00869957	0	inf	0	0
174	0.00869957	0	inf	0	0
175	0.00874956	0.0142291	70.2784	0.626266	-15.1046
176	0.00879956	0	inf	0	0
175	0.00874956	0	inf	0	0
176	0.00879956	0.0137701	72.6211	0.564864	-13.5625
177	0.00884956	0	inf	0	0
177	0.00884956	0	inf	0	0
178	0.00889956	0.014519	68.8752	0.631431	-15.0264
179	0.00894955	0	inf	0	0
179	0.00894955	0	inf	0	0
180	0.00899955	0.0144465	69.2207	0.605251	-14.2771
181	0.00904955	0	inf	0	0
180	0.00899955	0	inf	0	0
181	0.00904955	0.0147606	67.748	0.631086	-14.8217
182	0.00909955	0	inf	0	0
182	0.00909955	0	inf	0	0
183	0.00914954	0.0142774	70.0406	0.560453	-13.0494
184	0.00919954	0	inf	0	0
184	0.00919954	0	inf	0	0
185	0.00924954	0.0150263	66.5498	0.62455	-14.418
186	0.00929954	0	inf	0	0
185	0.00924954	0	inf	0	0
186	0.00929954	0.0145432	68.7608	0.56386	-12.9619
187	0.00934953	0	inf	0	0
187	0.00934953	0	inf	0	0
188	0.00939953	0.0149539	66.8724	0.590916	-13.4702
189	0.00944953	0	inf	0	0
189	0.00944953	0	inf	0	0
190	0.00949953	0.0153645	65.0849	0.617401	-13.9574
191	0.00954952	0	inf	0	0
191	0.00954952	0	inf	0	0
192	0.00959952	0.015437	64.7793	0.608103	-13.6347
193	0.00964952	0	inf	0	0
193	0.00964952	0	inf	0	0
194	0.00969952	0.0150746	66.3365	0.554165	-12.3247
195	0.00974951	0	inf	0	0
195	0.00974951	0	inf	0	0
196	0.00979951	0.0156303	63.9784	0.595007	-13.127
197	0.00984951	0	inf	0	0
197	0.00984951	0	inf	0	0
198	0.00989951	0.0152921	65.3934	0.544731	-11.9226
199	0.0099495	0	inf	0	0
199	0.0099495	0	inf	0	0
200	0.0099995	0.016041	62.3404	0.604177	-13.1201
201	0.0100495	0	inf	0	0
201	0.0100495	0	inf	0	0
202	0.0100995	0.0161859	61.7821	0.602647	-12.9853
203	0.0101495	0	inf	0	0
203	0.0101495	0	inf	0	0
204	0.0101995	0.0163309	61.2337	0.601146	-12.8535
205	0.0102495	0	inf	0	0
205	0.0102495	0	inf	0	0
206	0.0102995	0.0159685	62.6233	0.550417	-11.6795
207	0.0103495	0	inf	0	0
207	0.0103495	0	inf	0	0
208	0.0103995	0.0166449	60.0784	0.600554	-12.6475
209	0.0104495	0	inf	0	0
209	0.0104495	0	inf	0	0
210	0.0104995	0.0166691	59.9913	0.587611	-12.2828
211	0.0105495	0	inf	0	0
211	0.0105495	0	inf	0	0
212	0.0105995	0.0166208	60.1657	0.568075	-11.7869
213	0.0106495	0	inf	0	0
214	0.0106995	0	inf	0	0
215	0.0107495	0.0168623	59.3037	0.568669	-11.6707
216	0.0107995	0	inf	0	0
216	0.0107995	0	inf	0	0
217	0.0108495	0.0170556	58.6317	0.572024	-11.6552
218	0.0108995	0	inf	0	0
218	0.0108995	0	inf	0	0
219	0.0109495	0.0173214	57.7322	0.581938	-11.7727
220	0.0109995	0	inf	0	0
221	0.0110494	0	inf	0	0
222	0.0110994	0.0176354	56.7041	0.588855	-11.7872
223	0.0111494	0	inf	0	0
223	0.0111494	0	inf	0	0
224	0.0111994	0.017273	57.8937	0.542312	-10.7801
225	0.0112494	0	inf	0	0
226	0.0112994	0	inf	0	0
227	0.0113494	0.0179253	55.7871	0.579401	-11.3989
228	0.0113994	0	inf	0	0
228	0.0113994	0	inf	0	0
229	0.0114494	0.0179736	55.6371	0.569827	-11.1345
230	0.0114994	0	inf	0	0
231	0.0115494	0	inf	0	0
232	0.0115994	0.0180461	55.4137	0.555776	-10.7508
233	0.0116494	0	inf	0	0
234	0.0116994	0	inf	0	0
235	0.0117494	0.0184568	54.1806	0.570868	-10.9333
236	0.0117994	0	inf	0	0
237	0.0118494	0	inf	0	0
238	0.0118994	0.0187467	53.3428	0.57543	-10.9129
239	0.0119494	0	inf	0	0
239	0.0119494	0	inf	0	0
240	0.0119994	0.0183843	54.3942	0.532102	-10.026
241	0.0120494	0	inf	0	0
242	0.0120994	0	inf	0	0
243	0.0121494	0.0188433	53.0692	0.550967	-10.2822
244	0.0121994	0	inf	0	0
245	0.0122494	0	inf	0	0
246	0.0122994	0.0193265	51.7425	0.571336	-10.5617
247	0.0123494	0	inf	0	0
249	0.0124494	0	inf	0	0
250	0.0124994	0.0195197	51.2302	0.561657	-10.2542
251	0.0125494	0	inf	0	0
252	0.0125994	0	inf	0	0
253	0.0126494	0.0193023	51.8073	0.525951	-9.51438
254	0.0126994	0	inf	0	0
255	0.0127494	0	inf	0	0
256	0.0127994	0.0199787	50.0532	0.560917	-10.0551
257	0.0128494	0	inf	0	0
258	0.0128994	0	inf	0	0
259	0.0129494	0.020172	49.5737	0.557762	-9.90923
260	0.0129994	0	inf	0	0
262	0.0130993	0	inf	0	0
263	0.0131493	0.0202928	49.2786	0.543256	-9.53836
264	0.0131993	0	inf	0	0
265	0.0132493	0	inf	0	0
266	0.0132993	0.020631	48.4707	0.551281	-9.59523
267	0.0133493	0	inf	0	0
269	0.0134493	0	inf	0	0
270	0.0134993	0.0206793	48.3575	0.531878	-9.15199
271	0.0135493	0	inf	0	0
272	0.0135993	0	inf	0	0
273	0.0136493	0.0207035	48.3011	0.516815	-8.8177
274	0.0136993	0	inf	0	0
276	0.0137993	0	inf	0	0
277	0.0138493	0.0214765	46.5624	0.55073	-9.29214
278	0.0138993	0	inf	0	0
280	0.0139993	0	inf	0	0
281	0.0140493	0.0213316	46.8788	0.518339	-8.65011
282	0.0140993	0	inf	0	0
284	0.0141993	0	inf	0	0
285	0.0142493	0.0219355	45.5881	0.539414	-8.90497
286	0.0142993	0	inf	0	0
288	0.0143993	0	inf	0	0
289	0.0144493	0.0221047	45.2393	0.52981	-8.65375
290	0.0144993	0	inf	0	0
293	0.0146493	0	inf	0	0
294	0.0146993	0.0223945	44.6537	0.523515	-8.43967
295	0.0147493	0	inf	0	0
297	0.0148493	0	inf	0	0
298	0.0148993	0.0223221	44.7987	0.498201	-7.94922
299	0.0149493	0	inf	0	0
302	0.0150992	0	inf	0	0
303	0.0151492	0.0230227	43.4355	0.519724	-8.18819
304	0.0151992	0	inf	0	0
306	0.0152992	0	inf	0	0
307	0.0153492	0.0233367	42.8509	0.520383	-8.11717
308	0.0153992	0	inf	0	0
311	0.0155492	0	inf	0	0
312	0.0155992	0.0237957	42.0244	0.525443	-8.09606
313	0.0156492	0	inf	0	0
316	0.0157992	0	inf	0	0
317	0.0158492	0.0240373	41.602	0.516625	-7.86468
318	0.0158992	0	inf	0	0
321	0.0160492	0	inf	0	0
322	0.0160992	0.0241581	41.394	0.500578	-7.5305
323	0.0161492	0	inf	0	0
326	0.0162992	0	inf	0	0
327	0.0163492	0.0243272	41.1063	0.487976	-7.25576
328	0.0163992	0	inf	0	0
332	0.0165992	0	inf	0	0
333	0.0166492	0.0251244	39.8019	0.509049	-7.46572
334	0.0166992	0	inf	0	0
337	0.0168492	0	inf	0	0
338	0.0168992	0.0251003	39.8402	0.485297	-7.03768
339	0.0169492	0	inf	0	0
343	0.0171491	0	inf	0	0
344	0.0171991	0.0256076	39.0509	0.488887	-6.99626
345	0.0172491	0	inf	0	0
349	0.0174491	0	inf	0	0
350	0.0174991	0.0261391	38.2569	0.493735	-6.9742
351	0.0175491	0	inf	0	0
356	0.0177991	0	inf	0	0
357	0.0178491	0.0266947	37.4606	0.495576	-6.8967
358	0.0178991	0	inf	0	0
362	0.0180991	0	inf	0	0
363	0.0181491	0.0270812	36.926	0.492153	-6.76386
364	0.0181991	0	inf	0	0
369	0.0184491	0	inf	0	0
370	0.0184991	0.0275885	36.2469	0.491347	-6.65674
371	0.0185491	0	inf	0	0
376	0.0187991	0	inf	0	0
377	0.0188491	0.0277093	36.0889	0.470064	-6.27966
378	0.0188991	0	inf	0	0
383	0.019149	0	inf	0	0
384	0.019199	0.0284582	35.1392	0.482274	-6.35475
385	0.019249	0	inf	0	0
391	0.019549	0	inf	0	0
392	0.019599	0.0289414	34.5526	0.476675	-6.18507
393	0.019649	0	inf	0	0
399	0.019949	0	inf	0	0
400	0.019999	0.0295937	33.791	0.479757	-6.13206
401	0.020049	0	inf	0	0
407	0.020349	0	inf	0	0
408	0.020399	0.0300768	33.2482	0.474428	-5.97529
409	0.020449	0	inf	0	0
415	0.020749	0	inf	0	0
416	0.020799	0.0307049	32.5681	0.476273	-5.91266
417	0.020849	0	inf	0	0
424	0.0211989	0	inf	0	0
425	0.0212489	0.030874	32.3897	0.452969	-5.53486
426	0.0212989	0	inf	0	0
433	0.0216489	0	inf	0	0
434	0.0216989	0.0315746	31.671	0.455125	-5.47567
435	0.0217489	0	inf	0	0
443	0.0221489	0	inf	0	0
444	0.0221989	0.0323477	30.9141	0.457176	-5.40864
445	0.0222489	0	inf	0	0
453	0.0226489	0	inf	0	0
454	0.0226989	0.0329516	30.3475	0.451686	-5.25674
455	0.0227489	0	inf	0	0
464	0.0231988	0	inf	0	0
465	0.0232488	0.0333382	29.9957	0.433971	-4.96248
466	0.0232988	0	inf	0	0
475	0.0237488	0	inf	0	0
476	0.0237988	0.0342562	29.1918	0.439407	-4.93922
477	0.0238488	0	inf	0	0
486	0.0242988	0	inf	0	0
487	0.0243488	0.034836	28.706	0.430707	-4.76117
488	0.0243988	0	inf	0	0
499	0.0249488	0	inf	0	0
500	0.0249988	0.0358506	27.8935	0.434096	-4.70725
501	0.0250487	0	inf	0	0
511	0.0255487	0	inf	0	0
512	0.0255987	0.036672	27.2688	0.432571	-4.61041
513	0.0256487	0	inf	0	0
525	0.0262487	0	inf	0	0
526	0.0262987	0.0374934	26.6714	0.425674	-4.4489
527	0.0263487	0	inf	0	0
539	0.0269487	0	inf	0	0
540	0.0269987	0.0382664	26.1326	0.417346	-4.27966
541	0.0270486	0	inf	0	0
554	0.0276986	0	inf	0	0
555	0.0277486	0.0394743	25.3329	0.422569	-4.24834
556	0.0277986	0	inf	0	0
570	0.0284986	0	inf	0	0
571	0.0285486	0.0403199	24.8017	0.412325	-4.06139
572	0.0285986	0	inf	0	0
587	0.0293485	0	inf	0	0
588	0.0293985	0.0412862	24.2212	0.404362	-3.89998
589	0.0294485	0	inf	0	0
605	0.0302485	0	inf	0	0
606	0.0302985	0.0424941	23.5327	0.402515	-3.79934
607	0.0303485	0	inf	0	0
624	0.0311984	0	inf	0	0
625	0.0312484	0.0438469	22.8066	0.403172	-3.72272
626	0.0312984	0	inf	0	0
644	0.0321984	0	inf	0	0
645	0.0322484	0.0449099	22.2668	0.392624	-3.54513
646	0.0322984	0	inf	0	0
665	0.0332483	0	inf	0	0
666	0.0332983	0.0463352	21.5819	0.391518	-3.45591
667	0.0333483	0	inf	0	0
688	0.0343983	0	inf	0	0
689	0.0344483	0.0475431	21.0335	0.380131	-3.27608
690	0.0344983	0	inf	0	0
713	0.0356482	0	inf	0	0
714	0.0356982	0.0492342	20.3111	0.379178	-3.18718
715	0.0357482	0	inf	0	0
739	0.0369482	0	inf	0	0
740	0.0369982	0.0510219	19.5994	0.379039	-3.10742
741	0.0370481	0	inf	0	0
768	0.0383981	0	inf	0	0
769	0.0384481	0.0523747	19.0932	0.36222	-2.89126
770	0.0384981	0	inf	0	0
799	0.039948	0	inf	0	0
800	0.039998	0.0543557	18.3973	0.358961	-2.78803
801	0.040048	0	inf	0	0
832	0.0415979	0	inf	0	0
833	0.0416479	0.0564575	17.7125	0.355589	-2.68616
834	0.0416979	0	inf	0	0
868	0.0433978	0	inf	0	0
869	0.0434478	0.0585351	17.0838	0.347249	-2.54842
870	0.0434978	0	inf	0	0
908	0.0453977	0	inf	0	0
909	0.0454477	0.0609992	16.3937	0.342183	-2.43568
910	0.0454977	0	inf	0	0
951	0.0475476	0	inf	0	0
952	0.0475976	0.0636566	15.7093	0.33739	-2.32789
953	0.0476476	0	inf	0	0
999	0.0499475	0	inf	0	0
1000	0.0499975	0.0664106	15.0578	0.328278	-2.19171
1001	0.0500475	0	inf	0	0
1051	0.0525474	0	inf	0	0
1052	0.0525974	0.0694304	14.4029	0.320035	-2.06602
1053	0.0526474	0	inf	0	0
1110	0.0554972	0	inf	0	0
1111	0.0555472	0.072885	13.7203	0.312126	-1.94398
1112	0.0555972	0	inf	0	0
1175	0.0587471	0	inf	0	0
1176	0.0587971	0.0767503	13.0293	0.305342	-1.83266
1177	0.0588471	0	inf	0	0
1249	0.0624469	0	inf	0	0
1250	0.0624969	0.0809779	12.349	0.295711	-1.70654
1251	0.0625469	0	inf	0	0
1332	0.0665967	0	inf	0	0
1333	0.0666467	0.0859303	11.6373	0.289342	-1.60298
1334	0.0666967	0	inf	0	0
1427	0.0713464	0	inf	0	0
1428	0.0713964	0.0914384	10.9363	0.280714	-1.48958
1429	0.0714464	0	inf	0	0
1537	0.0768462	0	inf	0	0
1538	0.0768962	0.0975745	10.2486	0.268913	-1.36323
1539	0.0769462	0	inf	0	0
1665	0.0832458	0	inf	0	0
1666	0.0832958	0.104822	9.53999	0.25843	-1.24833
1667	0.0833458	0	inf	0	0
1817	0.0908455	0	inf	0	0
1818	0.0908955	0.113374	8.82037	0.2473	-1.13455
1819	0.0909455	0	inf	0	0
1999	0.099945	0	inf	0	0
2000	0.099995	0.123544	8.09425	0.235507	-1.02282
2001	0.100045	0	inf	0	0
2221	0.111044	0	inf	0	0
2222	0.111094	0.135793	7.36417	0.222317	-0.910702
2223	0.111144	0	inf	0	0
2499	0.124944	0	inf	0	0
2500	0.124994	0.151133	6.61669	0.209125	-0.804562
2501	0.125044	0	inf	0	0
2856	0.142793	0	inf	0	0
2857	0.142843	0.170121	5.87816	0.190968	-0.687
2858	0.142893	0	inf	0	0
3332	0.166592	0	inf	0	0
3333	0.166642	0.19585	5.10596	0.175274	-0.586973
3334	0.166692	0	inf	0	0
3999	0.19994	0	inf	0	0
4000	0.19999	0.230879	4.33128	0.154452	-0.479841
4001	0.20004	0	inf	0	0
4999	0.249938	0	inf	0	0
5000	0.249988	0.282529	3.53946	0.130172	-0.375602
5001	0.250037	0	inf	0	0
6665	0.333233	0	inf	0	0
6666	0.333283	0.366623	2.7276	0.100035	-0.27317
6667	0.333333	0	inf	0	0
9999	0.499925	0	inf	0	0
10000	0.499975	0.530681	1.88437	0.0614146	-0.177201
10001	0.500025	0	inf	0	0
19999	0.9999	0	inf	0	0
20000	0.99995	1	1	5e-05	-1.00008
20001	1	0	inf	0	0
