0	0	0
0.00249377	0	0
0.00498753	0	1.00396e-95
0.0074813	0	8.53205e-64
0.00997506	0	5.74911e-48
0.0124688	0	2.0213e-38
0.0149626	0	8.08313e-32
0.0174564	0	1.87146e-27
0.0199501	0	4.17823e-24
0.0224439	0	2.36942e-21
0.0249377	0	2.46754e-19
0.0274314	0	1.88724e-17
0.0299252	0	5.06347e-16
0.032419	9.31323e-10	1.21323e-14
0.0349127	4.65661e-09	1.06793e-13
0.0374065	1.67638e-08	9.75704e-13
0.0399002	5.93718e-08	3.54071e-12
0.042394	1.63913e-07	2.51638e-11
0.0448878	4.32134e-07	9.35883e-11
0.0473815	9.51812e-07	2.86789e-10
0.0498753	1.90712e-06	8.60392e-10
0.0523691	3.81097e-06	2.58115e-09
0.0548628	7.24196e-06	7.69041e-09
0.0573566	1.18613e-05	2.18922e-08
0.0598504	1.81198e-05	5.7062e-08
0.0623441	3.05173e-05	6.96917e-08
0.0648379	4.76837e-05	1.96998e-07
0.0673317	6.19888e-05	5.22534e-07
0.0698254	0.000106812	6.1561e-07
0.0723192	0.000125885	1.56674e-06
0.074813	0.000208855	1.7486e-06
0.0773067	0.000244152	4.70419e-06
0.0798005	0.000365257	4.39083e-06
0.0822943	0.000482559	5.64063e-06
0.084788	0.000518799	1.40776e-05
0.0872818	0.000739098	1.59904e-05
0.0897756	0.000968933	1.69312e-05
0.0922693	0.0010066	4.23029e-05
0.0947631	0.00143433	3.9584e-05
0.0972569	0.00177002	4.9759e-05
0.0997506	0.00195312	5.08053e-05
0.102244	0.00213242	0.000126594
0.104738	0.00289536	0.000118719
0.107232	0.00341797	0.000149593
0.109726	0.00389814	0.0001524
0.112219	0.00390983	0.000381038
0.114713	0.00463486	0.000377275
0.117207	0.00584412	0.000355659
0.119701	0.00679779	0.000423548
0.122195	0.00762558	0.000456202
0.124688	0.0078125	0.000457247
0.127182	0.00791931	0.00114283
0.129676	0.00927734	0.00112336
0.13217	0.0112762	0.00107244
0.134663	0.012207	0.00129271
0.137157	0.0140991	0.0013437
0.139651	0.0153923	0.00137079
0.142145	0.015625	0.00137174
0.144638	0.0156355	0.00342935
0.147132	0.0166016	0.00342089
0.149626	0.0194702	0.00335335
0.15212	0.0224571	0.00324307
0.154613	0.0234947	0.0038865
0.157107	0.0268402	0.0038245
0.159601	0.0290527	0.00401547
0.162095	0.0307612	0.00410394
0.164589	0.0312462	0.00411523
0.167082	0.03125	0.0102881
0.169576	0.0313225	0.0102879
0.17207	0.032959	0.0102645
0.174564	0.0361176	0.0102034
0.177057	0.0392914	0.0100585
0.179551	0.0449219	0.009653
0.182045	0.046875	0.0116598
0.184539	0.0495605	0.011625
0.187032	0.0546494	0.0114314
0.189526	0.057312	0.012082
0.19202	0.0604248	0.0122447
0.194514	0.0620117	0.0123429
0.197007	0.0624924	0.0123457
0.199501	0.0625	0.0123457
0.201995	0.0625001	0.0308642
0.204489	0.0627437	0.0308633
0.206983	0.0644531	0.0308388
0.209476	0.0686035	0.0306826
0.21197	0.0740967	0.0305591
0.214464	0.078125	0.0301783
0.216958	0.0853882	0.0299467
0.219451	0.0917931	0.0289336
0.221945	0.09375	0.0288066
0.224439	0.0947227	0.034971
0.226933	0.10141	0.0347523
0.229426	0.108154	0.0343349
0.23192	0.109863	0.0363483
0.234414	0.116211	0.0361395
0.236908	0.119141	0.036783
0.239401	0.122543	0.0369495
0.241895	0.124264	0.0370276
0.244389	0.124939	0.0370366
0.246883	0.125	0.037037
0.249377	0.125	0.037037
0.25187	0.125	0.0925926
0.254364	0.125011	0.0925926
0.256858	0.12542	0.0925903
0.259352	0.126953	0.0925672
0.261845	0.130856	0.092491
0.264339	0.135681	0.0922791
0.266833	0.140625	0.0919067
0.269327	0.148438	0.0909922
0.27182	0.156181	0.0905355
0.274314	0.157654	0.0905065
0.276808	0.168945	0.0898149
0.279302	0.176758	0.0875287
0.281796	0.184998	0.0865437
0.284289	0.187496	0.0864198
0.286783	0.1875	0.104938
0.289277	0.189209	0.104915
0.291771	0.195313	0.10471
0.294264	0.203125	0.104252
0.296758	0.21228	0.103309
0.299252	0.218745	0.102881
0.301746	0.219482	0.109047
0.304239	0.226562	0.108825
0.306733	0.233978	0.108373
0.309227	0.235596	0.110413
0.311721	0.241699	0.110202
0.314214	0.24414	0.110857
0.316708	0.246582	0.111032
0.319202	0.248535	0.111083
0.321696	0.249527	0.111108
0.32419	0.249935	0.111111
0.326683	0.249997	0.111111
0.329177	0.25	0.111111
0.331671	0.25	0.111111
0.334165	0.25	0.277778
0.336658	0.25	0.277778
0.339152	0.250001	0.277778
0.341646	0.250037	0.277778
0.34414	0.250328	0.277776
0.346633	0.251213	0.277768
0.349127	0.253296	0.277715
0.351621	0.256317	0.277597
0.354115	0.259758	0.277524
0.356608	0.265594	0.277092
0.359102	0.269714	0.276789
0.361596	0.279053	0.275846
0.36409	0.28125	0.27572
0.366584	0.289062	0.275492
0.369077	0.297852	0.272943
0.371571	0.308685	0.271757
0.374065	0.312499	0.271605
0.376559	0.312592	0.271605
0.379052	0.319824	0.271373
0.381546	0.330017	0.268912
0.38404	0.343712	0.269547
0.386534	0.348511	0.263086
0.389027	0.359375	0.260631
0.391521	0.36721	0.259716
0.394015	0.373047	0.25931
0.396509	0.374938	0.25926
0.399002	0.375	0.259259
0.401496	0.375	0.314815
0.40399	0.375153	0.314814
0.406484	0.377167	0.314788
0.408978	0.382812	0.314586
0.411471	0.390617	0.314129
0.413965	0.398529	0.313214
0.416459	0.40625	0.312757
0.418953	0.412109	0.312503
0.421446	0.421997	0.310012
0.42394	0.432617	0.309015
0.426434	0.437374	0.308644
0.428928	0.4375	0.32716
0.431421	0.437988	0.327158
0.433915	0.443344	0.327059
0.436409	0.451172	0.326525
0.438903	0.456787	0.326397
0.441397	0.465088	0.325252
0.44389	0.46875	0.325103
0.446384	0.469234	0.331273
0.448878	0.474365	0.331173
0.451372	0.480164	0.33097
0.453865	0.484367	0.33059
0.456359	0.485199	0.332641
0.458853	0.48877	0.33256
0.461347	0.492187	0.332419
0.46384	0.493744	0.333085
0.466334	0.496093	0.333029
0.468828	0.49707	0.333249
0.471322	0.498131	0.333308
0.473815	0.499023	0.333325
0.476309	0.499512	0.333331
0.478803	0.499779	0.333332
0.481297	0.499938	0.333333
0.483791	0.499985	0.333333
0.486284	0.499998	0.333333
0.488778	0.5	0.333333
0.491272	0.5	0.333333
0.493766	0.5	0.333333
0.496259	0.5	0.333333
0.498753	0.5	0.333333
0.501247	0.5	0.833333
0.503741	0.5	0.833333
0.506234	0.5	0.833333
0.508728	0.5	0.833333
0.511222	0.5	0.833333
0.513716	0.500002	0.833333
0.516209	0.500015	0.833333
0.518703	0.500062	0.833333
0.521197	0.500219	0.833332
0.523691	0.500488	0.833331
0.526185	0.500977	0.833325
0.528678	0.501862	0.833308
0.531172	0.502929	0.833299
0.533666	0.503907	0.833257
0.53616	0.506226	0.833152
0.538653	0.507813	0.833105
0.541147	0.5112	0.833026
0.543641	0.514771	0.832663
0.546135	0.515632	0.832647
0.548628	0.519775	0.832347
0.551122	0.525574	0.831633
0.553616	0.530762	0.831281
0.55611	0.53125	0.831276
0.558603	0.534851	0.831198
0.561097	0.543152	0.830515
0.563591	0.548813	0.828507
0.566085	0.556641	0.827516
0.568579	0.562008	0.827175
0.571072	0.5625	0.82716
0.573566	0.562622	0.827159
0.57606	0.567322	0.826872
0.578554	0.577972	0.826474
0.581047	0.58783	0.824925
0.583541	0.59375	0.81893
0.586035	0.60144	0.818701
0.588529	0.609381	0.816187
0.591022	0.617188	0.815272
0.593516	0.622803	0.814941
0.59601	0.62484	0.814816
0.598504	0.625	0.814815
0.600998	0.625	0.814815
0.603491	0.625061	0.814814
0.605985	0.626953	0.814789
0.608479	0.632782	0.814586
0.610973	0.640625	0.814129
0.613466	0.651367	0.812672
0.61596	0.656281	0.806585
0.618454	0.669922	0.807931
0.620948	0.680115	0.808419
0.623441	0.687401	0.808642
0.625935	0.687501	0.790123
0.628429	0.691284	0.790047
0.630923	0.702087	0.789429
0.633416	0.710938	0.787837
0.63591	0.71875	0.788066
0.638404	0.720886	0.781793
0.640898	0.730225	0.78113
0.643392	0.734402	0.779149
0.645885	0.740234	0.778895
0.648379	0.743652	0.778207
0.650873	0.746674	0.777919
0.653367	0.748779	0.777819
0.65586	0.749664	0.777782
0.658354	0.749962	0.777778
0.660848	0.749999	0.777778
0.663342	0.75	0.777778
0.665835	0.75	0.777778
0.668329	0.75	0.944444
0.670823	0.75	0.944444
0.673317	0.750003	0.944444
0.67581	0.750064	0.944444
0.678304	0.750469	0.944442
0.680798	0.751463	0.944433
0.683292	0.75341	0.944382
0.685786	0.755859	0.944267
0.688279	0.758286	0.944213
0.690773	0.764343	0.9438
0.693267	0.765991	0.943755
0.695761	0.773438	0.942844
0.698254	0.780487	0.942403
0.700748	0.781254	0.942387
0.703242	0.787598	0.942147
0.705736	0.796875	0.941701
0.708229	0.804687	0.939415
0.710723	0.81076	0.938321
0.713217	0.8125	0.938272
0.715711	0.812504	0.938272
0.718204	0.814941	0.938184
0.720698	0.82312	0.937476
0.723192	0.830933	0.935647
0.725686	0.842285	0.936203
0.72818	0.843811	0.930041
0.730673	0.851562	0.929813
0.733167	0.859375	0.929355
0.735661	0.864258	0.927035
0.738155	0.869141	0.926282
0.740648	0.873047	0.926053
0.743142	0.874573	0.925931
0.745636	0.874989	0.925926
0.74813	0.875	0.925926
0.750623	0.875	0.981481
0.753117	0.875	0.981481
0.755611	0.875061	0.981481
0.758105	0.875732	0.981475
0.760599	0.877441	0.981445
0.763092	0.880857	0.98138
0.765586	0.883774	0.981244
0.76808	0.890121	0.98081
0.770574	0.891785	0.980763
0.773067	0.89856	0.97988
0.775561	0.905273	0.979441
0.778055	0.90625	0.979424
0.780549	0.908203	0.979322
0.783042	0.914551	0.978523
0.785536	0.921875	0.978738
0.78803	0.925873	0.976376
0.790524	0.931335	0.975739
0.793017	0.935547	0.975436
0.795511	0.937256	0.975311
0.798005	0.9375	0.975309
0.800499	0.9375	0.993827
0.802993	0.937508	0.993827
0.805486	0.937988	0.993824
0.80798	0.93956	0.993801
0.810474	0.942627	0.993722
0.812968	0.945343	0.993598
0.815461	0.950378	0.993262
0.817955	0.953125	0.993141
0.820449	0.955076	0.993116
0.822943	0.960693	0.992912
0.825436	0.963867	0.992142
0.82793	0.967026	0.991819
0.830424	0.968674	0.99177
0.832918	0.96875	0.99177
0.835411	0.968754	0.997942
0.837905	0.969238	0.99794
0.840399	0.970932	0.997916
0.842893	0.973145	0.997855
0.845387	0.976501	0.997714
0.84788	0.977539	0.99768
0.850374	0.980522	0.997409
0.852868	0.983398	0.997299
0.855362	0.984364	0.997257
0.857855	0.984375	0.999314
0.860349	0.984604	0.999313
0.862843	0.985886	0.999294
0.865337	0.987789	0.999252
0.86783	0.988708	0.999235
0.870324	0.990719	0.999133
0.872818	0.992077	0.999086
0.875312	0.992188	0.999771
0.877805	0.992371	0.999771
0.880299	0.993195	0.999763
0.882793	0.994154	0.999746
0.885287	0.995361	0.999708
0.887781	0.99609	0.999695
0.890274	0.996101	0.999924
0.892768	0.996582	0.999921
0.895262	0.997101	0.999915
0.897756	0.997864	0.9999
0.900249	0.998047	0.999975
0.902743	0.998228	0.999974
0.905237	0.998564	0.999972
0.907731	0.998993	0.999966
0.910224	0.999031	0.999992
0.912718	0.99926	0.999991
0.915212	0.999481	0.999989
0.917706	0.999517	0.999997
0.9202	0.999635	0.999997
0.922693	0.999756	0.999996
0.925187	0.99979	0.999999
0.927681	0.999874	0.999999
0.930175	0.999893	1
0.932668	0.999938	1
0.935162	0.999952	1
0.937656	0.999969	1
0.94015	0.999982	1
0.942643	0.999988	1
0.945137	0.999993	1
0.947631	0.999996	1
0.950125	0.999998	1
0.952618	0.999999	1
0.955112	1	1
0.957606	1	1
0.9601	1	1
0.962594	1	1
0.965087	1	1
0.967581	1	1
0.970075	1	1
0.972569	1	1
0.975062	1	1
0.977556	1	1
0.98005	1	1
0.982544	1	1
0.985037	1	1
0.987531	1	1
0.990025	1	1
0.992519	1	1
0.995012	1	1
0.997506	1	1
