# swapping terms 1 and 2
 2521	       1	8.90374e-10
 2520	       1	       0
 2520	       1	       0
 2520	0.999603	       0
 2519	0.999207	0.000793861
 2518	 0.99881	0.00119083
 2517	0.998413	0.00158781
 2516	0.998017	0.00198478
 2515	 0.99762	0.00238176
 2514	0.997223	0.00277874
 2513	0.996827	0.00317572
 2512	 0.99643	0.0035727
 2511	0.996033	0.00396969
 2510	0.995637	0.00436975
 2509	 0.99524	0.00476365
 2508	0.994843	0.00519427
 2507	0.994447	0.00555761
 2506	 0.99405	0.0059546
 2505	0.993653	0.00638407
 2504	0.993257	0.00676715
 2503	 0.99286	0.00714554
 2502	0.992463	0.00759915
 2501	0.992067	0.00793951
 2500	 0.99167	0.00833649
 2499	0.991273	0.0088006
 2498	0.990877	0.00920627
 2497	 0.99048	0.00952744
 2496	0.990083	0.0100459
 2495	0.989687	0.0104701
 2494	 0.98929	0.010784
 2493	0.988893	0.0111154
 2492	0.988497	0.0116935
 2491	  0.9881	0.0119093
 2490	0.987703	0.012383
 2489	0.987307	0.012893
 2488	 0.98691	0.013207
 2487	0.986513	0.013537
 2486	0.986117	0.0138942
 2485	 0.98572	0.0142912
 2484	0.985323	0.0147317
 2483	0.984927	0.0152103
 2482	 0.98453	0.015721
 2481	0.984133	0.0158792
 2480	0.983737	0.016482
 2479	 0.98334	0.0166731
 2478	0.982943	0.0173568
 2477	0.982547	0.0176143
 2476	 0.98215	0.0178641
 2475	0.981753	0.0186727
 2474	0.981357	0.0190077
 2473	 0.98096	0.0193583
 2472	0.980563	0.0197277
 2471	0.980167	0.020119
 2470	 0.97977	0.0205345
 2469	0.979373	0.0209752
 2468	0.978977	0.0214415
 2467	 0.97858	0.021933
 2466	0.978183	0.0224494
 2465	0.977787	0.0222309
 2464	 0.97739	0.0228236
 2463	0.976993	0.0234289
 2462	0.976597	0.0240509
 2461	  0.9762	0.0238188
 2460	0.975803	0.024538
 2459	0.975407	0.0252513
 2458	 0.97501	0.0250098
 2457	0.974613	0.025827
 2456	0.974217	0.0266238
 2455	 0.97382	0.0264302
 2454	0.973423	0.0273115
 2453	0.973027	0.0270772
 2452	 0.97263	0.0280497
 2451	0.972233	0.0277886
 2450	0.971837	0.0288487
 2449	 0.97144	0.0285826
 2448	0.971043	0.0297161
 2447	0.970647	0.0294666
 2446	 0.97025	0.0306562
 2445	0.969853	0.0304378
 2444	0.969457	0.031671
 2443	 0.96906	0.0314888
 2442	0.968663	0.032762
 2441	0.968267	0.0326146
 2440	 0.96787	0.0323728
 2439	0.967473	0.0338141
 2438	0.967077	0.0336382
 2437	 0.96668	0.0333464
 2436	0.966283	0.0349616
 2435	0.965887	0.0347692
 2434	 0.96549	0.036356
 2433	0.965093	0.0362228
 2432	0.964697	0.0360305
 2431	  0.9643	0.0357283
 2430	0.963903	0.0376122
 2429	0.963507	0.0374347
 2428	 0.96311	0.0371707
 2427	0.962713	0.0391394
 2426	0.962317	0.0389853
 2425	 0.96192	0.0387696
 2424	0.961523	0.040812
 2423	0.961127	0.0406837
 2422	 0.96073	0.0405141
 2421	0.960333	0.0402796
 2420	0.959937	0.0425349
 2419	 0.95954	0.0424037
 2418	0.959143	0.042234
 2417	0.958747	0.0420059
 2416	 0.95835	0.0416831
 2415	0.957953	0.0443246
 2414	0.957557	0.0441682
 2413	 0.95716	0.043966
 2412	0.956763	0.0436945
 2411	0.956367	0.0464655
 2410	 0.95597	0.0463302
 2409	0.955573	0.0461623
 2408	0.955177	0.0459485
 2407	 0.95478	0.045667
 2406	0.954383	0.0487321
 2405	0.953987	0.0485977
 2404	 0.95359	0.0484346
 2403	0.953193	0.0482325
 2402	0.952797	0.0479755
 2401	  0.9524	0.0476378
 2400	0.952003	0.0511639
 2399	0.951607	0.0510178
 2398	 0.95121	0.0508428
 2397	0.950813	0.050629
 2396	0.950417	0.0503622
 2395	 0.95002	0.0500197
 2394	0.949623	0.0539362
 2393	0.949226	0.0537928
 2392	 0.94883	0.0536244
 2391	0.948433	0.0534238
 2390	0.948036	0.0531811
 2389	 0.94764	0.0528811
 2388	0.947243	0.0571052
 2387	0.946846	0.0569754
 2386	 0.94645	0.0568268
 2385	0.946053	0.0566549
 2384	0.945656	0.056454
 2383	 0.94526	0.0562159
 2382	0.944863	0.0559292
 2381	0.944466	0.0555775
 2380	 0.94407	0.0604885
 2379	0.943673	0.060349
 2378	0.943276	0.0601912
 2377	 0.94288	0.0600111
 2376	0.942483	0.0598036
 2375	0.942086	0.0595621
 2374	 0.94169	0.0592774
 2373	0.941293	0.0589368
 2372	0.940896	0.0644289
 2371	  0.9405	0.0642942
 2370	0.940103	0.0641443
 2369	0.939706	0.0639766
 2368	 0.93931	0.0637878
 2367	0.938913	0.0635734
 2366	0.938516	0.0633279
 2365	 0.93812	0.0630442
 2364	0.937723	0.0627125
 2363	0.937326	0.0689117
 2362	 0.93693	0.0687806
 2361	0.936533	0.068637
 2360	0.936136	0.0684791
 2359	 0.93574	0.0683045
 2358	0.935343	0.0681106
 2357	0.934946	0.0678938
 2356	 0.93455	0.0676499
 2355	0.934153	0.0673735
 2354	0.933756	0.0670575
 2353	 0.93336	0.066693
 2352	0.932963	0.0739557
 2351	0.932566	0.0738191
 2350	 0.93217	0.0736712
 2349	0.931773	0.0735104
 2348	0.931376	0.0733351
 2347	 0.93098	0.0731432
 2346	0.930583	0.0729321
 2345	0.930186	0.0726989
 2344	 0.92979	0.0724399
 2343	0.929393	0.0721506
 2342	0.928996	0.0718252
 2341	  0.9286	0.0714568
 2340	0.928203	0.079881
 2339	0.927806	0.0797444
 2338	 0.92741	0.0795983
 2337	0.927013	0.0794416
 2336	0.926616	0.0792731
 2335	 0.92622	0.0790914
 2334	0.925823	0.0788949
 2333	0.925426	0.0786817
 2332	 0.92503	0.0784496
 2331	0.924633	0.078196
 2330	0.924236	0.0779177
 2329	 0.92384	0.0776109
 2328	0.923443	0.077271
 2327	0.923046	0.0869468
 2326	 0.92265	0.086816
 2325	0.922253	0.0866777
 2324	0.921856	0.0865314
 2323	 0.92146	0.0863762
 2322	0.921063	0.0862114
 2321	0.920666	0.0860359
 2320	 0.92027	0.0858488
 2319	0.919873	0.0856488
 2318	0.919476	0.0854346
 2317	 0.91908	0.0852046
 2316	0.918683	0.0849569
 2315	0.918286	0.0846895
 2314	 0.91789	0.0843999
 2313	0.917493	0.0840852
 2312	0.917096	0.083742
 2311	  0.9167	0.0833663
 2310	0.916303	0.0951169
 2309	0.915906	0.0949787
 2308	 0.91551	0.0948339
 2307	0.915113	0.0946819
 2306	0.914716	0.0945223
 2305	 0.91432	0.0943544
 2304	0.913923	0.0941776
 2303	0.913526	0.0939912
 2302	 0.91313	0.0937943
 2301	0.912733	0.093586
 2300	0.912336	0.0933654
 2299	 0.91194	0.0931312
 2298	0.911543	0.0928822
 2297	0.911146	0.092617
 2296	 0.91075	0.0923339
 2295	0.910353	0.092031
 2294	0.909956	0.0917062
 2293	 0.90956	0.0913571
 2292	0.909163	0.0909807
 2291	0.908766	0.105153
 2290	 0.90837	0.105013
 2289	0.907973	0.104868
 2288	0.907576	0.104717
 2287	 0.90718	 0.10456
 2286	0.906783	0.104397
 2285	0.906386	0.104227
 2284	 0.90599	0.104049
 2283	0.905593	0.103864
 2282	0.905196	 0.10367
 2281	  0.9048	0.103468
 2280	0.904403	0.103256
 2279	0.904006	0.103034
 2278	 0.90361	0.102801
 2277	0.903213	0.102556
 2276	0.902816	0.102298
 2275	 0.90242	0.102027
 2274	0.902023	0.101741
 2273	0.901626	0.101439
 2272	 0.90123	 0.10112
 2271	0.900833	0.100781
 2270	0.900436	0.100422
 2269	 0.90004	 0.10004
 2268	0.899643	0.117522
 2267	0.899246	0.117379
 2266	 0.89885	0.117231
 2265	0.898453	0.117079
 2264	0.898056	0.116922
 2263	 0.89766	 0.11676
 2262	0.897263	0.116593
 2261	0.896866	 0.11642
 2260	 0.89647	0.116242
 2259	0.896073	0.116057
 2258	0.895676	0.115866
 2257	 0.89528	0.115667
 2256	0.894883	0.115462
 2255	0.894486	0.115249
 2254	 0.89409	0.115028
 2253	0.893693	0.114799
 2252	0.893296	0.114561
 2251	  0.8929	0.114313
 2250	0.892503	0.114055
 2249	0.892106	0.113786
 2248	 0.89171	0.113506
 2247	0.891313	0.113214
 2246	0.890916	0.112909
 2245	 0.89052	 0.11259
 2244	0.890123	0.112256
 2243	0.889726	0.111907
 2242	 0.88933	 0.11154
 2241	0.888933	0.111155
 2240	0.888536	0.133205
 2239	 0.88814	0.133058
 2238	0.887743	0.132907
 2237	0.887346	0.132752
 2236	 0.88695	0.132594
 2235	0.886553	0.132432
 2234	0.886156	0.132266
 2233	 0.88576	0.132095
 2232	0.885363	0.131921
 2231	0.884966	0.131741
 2230	 0.88457	0.131557
 2229	0.884173	0.131369
 2228	0.883776	0.131175
 2227	 0.88338	0.130976
 2226	0.882983	0.130771
 2225	0.882586	0.130561
 2224	 0.88219	0.130345
 2223	0.881793	0.130123
 2222	0.881396	0.129894
 2221	   0.881	0.129658
 2220	0.880603	0.129415
 2219	0.880206	0.129165
 2218	 0.87981	0.128908
 2217	0.879413	0.128642
 2216	0.879016	0.128367
 2215	 0.87862	0.128084
 2214	0.878223	0.127791
 2213	0.877826	0.127489
 2212	 0.87743	0.127176
 2211	0.877033	0.126852
 2210	0.876636	0.126517
 2209	 0.87624	 0.12617
 2208	0.875843	 0.12581
 2207	0.875446	0.125437
 2206	 0.87505	0.125049
 2205	0.874653	0.153714
 2204	0.874256	 0.15356
 2203	 0.87386	0.153403
 2202	0.873463	0.153244
 2201	0.873066	0.153082
 2200	 0.87267	0.152917
 2199	0.872273	0.152749
 2198	0.871876	0.152578
 2197	 0.87148	0.152404
 2196	0.871083	0.152226
 2195	0.870686	0.152045
 2194	 0.87029	0.151861
 2193	0.869893	0.151673
 2192	0.869496	0.151482
 2191	  0.8691	0.151286
 2190	0.868703	0.151087
 2189	0.868306	0.150884
 2188	 0.86791	0.150677
 2187	0.867513	0.150466
 2186	0.867116	 0.15025
 2185	 0.86672	 0.15003
 2184	0.866323	0.149805
 2183	0.865926	0.149575
 2182	 0.86553	0.149341
 2181	0.865133	0.149101
 2180	0.864736	0.148856
 2179	 0.86434	0.148606
 2178	0.863943	 0.14835
 2177	0.863546	0.148088
 2176	 0.86315	 0.14782
 2175	0.862753	0.147546
 2174	0.862356	0.147266
 2173	 0.86196	0.146979
 2172	0.861563	0.146685
 2171	0.861166	0.146384
 2170	 0.86077	0.146075
 2169	0.860373	0.145759
 2168	0.859976	0.145435
 2167	 0.85958	0.145102
 2166	0.859183	0.144761
 2165	0.858786	0.144411
 2164	 0.85839	0.144052
 2163	0.857993	0.143683
 2162	0.857596	0.143303
 2161	  0.8572	0.142914
 2160	0.856803	 0.18168
 2159	0.856406	0.181516
 2158	 0.85601	0.181351
 2157	0.855613	0.181184
 2156	0.855216	0.181014
 2155	 0.85482	0.180843
 2154	0.854423	0.180669
 2153	0.854026	0.180493
 2152	 0.85363	0.180315
 2151	0.853233	0.180134
 2150	0.852836	0.179951
 2149	 0.85244	0.179766
 2148	0.852043	0.179578
 2147	0.851646	0.179388
 2146	 0.85125	0.179196
 2145	0.850853	   0.179
 2144	0.850456	0.178802
 2143	 0.85006	0.178602
 2142	0.849663	0.178398
 2141	0.849266	0.178192
 2140	0.848869	0.177983
 2139	0.848473	0.177771
 2138	0.848076	0.177556
 2137	0.847679	0.177338
 2136	0.847283	0.177117
 2135	0.846886	0.176893
 2134	0.846489	0.176666
 2133	0.846093	0.176435
 2132	0.845696	0.176201
 2131	0.845299	0.175963
 2130	0.844903	0.175722
 2129	0.844506	0.175477
 2128	0.844109	0.175228
 2127	0.843713	0.174976
 2126	0.843316	 0.17472
 2125	0.842919	 0.17446
 2124	0.842523	0.174196
 2123	0.842126	0.173927
 2122	0.841729	0.173655
 2121	0.841333	0.173378
 2120	0.840936	0.173096
 2119	0.840539	 0.17281
 2118	0.840143	 0.17252
 2117	0.839746	0.172224
 2116	0.839349	0.171924
 2115	0.838953	0.171618
 2114	0.838556	0.171308
 2113	0.838159	0.170992
 2112	0.837763	 0.17067
 2111	0.837366	0.170344
 2110	0.836969	0.170011
 2109	0.836573	0.169672
 2108	0.836176	0.169328
 2107	0.835779	0.168977
 2106	0.835383	 0.16862
 2105	0.834986	0.168256
 2104	0.834589	0.167886
 2103	0.834193	0.167509
 2102	0.833796	0.167124
 2101	0.833399	0.166733
 2100	0.833003	0.222075
 2099	0.832606	0.221897
 2098	0.832209	0.221717
 2097	0.831813	0.221536
 2096	0.831416	0.221353
 2095	0.831019	0.221169
 2094	0.830623	0.220984
 2093	0.830226	0.220797
 2092	0.829829	0.220608
 2091	0.829433	0.220418
 2090	0.829036	0.220227
 2089	0.828639	0.220033
 2088	0.828243	0.219838
 2087	0.827846	0.219642
 2086	0.827449	0.219444
 2085	0.827053	0.219244
 2084	0.826656	0.219042
 2083	0.826259	0.218839
 2082	0.825863	0.218634
 2081	0.825466	0.218427
 2080	0.825069	0.218219
 2079	0.824673	0.218008
 2078	0.824276	0.217796
 2077	0.823879	0.217582
 2076	0.823483	0.217366
 2075	0.823086	0.217148
 2074	0.822689	0.216928
 2073	0.822293	0.216706
 2072	0.821896	0.216483
 2071	0.821499	0.216257
 2070	0.821103	0.216029
 2069	0.820706	0.215799
 2068	0.820309	0.215567
 2067	0.819913	0.215333
 2066	0.819516	0.215097
 2065	0.819119	0.214858
 2064	0.818723	0.214618
 2063	0.818326	0.214375
 2062	0.817929	0.214129
 2061	0.817533	0.213882
 2060	0.817136	0.213632
 2059	0.816739	 0.21338
 2058	0.816343	0.213125
 2057	0.815946	0.212868
 2056	0.815549	0.212609
 2055	0.815153	0.212346
 2054	0.814756	0.212082
 2053	0.814359	0.211815
 2052	0.813963	0.211545
 2051	0.813566	0.211272
 2050	0.813169	0.210997
 2049	0.812773	0.210719
 2048	0.812376	0.210438
 2047	0.811979	0.210155
 2046	0.811583	0.209868
 2045	0.811186	0.209579
 2044	0.810789	0.209286
 2043	0.810393	0.208991
 2042	0.809996	0.208693
 2041	0.809599	0.208391
 2040	0.809203	0.208086
 2039	0.808806	0.207779
 2038	0.808409	0.207467
 2037	0.808013	0.207153
 2036	0.807616	0.206835
 2035	0.807219	0.206514
 2034	0.806823	0.206189
 2033	0.806426	0.205861
 2032	0.806029	0.205529
 2031	0.805633	0.205194
 2030	0.805236	0.204855
 2029	0.804839	0.204512
 2028	0.804443	0.204165
 2027	0.804046	0.203815
 2026	0.803649	 0.20346
 2025	0.803253	0.203101
 2024	0.802856	0.202739
 2023	0.802459	0.202372
 2022	0.802063	0.202001
 2021	0.801666	0.201625
 2020	0.801269	0.201246
 2019	0.800873	0.200861
 2018	0.800476	0.200473
 2017	0.800079	0.200079
 2016	0.799683	0.285552
 2015	0.799286	0.285349
 2014	0.798889	0.285144
 2013	0.798493	0.284939
 2012	0.798096	0.284732
 2011	0.797699	0.284525
 2010	0.797303	0.284317
 2009	0.796906	0.284107
 2008	0.796509	0.283897
 2007	0.796113	0.283686
 2006	0.795716	0.283474
 2005	0.795319	0.283261
 2004	0.794923	0.283046
 2003	0.794526	0.282831
 2002	0.794129	0.282615
 2001	0.793733	0.282398
 2000	0.793336	 0.28218
 1999	0.792939	 0.28196
 1998	0.792543	 0.28174
 1997	0.792146	0.281519
 1996	0.791749	0.281296
 1995	0.791353	0.281073
 1994	0.790956	0.280849
 1993	0.790559	0.280623
 1992	0.790163	0.280396
 1991	0.789766	0.280169
 1990	0.789369	 0.27994
 1989	0.788973	 0.27971
 1988	0.788576	0.279479
 1987	0.788179	0.279246
 1986	0.787783	0.279013
 1985	0.787386	0.278779
 1984	0.786989	0.278543
 1983	0.786593	0.278306
 1982	0.786196	0.278068
 1981	0.785799	0.277829
 1980	0.785403	0.277589
 1979	0.785006	0.277347
 1978	0.784609	0.277105
 1977	0.784213	0.276861
 1976	0.783816	0.276616
 1975	0.783419	0.276369
 1974	0.783023	0.276122
 1973	0.782626	0.275873
 1972	0.782229	0.275623
 1971	0.781833	0.275371
 1970	0.781436	0.275119
 1969	0.781039	0.274865
 1968	0.780643	 0.27461
 1967	0.780246	0.274353
 1966	0.779849	0.274095
 1965	0.779453	0.273836
 1964	0.779056	0.273576
 1963	0.778659	0.273314
 1962	0.778263	0.273051
 1961	0.777866	0.272786
 1960	0.777469	 0.27252
 1959	0.777073	0.272253
 1958	0.776676	0.271984
 1957	0.776279	0.271714
 1956	0.775883	0.271443
 1955	0.775486	 0.27117
 1954	0.775089	0.270895
 1953	0.774693	0.270619
 1952	0.774296	0.270342
 1951	0.773899	0.270063
 1950	0.773503	0.269783
 1949	0.773106	0.269501
 1948	0.772709	0.269218
 1947	0.772313	0.268933
 1946	0.771916	0.268647
 1945	0.771519	0.268359
 1944	0.771123	0.268069
 1943	0.770726	0.267778
 1942	0.770329	0.267485
 1941	0.769933	0.267191
 1940	0.769536	0.266895
 1939	0.769139	0.266598
 1938	0.768743	0.266299
 1937	0.768346	0.265998
 1936	0.767949	0.265695
 1935	0.767553	0.265391
 1934	0.767156	0.265085
 1933	0.766759	0.264778
 1932	0.766363	0.264469
 1931	0.765966	0.264158
 1930	0.765569	0.263845
 1929	0.765173	 0.26353
 1928	0.764776	0.263214
 1927	0.764379	0.262896
 1926	0.763983	0.262576
 1925	0.763586	0.262254
 1924	0.763189	 0.26193
 1923	0.762793	0.261605
 1922	0.762396	0.261278
 1921	0.761999	0.260948
 1920	0.761603	0.260617
 1919	0.761206	0.260284
 1918	0.760809	0.259949
 1917	0.760413	0.259612
 1916	0.760016	0.259273
 1915	0.759619	0.258932
 1914	0.759223	0.258589
 1913	0.758826	0.258244
 1912	0.758429	0.257897
 1911	0.758033	0.257548
 1910	0.757636	0.257196
 1909	0.757239	0.256843
 1908	0.756843	0.256487
 1907	0.756446	 0.25613
 1906	0.756049	 0.25577
 1905	0.755653	0.255408
 1904	0.755256	0.255044
 1903	0.754859	0.254677
 1902	0.754463	0.254309
 1901	0.754066	0.253938
 1900	0.753669	0.253565
 1899	0.753273	0.253189
 1898	0.752876	0.252811
 1897	0.752479	0.252431
 1896	0.752083	0.252048
 1895	0.751686	0.251663
 1894	0.751289	0.251276
 1893	0.750893	0.250886
 1892	0.750496	0.250494
 1891	0.750099	0.250099
 1890	0.749702	0.399809
 1889	0.749306	0.399555
 1888	0.748909	  0.3993
 1887	0.748512	0.399045
 1886	0.748116	0.398789
 1885	0.747719	0.398532
 1884	0.747322	0.398275
 1883	0.746926	0.398018
 1882	0.746529	 0.39776
 1881	0.746132	0.397502
 1880	0.745736	0.397243
 1879	0.745339	0.396983
 1878	0.744942	0.396723
 1877	0.744546	0.396463
 1876	0.744149	0.396202
 1875	0.743752	0.395941
 1874	0.743356	0.395679
 1873	0.742959	0.395416
 1872	0.742562	0.395153
 1871	0.742166	 0.39489
 1870	0.741769	0.394626
 1869	0.741372	0.394362
 1868	0.740976	0.394097
 1867	0.740579	0.393831
 1866	0.740182	0.393565
 1865	0.739786	0.393299
 1864	0.739389	0.393032
 1863	0.738992	0.392764
 1862	0.738596	0.392496
 1861	0.738199	0.392227
 1860	0.737802	0.391958
 1859	0.737406	0.391688
 1858	0.737009	0.391418
 1857	0.736612	0.391148
 1856	0.736216	0.390876
 1855	0.735819	0.390604
 1854	0.735422	0.390332
 1853	0.735026	0.390059
 1852	0.734629	0.389786
 1851	0.734232	0.389512
 1850	0.733836	0.389237
 1849	0.733439	0.388962
 1848	0.733042	0.388687
 1847	0.732646	0.388411
 1846	0.732249	0.388134
 1845	0.731852	0.387857
 1844	0.731456	0.387579
 1843	0.731059	0.387301
 1842	0.730662	0.387022
 1841	0.730266	0.386742
 1840	0.729869	0.386462
 1839	0.729472	0.386182
 1838	0.729076	  0.3859
 1837	0.728679	0.385619
 1836	0.728282	0.385336
 1835	0.727886	0.385054
 1834	0.727489	 0.38477
 1833	0.727092	0.384486
 1832	0.726696	0.384202
 1831	0.726299	0.383917
 1830	0.725902	0.383631
 1829	0.725506	0.383345
 1828	0.725109	0.383058
 1827	0.724712	 0.38277
 1826	0.724316	0.382482
 1825	0.723919	0.382194
 1824	0.723522	0.381904
 1823	0.723126	0.381615
 1822	0.722729	0.381324
 1821	0.722332	0.381033
 1820	0.721936	0.380742
 1819	0.721539	 0.38045
 1818	0.721142	0.380157
 1817	0.720746	0.379863
 1816	0.720349	 0.37957
 1815	0.719952	0.379275
 1814	0.719556	 0.37898
 1813	0.719159	0.378684
 1812	0.718762	0.378388
 1811	0.718366	0.378091
 1810	0.717969	0.377793
 1809	0.717572	0.377495
 1808	0.717176	0.377196
 1807	0.716779	0.376897
 1806	0.716382	0.376596
 1805	0.715986	0.376296
 1804	0.715589	0.375994
 1803	0.715192	0.375693
 1802	0.714796	 0.37539
 1801	0.714399	0.375087
 1800	0.714002	0.374783
 1799	0.713606	0.374478
 1798	0.713209	0.374173
 1797	0.712812	0.373868
 1796	0.712416	0.373561
 1795	0.712019	0.373254
 1794	0.711622	0.372947
 1793	0.711226	0.372638
 1792	0.710829	0.372329
 1791	0.710432	 0.37202
 1790	0.710036	0.371709
 1789	0.709639	0.371398
 1788	0.709242	0.371087
 1787	0.708846	0.370775
 1786	0.708449	0.370462
 1785	0.708052	0.370148
 1784	0.707656	0.369834
 1783	0.707259	0.369519
 1782	0.706862	0.369204
 1781	0.706466	0.368887
 1780	0.706069	 0.36857
 1779	0.705672	0.368253
 1778	0.705276	0.367935
 1777	0.704879	0.367616
 1776	0.704482	0.367296
 1775	0.704086	0.366976
 1774	0.703689	0.366655
 1773	0.703292	0.366333
 1772	0.702896	0.366011
 1771	0.702499	0.365688
 1770	0.702102	0.365364
 1769	0.701706	0.365039
 1768	0.701309	0.364714
 1767	0.700912	0.364388
 1766	0.700516	0.364062
 1765	0.700119	0.363735
 1764	0.699722	0.363407
 1763	0.699326	0.363078
 1762	0.698929	0.362749
 1761	0.698532	0.362419
 1760	0.698136	0.362088
 1759	0.697739	0.361756
 1758	0.697342	0.361424
 1757	0.696946	0.361091
 1756	0.696549	0.360757
 1755	0.696152	0.360423
 1754	0.695756	0.360088
 1753	0.695359	0.359752
 1752	0.694962	0.359415
 1751	0.694566	0.359078
 1750	0.694169	0.358739
 1749	0.693772	0.358401
 1748	0.693376	0.358061
 1747	0.692979	0.357721
 1746	0.692582	0.357379
 1745	0.692186	0.357038
 1744	0.691789	0.356695
 1743	0.691392	0.356352
 1742	0.690996	0.356007
 1741	0.690599	0.355662
 1740	0.690202	0.355317
 1739	0.689806	 0.35497
 1738	0.689409	0.354623
 1737	0.689012	0.354275
 1736	0.688616	0.353926
 1735	0.688219	0.353577
 1734	0.687822	0.353226
 1733	0.687426	0.352875
 1732	0.687029	0.352523
 1731	0.686632	0.352171
 1730	0.686236	0.351817
 1729	0.685839	0.351463
 1728	0.685442	0.351108
 1727	0.685046	0.350752
 1726	0.684649	0.350395
 1725	0.684252	0.350038
 1724	0.683856	0.349679
 1723	0.683459	 0.34932
 1722	0.683062	 0.34896
 1721	0.682666	  0.3486
 1720	0.682269	0.348238
 1719	0.681872	0.347876
 1718	0.681476	0.347512
 1717	0.681079	0.347148
 1716	0.680682	0.346783
 1715	0.680286	0.346418
 1714	0.679889	0.346051
 1713	0.679492	0.345684
 1712	0.679096	0.345315
 1711	0.678699	0.344946
 1710	0.678302	0.344576
 1709	0.677906	0.344206
 1708	0.677509	0.343834
 1707	0.677112	0.343462
 1706	0.676716	0.343088
 1705	0.676319	0.342714
 1704	0.675922	0.342339
 1703	0.675526	0.341963
 1702	0.675129	0.341586
 1701	0.674732	0.341208
 1700	0.674336	 0.34083
 1699	0.673939	 0.34045
 1698	0.673542	 0.34007
 1697	0.673146	0.339689
 1696	0.672749	0.339307
 1695	0.672352	0.338924
 1694	0.671956	 0.33854
 1693	0.671559	0.338155
 1692	0.671162	0.337769
 1691	0.670766	0.337382
 1690	0.670369	0.336995
 1689	0.669972	0.336606
 1688	0.669576	0.336217
 1687	0.669179	0.335827
 1686	0.668782	0.335436
 1685	0.668386	0.335043
 1684	0.667989	 0.33465
 1683	0.667592	0.334256
 1682	0.667196	0.333861
 1681	0.666799	0.333466
 1680	0.666402	0.666402
 1679	0.666006	0.666006
 1678	0.665609	0.665609
 1677	0.665212	0.665212
 1676	0.664816	0.664816
 1675	0.664419	0.664419
 1674	0.664022	0.664022
 1673	0.663626	0.663626
 1672	0.663229	0.663229
 1671	0.662832	0.662832
 1670	0.662436	0.662436
 1669	0.662039	0.662039
 1668	0.661642	0.661642
 1667	0.661246	0.661246
 1666	0.660849	0.660849
 1665	0.660452	0.660452
 1664	0.660056	0.660056
 1663	0.659659	0.659659
 1662	0.659262	0.659262
 1661	0.658866	0.658866
 1660	0.658469	0.658469
 1659	0.658072	0.658072
 1658	0.657676	0.657676
 1657	0.657279	0.657279
 1656	0.656882	0.656882
 1655	0.656486	0.656486
 1654	0.656089	0.656089
 1653	0.655692	0.655692
 1652	0.655296	0.655296
 1651	0.654899	0.654899
 1650	0.654502	0.654502
 1649	0.654106	0.654106
 1648	0.653709	0.653709
 1647	0.653312	0.653312
 1646	0.652916	0.652916
 1645	0.652519	0.652519
 1644	0.652122	0.652122
 1643	0.651726	0.651726
 1642	0.651329	0.651329
 1641	0.650932	0.650932
 1640	0.650536	0.650536
 1639	0.650139	0.650139
 1638	0.649742	0.649742
 1637	0.649345	0.649345
 1636	0.648949	0.648949
 1635	0.648552	0.648552
 1634	0.648155	0.648155
 1633	0.647759	0.647759
 1632	0.647362	0.647362
 1631	0.646965	0.646965
 1630	0.646569	0.646569
 1629	0.646172	0.646172
 1628	0.645775	0.645775
 1627	0.645379	0.645379
 1626	0.644982	0.644982
 1625	0.644585	0.644585
 1624	0.644189	0.644189
 1623	0.643792	0.643792
 1622	0.643395	0.643395
 1621	0.642999	0.642999
 1620	0.642602	0.642602
 1619	0.642205	0.642205
 1618	0.641809	0.641809
 1617	0.641412	0.641412
 1616	0.641015	0.641015
 1615	0.640619	0.640619
 1614	0.640222	0.640222
 1613	0.639825	0.639825
 1612	0.639429	0.639429
 1611	0.639032	0.639032
 1610	0.638635	0.638635
 1609	0.638239	0.638239
 1608	0.637842	0.637842
 1607	0.637445	0.637445
 1606	0.637049	0.637049
 1605	0.636652	0.636652
 1604	0.636255	0.636255
 1603	0.635859	0.635859
 1602	0.635462	0.635462
 1601	0.635065	0.635065
 1600	0.634669	0.634669
 1599	0.634272	0.634272
 1598	0.633875	0.633875
 1597	0.633479	0.633479
 1596	0.633082	0.633082
 1595	0.632685	0.632685
 1594	0.632289	0.632289
 1593	0.631892	0.631892
 1592	0.631495	0.631495
 1591	0.631099	0.631099
 1590	0.630702	0.630702
 1589	0.630305	0.630305
 1588	0.629909	0.629909
 1587	0.629512	0.629512
 1586	0.629115	0.629115
 1585	0.628719	0.628719
 1584	0.628322	0.628322
 1583	0.627925	0.627925
 1582	0.627529	0.627529
 1581	0.627132	0.627132
 1580	0.626735	0.626735
 1579	0.626339	0.626339
 1578	0.625942	0.625942
 1577	0.625545	0.625545
 1576	0.625149	0.625149
 1575	0.624752	0.624752
 1574	0.624355	0.624355
 1573	0.623959	0.623959
 1572	0.623562	0.623562
 1571	0.623165	0.623165
 1570	0.622769	0.622769
 1569	0.622372	0.622372
 1568	0.621975	0.621975
 1567	0.621579	0.621579
 1566	0.621182	0.621182
 1565	0.620785	0.620785
 1564	0.620389	0.620389
 1563	0.619992	0.619992
 1562	0.619595	0.619595
 1561	0.619199	0.619199
 1560	0.618802	0.618802
 1559	0.618405	0.618405
 1558	0.618009	0.618009
 1557	0.617612	0.617612
 1556	0.617215	0.617215
 1555	0.616819	0.616819
 1554	0.616422	0.616422
 1553	0.616025	0.616025
 1552	0.615629	0.615629
 1551	0.615232	0.615232
 1550	0.614835	0.614835
 1549	0.614439	0.614439
 1548	0.614042	0.614042
 1547	0.613645	0.613645
 1546	0.613249	0.613249
 1545	0.612852	0.612852
 1544	0.612455	0.612455
 1543	0.612059	0.612059
 1542	0.611662	0.611662
 1541	0.611265	0.611265
 1540	0.610869	0.610869
 1539	0.610472	0.610472
 1538	0.610075	0.610075
 1537	0.609679	0.609679
 1536	0.609282	0.609282
 1535	0.608885	0.608885
 1534	0.608489	0.608489
 1533	0.608092	0.608092
 1532	0.607695	0.607695
 1531	0.607299	0.607299
 1530	0.606902	0.606902
 1529	0.606505	0.606505
 1528	0.606109	0.606109
 1527	0.605712	0.605712
 1526	0.605315	0.605315
 1525	0.604919	0.604919
 1524	0.604522	0.604522
 1523	0.604125	0.604125
 1522	0.603729	0.603729
 1521	0.603332	0.603332
 1520	0.602935	0.602935
 1519	0.602539	0.602539
 1518	0.602142	0.602142
 1517	0.601745	0.601745
 1516	0.601349	0.601349
 1515	0.600952	0.600952
 1514	0.600555	0.600555
 1513	0.600159	0.600159
 1512	0.599762	0.599762
 1511	0.599365	0.599365
 1510	0.598969	0.598969
 1509	0.598572	0.598572
 1508	0.598175	0.598175
 1507	0.597779	0.597779
 1506	0.597382	0.597382
 1505	0.596985	0.596985
 1504	0.596589	0.596589
 1503	0.596192	0.596192
 1502	0.595795	0.595795
 1501	0.595399	0.595399
 1500	0.595002	0.595002
 1499	0.594605	0.594605
 1498	0.594209	0.594209
 1497	0.593812	0.593812
 1496	0.593415	0.593415
 1495	0.593019	0.593019
 1494	0.592622	0.592622
 1493	0.592225	0.592225
 1492	0.591829	0.591829
 1491	0.591432	0.591432
 1490	0.591035	0.591035
 1489	0.590639	0.590639
 1488	0.590242	0.590242
 1487	0.589845	0.589845
 1486	0.589449	0.589449
 1485	0.589052	0.589052
 1484	0.588655	0.588655
 1483	0.588259	0.588259
 1482	0.587862	0.587862
 1481	0.587465	0.587465
 1480	0.587069	0.587069
 1479	0.586672	0.586672
 1478	0.586275	0.586275
 1477	0.585879	0.585879
 1476	0.585482	0.585482
 1475	0.585085	0.585085
 1474	0.584689	0.584689
 1473	0.584292	0.584292
 1472	0.583895	0.583895
 1471	0.583499	0.583499
 1470	0.583102	0.583102
 1469	0.582705	0.582705
 1468	0.582309	0.582309
 1467	0.581912	0.581912
 1466	0.581515	0.581515
 1465	0.581119	0.581119
 1464	0.580722	0.580722
 1463	0.580325	0.580325
 1462	0.579929	0.579929
 1461	0.579532	0.579532
 1460	0.579135	0.579135
 1459	0.578739	0.578739
 1458	0.578342	0.578342
 1457	0.577945	0.577945
 1456	0.577549	0.577549
 1455	0.577152	0.577152
 1454	0.576755	0.576755
 1453	0.576359	0.576359
 1452	0.575962	0.575962
 1451	0.575565	0.575565
 1450	0.575169	0.575169
 1449	0.574772	0.574772
 1448	0.574375	0.574375
 1447	0.573979	0.573979
 1446	0.573582	0.573582
 1445	0.573185	0.573185
 1444	0.572789	0.572789
 1443	0.572392	0.572392
 1442	0.571995	0.571995
 1441	0.571599	0.571599
 1440	0.571202	0.571202
 1439	0.570805	0.570805
 1438	0.570409	0.570409
 1437	0.570012	0.570012
 1436	0.569615	0.569615
 1435	0.569219	0.569219
 1434	0.568822	0.568822
 1433	0.568425	0.568425
 1432	0.568029	0.568029
 1431	0.567632	0.567632
 1430	0.567235	0.567235
 1429	0.566839	0.566839
 1428	0.566442	0.566442
 1427	0.566045	0.566045
 1426	0.565649	0.565649
 1425	0.565252	0.565252
 1424	0.564855	0.564855
 1423	0.564459	0.564459
 1422	0.564062	0.564062
 1421	0.563665	0.563665
 1420	0.563269	0.563269
 1419	0.562872	0.562872
 1418	0.562475	0.562475
 1417	0.562079	0.562079
 1416	0.561682	0.561682
 1415	0.561285	0.561285
 1414	0.560889	0.560889
 1413	0.560492	0.560492
 1412	0.560095	0.560095
 1411	0.559699	0.559699
 1410	0.559302	0.559302
 1409	0.558905	0.558905
 1408	0.558509	0.558509
 1407	0.558112	0.558112
 1406	0.557715	0.557715
 1405	0.557319	0.557319
 1404	0.556922	0.556922
 1403	0.556525	0.556525
 1402	0.556129	0.556129
 1401	0.555732	0.555732
 1400	0.555335	0.555335
 1399	0.554939	0.554939
 1398	0.554542	0.554542
 1397	0.554145	0.554145
 1396	0.553749	0.553749
 1395	0.553352	0.553352
 1394	0.552955	0.552955
 1393	0.552559	0.552559
 1392	0.552162	0.552162
 1391	0.551765	0.551765
 1390	0.551369	0.551369
 1389	0.550972	0.550972
 1388	0.550575	0.550575
 1387	0.550179	0.550179
 1386	0.549782	0.549782
 1385	0.549385	0.549385
 1384	0.548988	0.548988
 1383	0.548592	0.548592
 1382	0.548195	0.548195
 1381	0.547798	0.547798
 1380	0.547402	0.547402
 1379	0.547005	0.547005
 1378	0.546608	0.546608
 1377	0.546212	0.546212
 1376	0.545815	0.545815
 1375	0.545418	0.545418
 1374	0.545022	0.545022
 1373	0.544625	0.544625
 1372	0.544228	0.544228
 1371	0.543832	0.543832
 1370	0.543435	0.543435
 1369	0.543038	0.543038
 1368	0.542642	0.542642
 1367	0.542245	0.542245
 1366	0.541848	0.541848
 1365	0.541452	0.541452
 1364	0.541055	0.541055
 1363	0.540658	0.540658
 1362	0.540262	0.540262
 1361	0.539865	0.539865
 1360	0.539468	0.539468
 1359	0.539072	0.539072
 1358	0.538675	0.538675
 1357	0.538278	0.538278
 1356	0.537882	0.537882
 1355	0.537485	0.537485
 1354	0.537088	0.537088
 1353	0.536692	0.536692
 1352	0.536295	0.536295
 1351	0.535898	0.535898
 1350	0.535502	0.535502
 1349	0.535105	0.535105
 1348	0.534708	0.534708
 1347	0.534312	0.534312
 1346	0.533915	0.533915
 1345	0.533518	0.533518
 1344	0.533122	0.533122
 1343	0.532725	0.532725
 1342	0.532328	0.532328
 1341	0.531932	0.531932
 1340	0.531535	0.531535
 1339	0.531138	0.531138
 1338	0.530742	0.530742
 1337	0.530345	0.530345
 1336	0.529948	0.529948
 1335	0.529552	0.529552
 1334	0.529155	0.529155
 1333	0.528758	0.528758
 1332	0.528362	0.528362
 1331	0.527965	0.527965
 1330	0.527568	0.527568
 1329	0.527172	0.527172
 1328	0.526775	0.526775
 1327	0.526378	0.526378
 1326	0.525982	0.525982
 1325	0.525585	0.525585
 1324	0.525188	0.525188
 1323	0.524792	0.524792
 1322	0.524395	0.524395
 1321	0.523998	0.523998
 1320	0.523602	0.523602
 1319	0.523205	0.523205
 1318	0.522808	0.522808
 1317	0.522412	0.522412
 1316	0.522015	0.522015
 1315	0.521618	0.521618
 1314	0.521222	0.521222
 1313	0.520825	0.520825
 1312	0.520428	0.520428
 1311	0.520032	0.520032
 1310	0.519635	0.519635
 1309	0.519238	0.519238
 1308	0.518842	0.518842
 1307	0.518445	0.518445
 1306	0.518048	0.518048
 1305	0.517652	0.517652
 1304	0.517255	0.517255
 1303	0.516858	0.516858
 1302	0.516462	0.516462
 1301	0.516065	0.516065
 1300	0.515668	0.515668
 1299	0.515272	0.515272
 1298	0.514875	0.514875
 1297	0.514478	0.514478
 1296	0.514082	0.514082
 1295	0.513685	0.513685
 1294	0.513288	0.513288
 1293	0.512892	0.512892
 1292	0.512495	0.512495
 1291	0.512098	0.512098
 1290	0.511702	0.511702
 1289	0.511305	0.511305
 1288	0.510908	0.510908
 1287	0.510512	0.510512
 1286	0.510115	0.510115
 1285	0.509718	0.509718
 1284	0.509322	0.509322
 1283	0.508925	0.508925
 1282	0.508528	0.508528
 1281	0.508132	0.508132
 1280	0.507735	0.507735
 1279	0.507338	0.507338
 1278	0.506942	0.506942
 1277	0.506545	0.506545
 1276	0.506148	0.506148
 1275	0.505752	0.505752
 1274	0.505355	0.505355
 1273	0.504958	0.504958
 1272	0.504562	0.504562
 1271	0.504165	0.504165
 1270	0.503768	0.503768
 1269	0.503372	0.503372
 1268	0.502975	0.502975
 1267	0.502578	0.502578
 1266	0.502182	0.502182
 1265	0.501785	0.501785
 1264	0.501388	0.501388
 1263	0.500992	0.500992
 1262	0.500595	0.500595
 1261	0.500198	0.500198
 1260	     0.5	       0
 1260	     0.5	     0.5
 1260	0.499802	     0.5
 1259	0.499405	0.0023845
 1258	0.499008	0.00397797
 1257	0.498612	0.00557448
 1256	0.498215	0.00717405
 1255	0.497818	0.00873528
 1254	0.497422	0.0103728
 1253	0.497025	0.0119912
 1252	0.496628	0.0136281
 1251	0.496232	0.0153018
 1250	0.495835	0.0168361
 1249	0.495438	0.0183709
 1248	0.495042	0.0202665
 1247	0.494645	0.021525
 1246	0.494248	0.0236199
 1245	0.493852	0.0247141
 1244	0.493455	0.0267589
 1243	0.493058	0.0282504
 1242	0.492662	0.0299496
 1241	0.492265	0.0318933
 1240	0.491868	0.0328454
 1239	0.491472	0.0352667
 1238	0.491075	0.0364987
 1237	0.490678	0.0378341
 1236	0.490282	0.0392934
 1235	0.489885	0.0408976
 1234	0.489488	0.0426657
 1233	0.489092	0.0446159
 1232	0.488695	0.0467671
 1231	0.488298	0.0491422
 1230	0.487902	0.0488708
 1229	0.487505	0.0515498
 1228	0.487108	0.0545086
 1227	0.486712	0.0542527
 1226	0.486315	0.0575995
 1225	0.485918	0.0573271
 1224	0.485522	0.0611195
 1223	0.485125	0.0608512
 1222	0.484728	0.0651533
 1221	0.484332	0.0649047
 1220	0.483935	0.0645785
 1219	0.483538	0.0695788
 1218	0.483142	0.0693035
 1217	0.482745	0.0749928
 1216	0.482348	0.0747634
 1215	0.481952	0.0744866
 1214	0.481555	0.074146
 1213	0.481158	0.0808982
 1212	0.480762	0.0806398
 1211	0.480365	0.0803344
 1210	0.479968	0.0882181
 1209	0.479572	0.0879875
 1208	0.479175	0.0877252
 1207	0.478778	0.0874239
 1206	0.478382	0.0870743
 1205	0.477985	0.0966169
 1204	0.477588	0.0963701
 1203	0.477192	0.0960951
 1202	0.476795	0.0957868
 1201	0.476398	0.0954389
 1200	0.476002	0.107035
 1199	0.475605	0.106793
 1198	0.475208	 0.10653
 1197	0.474812	0.106244
 1196	0.474415	0.105929
 1195	0.474018	0.105583
 1194	0.473622	0.119964
 1193	0.473225	0.119725
 1192	0.472828	 0.11947
 1191	0.472432	0.119199
 1190	0.472035	0.118908
 1189	0.471638	0.118595
 1188	0.471242	 0.11826
 1187	0.470845	0.117897
 1186	0.470448	0.136279
 1185	0.470052	0.136033
 1184	0.469655	0.135774
 1183	0.469258	0.135503
 1182	0.468862	0.135218
 1181	0.468465	0.134918
 1180	0.468068	0.134602
 1179	0.467672	0.134268
 1178	0.467275	0.133915
 1177	0.466878	0.133542
 1176	0.466482	0.157778
 1175	0.466085	0.157523
 1174	0.465688	0.157259
 1173	0.465292	0.156986
 1172	0.464895	0.156704
 1171	0.464498	0.156411
 1170	0.464102	0.156108
 1169	0.463705	0.155793
 1168	0.463308	0.155467
 1167	0.462912	0.155128
 1166	0.462515	0.154775
 1165	0.462118	0.154409
 1164	0.461722	0.154028
 1163	0.461325	0.187358
 1162	0.460928	 0.18709
 1161	0.460532	0.186817
 1160	0.460135	0.186537
 1159	0.459738	0.186251
 1158	0.459342	0.185959
 1157	0.458945	 0.18566
 1156	0.458548	0.185354
 1155	0.458152	0.185041
 1154	0.457755	 0.18472
 1153	0.457358	0.184392
 1152	0.456962	0.184056
 1151	0.456565	0.183711
 1150	0.456168	0.183358
 1149	0.455772	0.182997
 1148	0.455375	0.182625
 1147	0.454978	0.182245
 1146	0.454582	0.181854
 1145	0.454185	 0.23051
 1144	0.453788	0.230221
 1143	0.453392	0.229928
 1142	0.452995	0.229632
 1141	0.452598	0.229332
 1140	0.452202	0.229029
 1139	0.451805	0.228722
 1138	0.451408	 0.22841
 1137	0.451012	0.228095
 1136	0.450615	0.227776
 1135	0.450218	0.227452
 1134	0.449821	0.227125
 1133	0.449425	0.226793
 1132	0.449028	0.226457
 1131	0.448631	0.226116
 1130	0.448235	0.225771
 1129	0.447838	0.225421
 1128	0.447441	0.225066
 1127	0.447045	0.224706
 1126	0.446648	0.224342
 1125	0.446251	0.223972
 1124	0.445855	0.223598
 1123	0.445458	0.223218
 1122	0.445061	0.222832
 1121	0.444665	0.222442
 1120	0.444268	0.299857
 1119	0.443871	0.299534
 1118	0.443475	 0.29921
 1117	0.443078	0.298884
 1116	0.442681	0.298556
 1115	0.442285	0.298227
 1114	0.441888	0.297896
 1113	0.441491	0.297563
 1112	0.441095	0.297228
 1111	0.440698	0.296892
 1110	0.440301	0.296554
 1109	0.439905	0.296215
 1108	0.439508	0.295873
 1107	0.439111	 0.29553
 1106	0.438715	0.295185
 1105	0.438318	0.294838
 1104	0.437921	 0.29449
 1103	0.437525	 0.29414
 1102	0.437128	0.293787
 1101	0.436731	0.293433
 1100	0.436335	0.293078
 1099	0.435938	 0.29272
 1098	0.435541	 0.29236
 1097	0.435145	0.291998
 1096	0.434748	0.291635
 1095	0.434351	 0.29127
 1094	0.433955	0.290902
 1093	0.433558	0.290533
 1092	0.433161	0.290161
 1091	0.432765	0.289788
 1090	0.432368	0.289413
 1089	0.431971	0.289035
 1088	0.431575	0.288656
 1087	0.431178	0.288274
 1086	0.430781	0.287891
 1085	0.430385	0.287505
 1084	0.429988	0.287117
 1083	0.429591	0.286727
 1082	0.429195	0.286335
 1081	0.428798	0.285941
 1080	0.428401	0.428401
 1079	0.428005	0.428005
 1078	0.427608	0.427608
 1077	0.427211	0.427211
 1076	0.426815	0.426815
 1075	0.426418	0.426418
 1074	0.426021	0.426021
 1073	0.425625	0.425625
 1072	0.425228	0.425228
 1071	0.424831	0.424831
 1070	0.424435	0.424435
 1069	0.424038	0.424038
 1068	0.423641	0.423641
 1067	0.423245	0.423245
 1066	0.422848	0.422848
 1065	0.422451	0.422451
 1064	0.422055	0.422055
 1063	0.421658	0.421658
 1062	0.421261	0.421261
 1061	0.420865	0.420865
 1060	0.420468	0.420468
 1059	0.420071	0.420071
 1058	0.419675	0.419675
 1057	0.419278	0.419278
 1056	0.418881	0.418881
 1055	0.418485	0.418485
 1054	0.418088	0.418088
 1053	0.417691	0.417691
 1052	0.417295	0.417295
 1051	0.416898	0.416898
 1050	0.416501	0.416501
 1049	0.416105	0.416105
 1048	0.415708	0.415708
 1047	0.415311	0.415311
 1046	0.414915	0.414915
 1045	0.414518	0.414518
 1044	0.414121	0.414121
 1043	0.413725	0.413725
 1042	0.413328	0.413328
 1041	0.412931	0.412931
 1040	0.412535	0.412535
 1039	0.412138	0.412138
 1038	0.411741	0.411741
 1037	0.411345	0.411345
 1036	0.410948	0.410948
 1035	0.410551	0.410551
 1034	0.410155	0.410155
 1033	0.409758	0.409758
 1032	0.409361	0.409361
 1031	0.408965	0.408965
 1030	0.408568	0.408568
 1029	0.408171	0.408171
 1028	0.407775	0.407775
 1027	0.407378	0.407378
 1026	0.406981	0.406981
 1025	0.406585	0.406585
 1024	0.406188	0.406188
 1023	0.405791	0.405791
 1022	0.405395	0.405395
 1021	0.404998	0.404998
 1020	0.404601	0.404601
 1019	0.404205	0.404205
 1018	0.403808	0.403808
 1017	0.403411	0.403411
 1016	0.403015	0.403015
 1015	0.402618	0.402618
 1014	0.402221	0.402221
 1013	0.401825	0.401825
 1012	0.401428	0.401428
 1011	0.401031	0.401031
 1010	0.400635	0.400635
 1009	0.400238	0.400238
 1008	0.399841	0.749752
 1007	0.399445	0.749134
 1006	0.399048	0.748518
 1005	0.398651	0.747903
 1004	0.398255	0.747291
 1003	0.397858	 0.74668
 1002	0.397461	0.746071
 1001	0.397065	0.745463
 1000	0.396668	0.744858
  999	0.396271	0.744254
  998	0.395875	0.743652
  997	0.395478	0.743052
  996	0.395081	0.742454
  995	0.394685	0.741857
  994	0.394288	0.741262
  993	0.393891	0.740669
  992	0.393495	0.740077
  991	0.393098	0.739488
  990	0.392701	  0.7389
  989	0.392305	0.738313
  988	0.391908	0.737729
  987	0.391511	0.737146
  986	0.391115	0.736564
  985	0.390718	0.735985
  984	0.390321	0.735407
  983	0.389925	 0.73483
  982	0.389528	0.734256
  981	0.389131	0.733683
  980	0.388735	0.733111
  979	0.388338	0.732542
  978	0.387941	0.731973
  977	0.387545	0.731407
  976	0.387148	0.730842
  975	0.386751	0.730279
  974	0.386355	0.729717
  973	0.385958	0.729157
  972	0.385561	0.728598
  971	0.385165	0.728041
  970	0.384768	0.727486
  969	0.384371	0.726932
  968	0.383975	 0.72638
  967	0.383578	0.725829
  966	0.383181	 0.72528
  965	0.382785	0.724732
  964	0.382388	0.724186
  963	0.381991	0.723641
  962	0.381595	0.723098
  961	0.381198	0.722557
  960	0.380801	0.722017
  959	0.380405	0.721478
  958	0.380008	0.720941
  957	0.379611	0.720405
  956	0.379215	0.719871
  955	0.378818	0.719339
  954	0.378421	0.718807
  953	0.378025	0.718278
  952	0.377628	0.717749
  951	0.377231	0.717222
  950	0.376835	0.716697
  949	0.376438	0.716173
  948	0.376041	0.715651
  947	0.375645	0.715129
  946	0.375248	 0.71461
  945	0.374851	0.714092
  944	0.374455	0.713575
  943	0.374058	0.713059
  942	0.373661	0.712545
  941	0.373265	0.712032
  940	0.372868	0.711521
  939	0.372471	0.711011
  938	0.372075	0.710503
  937	0.371678	0.709996
  936	0.371281	 0.70949
  935	0.370885	0.708985
  934	0.370488	0.708482
  933	0.370091	 0.70798
  932	0.369695	 0.70748
  931	0.369298	0.706981
  930	0.368901	0.706483
  929	0.368505	0.705987
  928	0.368108	0.705492
  927	0.367711	0.704998
  926	0.367315	0.704505
  925	0.366918	0.704014
  924	0.366521	0.703524
  923	0.366125	0.703036
  922	0.365728	0.702548
  921	0.365331	0.702062
  920	0.364935	0.701578
  919	0.364538	0.701094
  918	0.364141	0.700612
  917	0.363745	0.700131
  916	0.363348	0.699651
  915	0.362951	0.699173
  914	0.362555	0.698696
  913	0.362158	 0.69822
  912	0.361761	0.697745
  911	0.361365	0.697272
  910	0.360968	0.696799
  909	0.360571	0.696328
  908	0.360175	0.695858
  907	0.359778	 0.69539
  906	0.359381	0.694923
  905	0.358985	0.694456
  904	0.358588	0.693991
  903	0.358191	0.693528
  902	0.357795	0.693065
  901	0.357398	0.692604
  900	0.357001	0.692143
  899	0.356605	0.691684
  898	0.356208	0.691227
  897	0.355811	 0.69077
  896	0.355415	0.690314
  895	0.355018	 0.68986
  894	0.354621	0.689407
  893	0.354225	0.688955
  892	0.353828	0.688504
  891	0.353431	0.688054
  890	0.353035	0.687605
  889	0.352638	0.687158
  888	0.352241	0.686712
  887	0.351845	0.686266
  886	0.351448	0.685822
  885	0.351051	0.685379
  884	0.350655	0.684937
  883	0.350258	0.684496
  882	0.349861	0.684057
  881	0.349464	0.683618
  880	0.349068	0.683181
  879	0.348671	0.682744
  878	0.348274	0.682309
  877	0.347878	0.681875
  876	0.347481	0.681442
  875	0.347084	 0.68101
  874	0.346688	0.680579
  873	0.346291	0.680149
  872	0.345894	 0.67972
  871	0.345498	0.679292
  870	0.345101	0.678865
  869	0.344704	0.678439
  868	0.344308	0.678015
  867	0.343911	0.677591
  866	0.343514	0.677169
  865	0.343118	0.676747
  864	0.342721	0.676327
  863	0.342324	0.675907
  862	0.341928	0.675489
  861	0.341531	0.675071
  860	0.341134	0.674655
  859	0.340738	0.674239
  858	0.340341	0.673825
  857	0.339944	0.673412
  856	0.339548	0.672999
  855	0.339151	0.672588
  854	0.338754	0.672177
  853	0.338358	0.671768
  852	0.337961	 0.67136
  851	0.337564	0.670952
  850	0.337168	0.670546
  849	0.336771	 0.67014
  848	0.336374	0.669736
  847	0.335978	0.669332
  846	0.335581	 0.66893
  845	0.335184	0.668528
  844	0.334788	0.668127
  843	0.334391	0.667728
  842	0.333994	0.667329
  841	0.333598	0.666931
  840	0.333333	       0
  840	0.333333	0.666667
  840	0.333201	0.666667
  839	0.332804	0.00477859
  838	0.332408	0.00838439
  837	0.332011	0.0120091
  836	0.331614	0.0155515
  835	0.331218	0.0191154
  834	0.330821	0.0231178
  833	0.330424	0.0268393
  832	0.330028	0.0300256
  831	0.329631	0.0341625
  830	0.329234	0.0380735
  829	0.328838	0.0411596
  828	0.328441	0.0448511
  827	0.328044	0.0493289
  826	0.327648	0.0517824
  825	0.327251	0.0579571
  824	0.326854	0.0614929
  823	0.326458	0.0655252
  822	0.326061	0.0701584
  821	0.325664	0.0698473
  820	0.325268	0.0752418
  819	0.324871	0.0815436
  818	0.324474	0.081224
  817	0.324078	0.0887125
  816	0.323681	0.088381
  815	0.323284	0.0973847
  814	0.322888	0.0970621
  813	0.322491	0.108044
  812	0.322094	0.107742
  811	0.321698	  0.1074
  810	0.321301	0.121119
  809	0.320904	0.120813
  808	0.320508	0.120477
  807	0.320111	 0.12011
  806	0.319714	0.137714
  805	0.319318	0.137396
  804	0.318921	0.137058
  803	0.318524	0.136696
  802	0.318128	0.159958
  801	0.317731	0.159643
  800	0.317334	0.159315
  799	0.316938	0.158972
  798	0.316541	0.158615
  797	0.316144	0.158243
  796	0.315748	0.190442
  795	0.315351	0.190113
  794	0.314954	0.189776
  793	0.314558	0.189431
  792	0.314161	0.189077
  791	0.313764	0.188715
  790	0.313368	0.188344
  789	0.312971	0.187964
  788	0.312574	0.187574
  787	0.312178	0.235007
  786	0.311781	0.234652
  785	0.311384	0.234292
  784	0.310988	0.233929
  783	0.310591	0.233563
  782	0.310194	0.233192
  781	0.309798	0.232819
  780	0.309401	0.232441
  779	0.309004	0.232059
  778	0.308608	0.231674
  777	0.308211	0.231284
  776	0.307814	0.230891
  775	0.307418	0.307418
  774	0.307021	0.307021
  773	0.306624	0.306624
  772	0.306228	0.306228
  771	0.305831	0.305831
  770	0.305434	0.305434
  769	0.305038	0.305038
  768	0.304641	0.304641
  767	0.304244	0.304244
  766	0.303848	0.303848
  765	0.303451	0.303451
  764	0.303054	0.303054
  763	0.302658	0.302658
  762	0.302261	0.302261
  761	0.301864	0.301864
  760	0.301468	0.301468
  759	0.301071	0.301071
  758	0.300674	0.300674
  757	0.300278	0.300278
  756	0.299881	0.444298
  755	0.299484	 0.44381
  754	0.299088	0.443326
  753	0.298691	0.442845
  752	0.298294	0.442366
  751	0.297898	0.441891
  750	0.297501	0.441418
  749	0.297104	0.440948
  748	0.296708	0.440481
  747	0.296311	0.440017
  746	0.295914	0.439556
  745	0.295518	0.439097
  744	0.295121	0.438641
  743	0.294724	0.438188
  742	0.294328	0.437737
  741	0.293931	 0.43729
  740	0.293534	0.436844
  739	0.293138	0.436402
  738	0.292741	0.435962
  737	0.292344	0.435524
  736	0.291948	0.435089
  735	0.291551	0.434657
  734	0.291154	0.434227
  733	0.290758	0.433799
  732	0.290361	0.433374
  731	0.289964	0.432952
  730	0.289568	0.432532
  729	0.289171	0.432114
  728	0.288774	0.431698
  727	0.288378	0.431285
  726	0.287981	0.430875
  725	0.287584	0.430466
  724	0.287188	 0.43006
  723	0.286791	0.429656
  722	0.286394	0.429255
  721	0.285998	0.428855
  720	0.285601	0.799778
  719	0.285204	0.799006
  718	0.284808	0.798241
  717	0.284411	0.797482
  716	0.284014	 0.79673
  715	0.283618	0.795985
  714	0.283221	0.795246
  713	0.282824	0.794513
  712	0.282428	0.793787
  711	0.282031	0.793067
  710	0.281634	0.792353
  709	0.281238	0.791645
  708	0.280841	0.790943
  707	0.280444	0.790246
  706	0.280048	0.789556
  705	0.279651	0.788872
  704	0.279254	0.788193
  703	0.278858	0.787519
  702	0.278461	0.786852
  701	0.278064	0.786189
  700	0.277668	0.785532
  699	0.277271	0.784881
  698	0.276874	0.784234
  697	0.276478	0.783593
  696	0.276081	0.782957
  695	0.275684	0.782327
  694	0.275288	0.781701
  693	0.274891	 0.78108
  692	0.274494	0.780464
  691	0.274098	0.779853
  690	0.273701	0.779246
  689	0.273304	0.778645
  688	0.272908	0.778048
  687	0.272511	0.777455
  686	0.272114	0.776867
  685	0.271718	0.776284
  684	0.271321	0.775705
  683	0.270924	0.775131
  682	0.270528	0.774561
  681	0.270131	0.773995
  680	0.269734	0.773434
  679	0.269338	0.772877
  678	0.268941	0.772324
  677	0.268544	0.771775
  676	0.268148	 0.77123
  675	0.267751	0.770689
  674	0.267354	0.770152
  673	0.266958	0.769619
  672	0.266561	 0.76909
  671	0.266164	0.768565
  670	0.265768	0.768044
  669	0.265371	0.767526
  668	0.264974	0.767012
  667	0.264578	0.766502
  666	0.264181	0.765996
  665	0.263784	0.765493
  664	0.263388	0.764993
  663	0.262991	0.764498
  662	0.262594	0.764005
  661	0.262198	0.763516
  660	0.261801	0.763031
  659	0.261404	0.762549
  658	0.261008	 0.76207
  657	0.260611	0.761595
  656	0.260214	0.761123
  655	0.259818	0.760654
  654	0.259421	0.760189
  653	0.259024	0.759726
  652	0.258628	0.759267
  651	0.258231	0.758811
  650	0.257834	0.758358
  649	0.257438	0.757908
  648	0.257041	0.757461
  647	0.256644	0.757017
  646	0.256248	0.756576
  645	0.255851	0.756138
  644	0.255454	0.755703
  643	0.255058	0.755271
  642	0.254661	0.754841
  641	0.254264	0.754415
  640	0.253868	0.753991
  639	0.253471	 0.75357
  638	0.253074	0.753152
  637	0.252678	0.752736
  636	0.252281	0.752323
  635	0.251884	0.751913
  634	0.251488	0.751505
  633	0.251091	  0.7511
  632	0.250694	0.750698
  631	0.250298	0.750298
  630	    0.25	       0
  630	    0.25	    0.75
  630	0.249901	    0.75
  629	0.249504	0.00798669
  628	0.249107	0.0144489
  627	0.248711	0.0207312
  626	0.248314	0.0276187
  625	0.247917	0.0342349
  624	0.247521	0.0413196
  623	0.247124	0.0471185
  622	0.246727	0.0549262
  621	0.246331	0.061694
  620	0.245934	0.0656056
  619	0.245537	0.0756986
  618	0.245141	0.0818544
  617	0.244744	0.0891627
  616	0.244347	0.0979621
  615	0.243951	0.0976088
  614	0.243554	0.108402
  613	0.243157	0.121881
  612	0.242761	0.121534
  611	0.242364	0.138838
  610	0.241967	0.138491
  609	0.241571	0.138119
  608	0.241174	0.161109
  607	0.240777	0.160748
  606	0.240381	0.160374
  605	0.239984	0.192293
  604	0.239587	0.191923
  603	0.239191	0.191547
  602	0.238794	0.191165
  601	0.238397	0.190777
  600	0.238001	0.238001
  599	0.237604	0.237604
  598	0.237207	0.237207
  597	0.236811	0.236811
  596	0.236414	0.236414
  595	0.236017	0.236017
  594	0.235621	0.235621
  593	0.235224	0.312421
  592	0.234827	0.311977
  591	0.234431	0.311537
  590	0.234034	0.311102
  589	0.233637	0.310672
  588	0.233241	0.310246
  587	0.232844	0.309825
  586	0.232447	0.309408
  585	0.232051	0.308996
  584	0.231654	0.308587
  583	0.231257	0.308184
  582	0.230861	0.307784
  581	0.230464	0.454122
  580	0.230067	 0.45358
  579	0.229671	0.453046
  578	0.229274	0.452522
  577	0.228877	0.452005
  576	0.228481	0.451498
  575	0.228084	0.450998
  574	0.227687	0.450506
  573	0.227291	0.450022
  572	0.226894	0.449545
  571	0.226497	0.449076
  570	0.226101	0.448614
  569	0.225704	0.448159
  568	0.225307	0.447711
  567	0.224911	 0.44727
  566	0.224514	0.446835
  565	0.224117	0.446407
  564	0.223721	0.445985
  563	0.223324	0.445569
  562	0.222927	0.445159
  561	0.222531	0.444755
  560	0.222134	0.833135
  559	0.221737	0.832254
  558	0.221341	0.831389
  557	0.220944	0.830538
  556	0.220547	0.829702
  555	0.220151	 0.82888
  554	0.219754	0.828072
  553	0.219357	0.827278
  552	0.218961	0.826497
  551	0.218564	0.825728
  550	0.218167	0.824973
  549	0.217771	0.824229
  548	0.217374	0.823498
  547	0.216977	0.822778
  546	0.216581	 0.82207
  545	0.216184	0.821372
  544	0.215787	0.820686
  543	0.215391	 0.82001
  542	0.214994	0.819345
  541	0.214597	 0.81869
  540	0.214201	0.818044
  539	0.213804	0.817409
  538	0.213407	0.816783
  537	0.213011	0.816166
  536	0.212614	0.815558
  535	0.212217	0.814959
  534	0.211821	0.814368
  533	0.211424	0.813787
  532	0.211027	0.813213
  531	0.210631	0.812647
  530	0.210234	 0.81209
  529	0.209837	 0.81154
  528	0.209441	0.810998
  527	0.209044	0.810464
  526	0.208647	0.809936
  525	0.208251	0.809416
  524	0.207854	0.808903
  523	0.207457	0.808397
  522	0.207061	0.807897
  521	0.206664	0.807404
  520	0.206267	0.806918
  519	0.205871	0.806438
  518	0.205474	0.805964
  517	0.205077	0.805496
  516	0.204681	0.805034
  515	0.204284	0.804578
  514	0.203887	0.804128
  513	0.203491	0.803684
  512	0.203094	0.803245
  511	0.202697	0.802811
  510	0.202301	0.802383
  509	0.201904	 0.80196
  508	0.201507	0.801542
  507	0.201111	0.801129
  506	0.200714	0.800722
  505	0.200317	0.800319
  504	     0.2	       0
  504	     0.2	     0.8
  504	0.199921	     0.8
  503	0.199524	0.0120234
  502	0.199127	0.022135
  501	0.198731	0.0320634
  500	0.198334	0.0431553
  499	0.197937	0.0521034
  498	0.197541	0.0617381
  497	0.197144	0.0759172
  496	0.196747	0.0819929
  495	0.196351	0.0982938
  494	0.195954	0.108982
  493	0.195557	0.122364
  492	0.195161	 0.12199
  491	0.194764	0.139201
  490	0.194367	0.162089
  489	0.193971	0.161707
  488	0.193574	0.161316
  487	0.193177	0.193177
  486	0.192781	0.192781
  485	0.192384	0.192384
  484	0.191987	0.239656
  483	0.191591	0.239236
  482	0.191194	0.238824
  481	0.190797	0.238419
  480	0.190401	0.315697
  479	0.190004	0.315222
  478	0.189607	 0.31476
  477	0.189211	 0.31431
  476	0.188814	0.313872
  475	0.188417	0.313445
  474	0.188021	0.313029
  473	0.187624	0.312624
  472	0.187227	 0.46113
  471	0.186831	0.460551
  470	0.186434	0.459991
  469	0.186037	0.459447
  468	0.185641	 0.45892
  467	0.185244	0.458408
  466	0.184847	0.457911
  465	0.184451	0.457428
  464	0.184054	0.456959
  463	0.183657	0.456503
  462	0.183261	 0.45606
  461	0.182864	0.455629
  460	0.182467	0.455209
  459	0.182071	  0.4548
  458	0.181674	0.856789
  457	0.181277	0.855834
  456	0.180881	0.854907
  455	0.180484	0.854006
  454	0.180087	 0.85313
  453	0.179691	0.852279
  452	0.179294	0.851451
  451	0.178897	0.850646
  450	0.178501	0.849861
  449	0.178104	0.849098
  448	0.177707	0.848354
  447	0.177311	0.847629
  446	0.176914	0.846923
  445	0.176517	0.846234
  444	0.176121	0.845562
  443	0.175724	0.844906
  442	0.175327	0.844266
  441	0.174931	0.843642
  440	0.174534	0.843032
  439	0.174137	0.842436
  438	0.173741	0.841854
  437	0.173344	0.841285
  436	0.172947	0.840729
  435	0.172551	0.840185
  434	0.172154	0.839653
  433	0.171757	0.839132
  432	0.171361	0.838623
  431	0.170964	0.838125
  430	0.170567	0.837637
  429	0.170171	0.837159
  428	0.169774	0.836691
  427	0.169377	0.836232
  426	0.168981	0.835783
  425	0.168584	0.835343
  424	0.168187	0.834911
  423	0.167791	0.834488
  422	0.167394	0.834073
  421	0.166997	0.833667
  420	0.166667	       0
  420	0.166667	0.833333
  420	0.166601	0.833333
  419	0.166204	0.0169074
  418	0.165807	0.0310921
  417	0.165411	0.0472949
  416	0.165014	0.0619172
  415	0.164617	0.0760077
  414	0.164221	0.0895931
  413	0.163824	0.109273
  412	0.163427	0.122608
  411	0.163031	0.139772
  410	0.162634	0.162634
  409	0.162237	0.162237
  408	0.161841	0.194108
  407	0.161444	0.193703
  406	0.161047	0.241105
  405	0.160651	0.240672
  404	0.160254	0.240257
  403	0.159857	0.317999
  402	0.159461	0.317509
  401	0.159064	0.317042
  400	0.158667	0.316598
  399	0.158271	0.316173
  398	0.157874	0.466633
  397	0.157477	0.466015
  396	0.157081	0.465427
  395	0.156684	0.464867
  394	0.156287	0.464334
  393	0.155891	0.463826
  392	0.155494	0.463341
  391	0.155097	0.462877
  390	0.154701	0.462433
  389	0.154304	0.462007
  388	0.153907	  0.4616
  387	0.153511	 0.87413
  386	0.153114	0.873144
  385	0.152717	0.872199
  384	0.152321	0.871293
  383	0.151924	0.870424
  382	0.151527	 0.86959
  381	0.151131	0.868788
  380	0.150734	0.868018
  379	0.150337	0.867276
  378	 0.14994	0.866561
  377	0.149544	0.865873
  376	0.149147	0.865209
  375	 0.14875	0.864568
  374	0.148354	0.863949
  373	0.147957	0.863351
  372	 0.14756	0.862773
  371	0.147164	0.862214
  370	0.146767	0.861673
  369	 0.14637	0.861149
  368	0.145974	0.860641
  367	0.145577	0.860149
  366	 0.14518	0.859672
  365	0.144784	0.859209
  364	0.144387	0.858759
  363	 0.14399	0.858323
  362	0.143594	0.857899
  361	0.143197	0.857487
  360	0.142857	       0
  360	0.142857	0.857143
  360	  0.1428	0.857143
  359	0.142404	0.0226619
  358	0.142007	0.0432393
  357	 0.14161	0.0619641
  356	0.141214	0.0823897
  355	0.140817	0.109563
  354	 0.14042	0.122876
  353	0.140024	0.140024
  352	0.139627	0.162883
  351	 0.13923	0.194795
  350	0.138834	0.242359
  349	0.138437	0.241909
  348	 0.13804	 0.24149
  347	0.137644	0.319624
  346	0.137247	 0.31914
  345	 0.13685	 0.31869
  344	0.136454	0.318273
  343	0.136057	 0.47009
  342	 0.13566	0.469486
  341	0.135264	0.468924
  340	0.134867	  0.4684
  339	 0.13447	 0.46791
  338	0.134074	0.467451
  337	0.133677	 0.46702
  336	 0.13328	0.888743
  335	0.132884	0.887683
  334	0.132487	0.886687
  333	 0.13209	0.885749
  332	0.131694	0.884863
  331	0.131297	0.884025
  330	  0.1309	0.883232
  329	0.130504	 0.88248
  328	0.130107	0.881766
  327	 0.12971	0.881087
  326	0.129314	 0.88044
  325	0.128917	0.879824
  324	 0.12852	0.879236
  323	0.128124	0.878675
  322	0.127727	0.878138
  321	 0.12733	0.877624
  320	0.126934	0.877132
  319	0.126537	 0.87666
  318	 0.12614	0.876206
  317	0.125744	0.875771
  316	0.125347	0.875353
  315	   0.125	       0
  315	   0.125	   0.875
  315	 0.12495	   0.875
  314	0.124554	0.0293148
  313	0.124157	0.055191
  312	 0.12376	0.0825224
  311	0.123364	0.109665
  310	0.122967	0.140512
  309	 0.12257	0.163388
  308	0.122174	0.195351
  307	0.121777	0.243035
  306	 0.12138	0.242596
  305	0.120984	0.321122
  304	0.120587	0.320634
  303	 0.12019	0.320195
  302	0.119794	0.473337
  301	0.119397	0.472718
  300	   0.119	0.472158
  299	0.118604	0.471648
  298	0.118207	0.471182
  297	 0.11781	0.470754
  296	0.117414	0.899342
  295	0.117017	0.898294
  294	 0.11662	0.897327
  293	0.116224	0.896431
  292	0.115827	0.895598
  291	 0.11543	0.894823
  290	0.115034	0.894099
  289	0.114637	0.893422
  288	 0.11424	0.892787
  287	0.113844	 0.89219
  286	0.113447	0.891628
  285	 0.11305	0.891098
  284	0.112654	0.890598
  283	0.112257	0.890124
  282	 0.11186	0.889675
  281	0.111464	0.889249
  280	0.111111	       0
  280	0.111111	0.888889
  280	0.111067	0.888889
  279	 0.11067	0.036899
  278	0.110274	0.0709028
  277	0.109877	0.109877
  276	 0.10948	0.140732
  275	0.109084	 0.19607
  274	0.108687	0.243892
  273	 0.10829	0.243432
  272	0.107894	0.322288
  271	0.107497	0.321805
  270	  0.1071	0.476115
  269	0.106704	0.475466
  268	0.106307	0.474896
  267	 0.10591	0.474392
  266	0.105514	0.473943
  265	0.105117	0.908664
  264	 0.10472	0.907584
  263	0.104324	 0.90661
  262	0.103927	0.905726
  261	 0.10353	 0.90492
  260	0.103134	0.904182
  259	0.102737	0.903504
  258	 0.10234	0.902879
  257	0.101944	0.902302
  256	0.101547	0.901766
  255	 0.10115	0.901267
  254	0.100754	0.900802
  253	0.100357	0.900367
  252	     0.1	       0
  252	     0.1	     0.9
  252	0.0999603	     0.9
  251	0.0995637	0.0452644
  250	0.099167	0.0901575
  249	0.0987703	0.123462
  248	0.0983737	0.163947
  247	0.097977	0.244366
  246	0.0975803	0.243922
  245	0.0971837	 0.32303
  244	0.096787	0.322593
  243	0.0963903	0.477619
  242	0.0959937	0.477056
  241	0.095597	0.476572
  240	0.0952003	0.916552
  239	0.0948036	0.915429
  238	0.094407	0.914442
  237	0.0940103	0.913566
  236	0.0936136	0.912784
  235	0.093217	0.912082
  234	0.0928203	0.911448
  233	0.0924236	0.910873
  232	0.092027	0.910348
  231	0.0916303	0.909868
  230	0.0912336	0.909426
  229	0.0909091	       0
  229	0.0909091	0.909091
  229	0.090837	0.909091
  228	0.0904403	0.0585252
  227	0.0900436	0.110044
  226	0.089647	0.164277
  225	0.0892503	0.244852
  224	0.0888536	0.324273
  223	0.088457	0.323765
  222	0.0880603	0.479692
  221	0.0876636	0.479089
  220	0.087267	0.478593
  219	0.0868703	0.922812
  218	0.0864736	0.921706
  217	0.086077	0.920757
  216	0.0856803	0.919934
  215	0.0852836	0.919213
  214	0.0848869	0.918576
  213	0.0844903	 0.91801
  212	0.0840936	0.917503
  211	0.0836969	0.917047
  210	0.0833333	       0
  210	0.0833333	0.916667
  210	0.0833003	0.916667
  209	0.0829036	0.0621782
  208	0.0825069	0.123744
  207	0.0821103	0.196874
  206	0.0817136	0.244982
  205	0.0813169	 0.32458
  204	0.0809203	0.481195
  203	0.0805236	0.480602
  202	0.0801269	0.480131
  201	0.0797303	0.927767
  200	0.0793336	0.926755
  199	0.0789369	0.925905
  198	0.0785403	0.925181
  197	0.0781436	0.924556
  196	0.0777469	0.924011
  195	0.0773503	0.923532
  194	0.0769536	0.923108
  193	0.0769231	       0
  193	0.0769231	0.923077
  193	0.0765569	0.923077
  192	0.0761603	0.141381
  191	0.0757636	0.196976
  190	0.0753669	 0.32543
  189	0.0749702	0.482703
  188	0.0745736	0.482068
  187	0.0741769	0.481588
  186	0.0737802	0.932459
  185	0.0733836	0.931483
  184	0.0729869	0.930682
  183	0.0725902	0.930015
  182	0.0721936	0.929449
  181	0.0717969	0.928964
  180	0.0714286	       0
  180	0.0714286	0.928571
  180	0.0714002	0.928571
  179	0.0710036	0.090359
  178	0.0706069	0.164725
  177	0.0702102	 0.24565
  176	0.0698136	0.325629
  175	0.0694169	0.483294
  174	0.0690202	0.482814
  173	0.0686236	0.936498
  172	0.0682269	0.935576
  171	0.0678302	0.934838
  170	0.0674336	0.934235
  169	0.0670369	0.933732
  168	0.0666667	       0
  168	0.0666667	0.933333
  168	0.0666402	0.933333
  167	0.0662436	0.0993564
  166	0.0658469	0.197428
  165	0.0654502	0.326354
  164	0.0650536	0.484557
  163	0.0646569	 0.48402
  162	0.0642602	0.940406
  161	0.0638635	0.939463
  160	0.0634669	0.938734
  159	0.0630702	0.938154
  158	0.0626735	0.937681
  157	  0.0625	       0
  157	  0.0625	  0.9375
  157	0.0622769	  0.9375
  156	0.0618802	0.164974
  155	0.0614835	0.326841
  154	0.0610869	0.485467
  153	0.0606902	0.484936
  152	0.0602935	0.943528
  151	0.0598969	0.942654
  150	0.0595002	0.941994
  149	0.0591035	0.941478
  148	0.0588235	       0
  148	0.0588235	0.941176
  148	0.0587069	0.941176
  147	0.0583102	 0.16511
  146	0.0579135	0.327187
  145	0.0575169	 0.48618
  144	0.0571202	0.947292
  143	0.0567235	0.946204
  142	0.0563269	0.945436
  141	0.0559302	0.944864
  140	0.0555556	       0
  140	0.0555556	0.944444
  140	0.0555335	0.944444
  139	0.0551369	0.141752
  138	0.0547402	0.327505
  137	0.0543435	0.486836
  136	0.0539468	0.949655
  135	0.0535502	0.948675
  134	0.0531535	0.947996
  133	0.0527568	0.947499
  132	0.0526316	       0
  132	0.0526316	0.947368
  132	0.0523602	0.947368
  131	0.0519635	0.246769
  130	0.0515668	0.487531
  129	0.0511702	0.952022
  128	0.0507735	0.951072
  127	0.0503768	0.950436
  126	    0.05	       0
  126	    0.05	    0.95
  126	0.0499802	    0.95
  125	0.0495835	0.198109
  124	0.0491868	0.327875
  123	0.0487902	0.487815
  122	0.0483935	0.953502
  121	0.0479968	0.952826
  120	0.047619	       0
  120	0.047619	0.952381
  120	0.0476002	0.952381
  119	0.0472035	0.198149
  118	0.0468068	0.488761
  117	0.0464102	0.956194
  116	0.0460135	0.955287
  115	0.0456168	 0.95472
  114	0.0454545	       0
  114	0.0454545	0.954545
  114	0.0452202	0.954545
  113	0.0448235	0.328409
  112	0.0444268	0.958272
  111	0.0440301	0.957274
  110	0.0436335	 0.95669
  109	0.0434783	       0
  109	0.0434783	0.956522
  109	0.0432368	0.956522
  108	0.0428401	0.489762
  107	0.0424435	 0.95965
  106	0.0420468	0.958809
  105	0.0416667	       0
  105	0.0416667	0.958333
  105	0.0416501	0.958333
  104	0.0412535	 0.24744
  103	0.0408568	0.489838
  102	0.0404601	0.960626
  101	0.0400635	0.960066
  100	    0.04	       0
  100	    0.04	    0.96
  100	0.0396668	    0.96
   99	0.0392701	0.490254
   98	0.0388735	0.962093
   97	0.0384768	0.961554
   96	0.0384615	       0
   96	0.0384615	0.961538
   96	0.0380801	0.961538
   95	0.0376835	 0.96411
   94	0.0372868	0.963263
   93	0.037037	       0
   93	0.037037	0.962963
   93	0.0368901	0.962963
   92	0.0364935	0.491067
   91	0.0360968	0.964816
   90	0.0357143	       0
   90	0.0357143	0.964286
   90	0.0357001	0.964286
   89	0.0353035	0.329421
   88	0.0349068	0.966152
   87	0.0345101	0.965545
   86	0.0344828	       0
   86	0.0344828	0.965517
   86	0.0341134	0.965517
   85	0.0337168	0.967232
   84	0.0333333	       0
   84	0.0333333	0.966667
   84	0.0333201	0.966667
   83	0.0329234	0.491981
   82	0.0325268	0.968096
   81	0.0322581	       0
   81	0.0322581	0.967742
   81	0.0321301	0.967742
   80	0.0317334	0.969652
   79	0.0313368	0.968845
   78	 0.03125	       0
   78	 0.03125	 0.96875
   78	0.0309401	 0.96875
   77	0.0305434	0.970016
   76	0.030303	       0
   76	0.030303	0.969697
   76	0.0301468	0.969697
   75	0.0297501	0.971124
   74	0.0294118	       0
   74	0.0294118	0.970588
   74	0.0293534	0.970588
   73	0.0289568	0.972123
   72	0.0285714	       0
   72	0.0285714	0.971429
   72	0.0285601	0.971429
   71	0.0281634	0.972953
   70	0.0277778	       0
   70	0.0277778	0.972222
   70	0.0277668	0.972222
   69	0.0273701	 0.97359
   68	0.027027	       0
   68	0.027027	0.972973
   68	0.0269734	0.972973
   67	0.0265768	 0.97409
   66	0.0263158	       0
   66	0.0263158	0.973684
   66	0.0261801	0.973684
   65	0.0257834	0.974538
   64	0.025641	       0
   64	0.025641	0.974359
   64	0.0253868	0.974359
   63	   0.025	       0
   63	   0.025	   0.975
   63	0.0249901	   0.975
   62	0.0245934	0.975911
   61	0.0243902	       0
   61	0.0243902	 0.97561
   61	0.0241967	 0.97561
   60	0.0238095	       0
   60	0.0238095	 0.97619
   60	0.0238001	 0.97619
   59	0.0234034	0.976944
   58	0.0232558	       0
   58	0.0232558	0.976744
   58	0.0230067	0.976744
   57	0.0227273	       0
   57	0.0227273	0.977273
   57	0.0226101	0.977273
   56	0.0222222	       0
   56	0.0222222	0.977778
   56	0.0222134	0.977778
   55	0.0218167	0.978353
   54	0.0217391	       0
   54	0.0217391	0.978261
   54	0.0214201	0.978261
   53	0.0212766	       0
   53	0.0212766	0.978723
   53	0.0210234	0.978723
   52	0.0208333	       0
   52	0.0208333	0.979167
   52	0.0206267	0.979167
   51	0.0204082	       0
   51	0.0204082	0.979592
   51	0.0202301	0.979592
   50	    0.02	       0
   50	    0.02	    0.98
   50	0.0198334	    0.98
   49	0.0196078	       0
   49	0.0196078	0.980392
   49	0.0194367	0.980392
   48	0.0192308	       0
   48	0.0192308	0.980769
   48	0.0190401	0.980769
   47	0.0188679	       0
   47	0.0188679	0.981132
   47	0.0186434	0.981132
   46	0.0185185	       0
   46	0.0185185	0.981481
   46	0.0182467	0.981481
   45	0.0181818	       0
   45	0.0181818	0.981818
   45	0.0178501	0.981818
   44	0.0175439	       0
   44	0.0175439	0.982456
   44	0.0174534	0.982456
   43	0.0172414	       0
   43	0.0172414	0.982759
   43	0.0170567	0.982759
   42	0.0169492	       0
   42	0.0169492	0.983051
   42	0.0166601	0.983051
   41	0.0163934	       0
   41	0.0163934	0.983607
   41	0.0162634	0.983607
   40	0.016129	       0
   40	0.016129	0.983871
   40	0.0158667	0.983871
   39	0.015625	       0
   39	0.015625	0.984375
   39	0.0154701	0.984375
   38	0.0153846	       0
   38	0.0153846	0.984615
   38	0.0150734	0.984615
   37	0.0149254	       0
   37	0.0149254	0.985075
   37	0.0146767	0.985075
   36	0.0144928	       0
   36	0.0144928	0.985507
   36	 0.01428	0.985507
   35	0.0140845	       0
   35	0.0140845	0.985915
   35	0.0138834	0.985915
   34	0.0136986	       0
   34	0.0136986	0.986301
   34	0.0134867	0.986301
   33	0.0133333	       0
   33	0.0133333	0.986667
   33	 0.01309	0.986667
   32	0.012987	       0
   32	0.012987	0.987013
   32	0.0126934	0.987013
   31	0.0126582	       0
   31	0.0126582	0.987342
   31	0.0122967	0.987342
   30	0.0121951	       0
   30	0.0121951	0.987805
   30	  0.0119	0.987805
   29	0.0117647	       0
   29	0.0117647	0.988235
   29	0.0115034	0.988235
   28	0.0114943	       0
   28	0.0114943	0.988506
   28	0.0111067	0.988506
   27	0.010989	       0
   27	0.010989	0.989011
   27	 0.01071	0.989011
   26	0.0106383	       0
   26	0.0106383	0.989362
   26	0.0103134	0.989362
   25	0.0103093	       0
   25	0.0103093	0.989691
   25	0.0099167	0.989691
   24	0.00990099	       0
   24	0.00990099	0.990099
   24	0.00952003	0.990099
   23	0.00943396	       0
   23	0.00943396	0.990566
   23	0.00912336	0.990566
   22	0.00909091	       0
   22	0.00909091	0.990909
   22	0.0087267	0.990909
   21	0.00869565	       0
   21	0.00869565	0.991304
   21	0.00833003	0.991304
   20	0.00826446	       0
   20	0.00826446	0.991736
   20	0.00793336	0.991736
   19	0.00787402	       0
   19	0.00787402	0.992126
   19	0.00753669	0.992126
   18	0.0075188	       0
   18	0.0075188	0.992481
   18	0.00714002	0.992481
   17	0.0070922	       0
   17	0.0070922	0.992908
   17	0.00674336	0.992908
   16	0.00671141	       0
   16	0.00671141	0.993289
   16	0.00634669	0.993289
   15	0.00632911	       0
   15	0.00632911	0.993671
   15	0.00595002	0.993671
   14	0.00591716	       0
   14	0.00591716	0.994083
   14	0.00555335	0.994083
   13	0.00552486	       0
   13	0.00552486	0.994475
   13	0.00515668	0.994475
   12	0.00515464	       0
   12	0.00515464	0.994845
   12	0.00476002	0.994845
   11	0.00473934	       0
   11	0.00473934	0.995261
   11	0.00436335	0.995261
   10	0.00434783	       0
   10	0.00434783	0.995652
   10	0.00396668	0.995652
    9	0.00395257	       0
    9	0.00395257	0.996047
    9	0.00357001	0.996047
    8	0.00355872	       0
    8	0.00355872	0.996441
    8	0.00317334	0.996441
    7	0.00316456	       0
    7	0.00316456	0.996835
    7	0.00277668	0.996835
    6	0.00277008	       0
    6	0.00277008	 0.99723
    6	0.00238001	 0.99723
    5	0.0023753	       0
    5	0.0023753	0.997625
    5	0.00198334	0.997625
    4	0.0019802	       0
    4	0.0019802	 0.99802
    4	0.00158667	 0.99802
    3	0.00158479	       0
    3	0.00158479	0.998415
    3	 0.00119	0.998415
    2	0.00118906	       0
    2	0.00118906	0.998811
    2	0.000793336	0.998811
    1	0.000793021	       0
    1	0.000793021	0.999207
    1	0.000396668	0.999207
    0	0.000396511	       0
    0	0.000396511	0.999603
    0	       0	0.999603
