#
# Simple integral summation of N=121001000 slices
#
# a=1 b=0 c=-2 d=1 pole at -d/c
#
0.1	-1.28201	-0.426699
0.2	-1.09396	-0.7722
0.3	-0.857899	-1.00224
0.4	-0.62996	-1.12845
0.5	-0.438064	-1.18045
0.6	-0.288518	-1.18567
0.7	-0.177117	-1.16333
0.8	-0.096343	-1.12531
0.9	-0.0386557	-1.07851
1	0.00237389	-1.02694
1.1	0.0318662	-0.972922
1.2	0.0537646	-0.91792
1.3	0.0710455	-0.862923
1.4	0.0859185	-0.808678
1.5	0.0999922	-0.755805
1.6	0.114404	-0.704849
1.7	0.129923	-0.656307
1.8	0.147021	-0.610632
1.9	0.165943	-0.568238
2	0.186744	-0.529489
2.1	0.209336	-0.494699
2.2	0.233514	-0.464127
2.3	0.258984	-0.437967
2.4	0.285387	-0.416353
2.5	0.312317	-0.399352
2.6	0.339335	-0.386962
2.7	0.36599	-0.379118
2.8	0.391829	-0.375689
2.9	0.416407	-0.376485
3	0.439302	-0.381258
3.1	0.460119	-0.389707
3.2	0.478501	-0.401487
3.3	0.494135	-0.416209
3.4	0.506756	-0.433455
3.5	0.516152	-0.452779
3.6	0.522168	-0.473715
3.7	0.524704	-0.495788
3.8	0.523722	-0.518521
3.9	0.519239	-0.541436
4	0.511331	-0.564072
4.1	0.500129	-0.585983
4.2	0.485814	-0.606748
4.3	0.468616	-0.625979
4.4	0.448809	-0.643323
4.5	0.426705	-0.658467
4.6	0.402648	-0.671146
4.7	0.377009	-0.68114
4.8	0.350181	-0.688284
4.9	0.32257	-0.692463
5	0.294587	-0.693616
5.1	0.266646	-0.691737
5.2	0.239155	-0.686871
5.3	0.212508	-0.679116
5.4	0.187081	-0.668619
5.5	0.163226	-0.655572
5.6	0.141264	-0.640211
5.7	0.121485	-0.622809
5.8	0.104135	-0.603672
5.9	0.0894213	-0.583136
6	0.0775051	-0.561559
6.1	0.0684995	-0.539314
6.2	0.062469	-0.516787
6.3	0.0594282	-0.494367
6.4	0.059342	-0.472443
6.5	0.0621262	-0.451394
6.6	0.0676491	-0.431587
6.7	0.0757338	-0.413369
6.8	0.0861608	-0.397061
6.9	0.0986715	-0.382956
7	0.112972	-0.371312
7.1	0.12874	-0.362348
7.2	0.145623	-0.356242
7.3	0.163254	-0.353127
7.4	0.181247	-0.353091
7.5	0.199209	-0.356171
7.6	0.216745	-0.362358
7.7	0.23346	-0.371593
7.8	0.248971	-0.38377
7.9	0.262909	-0.398734
8	0.274923	-0.416288
8.1	0.284691	-0.436192
8.2	0.291919	-0.458168
8.3	0.296348	-0.481903
8.4	0.297759	-0.507054
8.5	0.295973	-0.533253
8.6	0.290858	-0.560111
8.7	0.282328	-0.587226
8.8	0.270346	-0.614186
8.9	0.254925	-0.640574
9	0.236126	-0.66598
9.1	0.214059	-0.689999
9.2	0.188884	-0.712241
9.3	0.160805	-0.732339
9.4	0.130068	-0.749948
9.5	0.09696	-0.764755
9.6	0.061805	-0.776481
9.7	0.0249576	-0.784886
9.8	-0.0132003	-0.789774
9.9	-0.0522649	-0.790993
10	-0.0918158	-0.78844
10.1	-0.131422	-0.78206
10.2	-0.170648	-0.771851
10.3	-0.209058	-0.75786
10.4	-0.246226	-0.740186
10.5	-0.281736	-0.718978
10.6	-0.315194	-0.694431
10.7	-0.346226	-0.666786
10.8	-0.374493	-0.636328
10.9	-0.399685	-0.60338
11	-0.421535	-0.568298
11.1	-0.439816	-0.531471
11.2	-0.454349	-0.49331
11.3	-0.465001	-0.454247
11.4	-0.471692	-0.414728
11.5	-0.474395	-0.375205
11.6	-0.473133	-0.336132
11.7	-0.467983	-0.29796
11.8	-0.459075	-0.261127
11.9	-0.44659	-0.226057
12	-0.430755	-0.193148
12.1	-0.411846	-0.162773
12.2	-0.390178	-0.13527
12.3	-0.366106	-0.110939
12.4	-0.340021	-0.0900377
12.5	-0.312338	-0.0727774
12.6	-0.283498	-0.0593204
12.7	-0.253961	-0.0497767
12.8	-0.224195	-0.0442026
12.9	-0.194675	-0.0425993
13	-0.165874	-0.0449128
13.1	-0.138259	-0.0510339
13.2	-0.112281	-0.0607992
13.3	-0.0883723	-0.0739932
13.4	-0.0669377	-0.0903504
13.5	-0.0483512	-0.109559
13.6	-0.0329493	-0.131263
13.7	-0.0210266	-0.155071
13.8	-0.0128313	-0.180553
13.9	-0.00856155	-0.207256
14	-0.00836237	-0.234701
14.1	-0.0123231	-0.262395
14.2	-0.0204756	-0.289833
14.3	-0.0327935	-0.316509
14.4	-0.0491916	-0.341919
14.5	-0.0695268	-0.36557
14.6	-0.0935988	-0.386985
14.7	-0.121153	-0.405711
14.8	-0.151882	-0.421324
14.9	-0.18543	-0.433436
15	-0.221398	-0.441698
15.1	-0.259345	-0.44581
15.2	-0.298796	-0.445519
15.3	-0.339249	-0.440628
15.4	-0.380177	-0.430997
15.5	-0.42104	-0.416546
15.6	-0.461284	-0.397254
15.7	-0.500358	-0.373167
15.8	-0.537712	-0.344389
15.9	-0.572809	-0.31109
16	-0.605132	-0.273496
16.1	-0.634187	-0.231895
16.2	-0.659515	-0.186629
16.3	-0.680693	-0.138093
16.4	-0.697342	-0.0867253
16.5	-0.709134	-0.033011
16.6	-0.715794	0.0225305
16.7	-0.717104	0.0793488
16.8	-0.712908	0.13687
16.9	-0.703115	0.194501
17	-0.687698	0.251642
17.1	-0.666696	0.307689
17.2	-0.640217	0.362042
17.3	-0.608433	0.414113
17.4	-0.571583	0.463337
17.5	-0.529965	0.509173
17.6	-0.483938	0.551113
17.7	-0.433918	0.588691
17.8	-0.38037	0.621487
17.9	-0.323803	0.649132
18	-0.264767	0.671315
18.1	-0.203847	0.687786
18.2	-0.141652	0.698357
18.3	-0.0788104	0.702911
18.4	-0.015963	0.701398
18.5	0.0462461	0.693839
18.6	0.107177	0.680327
18.7	0.1662	0.661024
18.8	0.222707	0.63616
18.9	0.276117	0.606033
19	0.325882	0.571002
19.1	0.371496	0.531488
19.2	0.4125	0.487965
19.3	0.448491	0.440954
19.4	0.479124	0.391022
19.5	0.504115	0.338772
19.6	0.523251	0.284833
19.7	0.536389	0.229859
19.8	0.543457	0.174516
19.9	0.544458	0.119477
20	0.53947	0.0654094
20.1	0.528644	0.012973
20.2	0.512205	-0.0371934
20.3	0.490446	-0.0844775
20.4	0.46373	-0.128302
20.5	0.432481	-0.168131
20.6	0.397182	-0.203479
20.7	0.358369	-0.233915
20.8	0.316623	-0.259069
20.9	0.272567	-0.278638
21	0.226854	-0.292387
21.1	0.180162	-0.300158
21.2	0.133185	-0.301867
21.3	0.0866238	-0.297507
21.4	0.0411802	-0.287153
21.5	-0.00245549	-0.270954
21.6	-0.0436109	-0.249138
21.7	-0.0816403	-0.222008
21.8	-0.115933	-0.189938
21.9	-0.145922	-0.15337
22	-0.171089	-0.112809
22.1	-0.190973	-0.0688146
22.2	-0.205179	-0.0220001
22.3	-0.213376	0.0269791
22.4	-0.215311	0.0774315
22.5	-0.210804	0.128638
22.6	-0.199759	0.17986
22.7	-0.18216	0.230349
22.8	-0.158073	0.279354
22.9	-0.127649	0.326134
23	-0.091121	0.369962
23.1	-0.0488009	0.410141
23.2	-0.00107819	0.446004
23.3	0.0515844	0.47693
23.4	0.108656	0.502348
23.5	0.169543	0.521746
23.6	0.233596	0.534676
23.7	0.300115	0.540762
23.8	0.368363	0.539704
23.9	0.437565	0.531283
24	0.506926	0.515362
24.1	0.575634	0.491895
24.2	0.642875	0.460919
24.3	0.707835	0.422563
24.4	0.769718	0.377042
24.5	0.827748	0.324657
24.6	0.881185	0.265793
24.7	0.929328	0.200914
24.8	0.971528	0.130561
24.9	1.00719	0.055342
25	1.0358	-0.0240717
25.1	1.05689	-0.106952
25.2	1.07009	-0.192524
25.3	1.07511	-0.279974
25.4	1.07174	-0.368455
25.5	1.05988	-0.457104
25.6	1.03948	-0.545043
25.7	1.01064	-0.631396
25.8	0.973508	-0.715295
25.9	0.928341	-0.795889
26	0.875486	-0.872359
26.1	0.815373	-0.943922
26.2	0.748516	-1.00985
26.3	0.675504	-1.06945
26.4	0.596996	-1.12212
26.5	0.513716	-1.16732
26.6	0.426442	-1.20458
26.7	0.335997	-1.23351
26.8	0.243244	-1.25384
26.9	0.149072	-1.26536
27	0.05439	-1.26796
27.1	-0.0398879	-1.26164
27.2	-0.132849	-1.24648
27.3	-0.223594	-1.22267
27.4	-0.311248	-1.1905
27.5	-0.394967	-1.15032
27.6	-0.473954	-1.10261
27.7	-0.547462	-1.0479
27.8	-0.614805	-0.986806
27.9	-0.675368	-0.920026
28	-0.728611	-0.848307
28.1	-0.774078	-0.772452
28.2	-0.811399	-0.693312
28.3	-0.8403	-0.611769
28.4	-0.860599	-0.528733
28.5	-0.872217	-0.445127
28.6	-0.875169	-0.361878
28.7	-0.869574	-0.279906
28.8	-0.855648	-0.200113
28.9	-0.833701	-0.123373
29	-0.804138	-0.0505219
29.1	-0.767451	0.0176524
29.2	-0.724213	0.0804197
29.3	-0.675075	0.137116
29.4	-0.620755	0.187151
29.5	-0.562032	0.230015
29.6	-0.499736	0.265286
29.7	-0.434737	0.292635
29.8	-0.367939	0.311828
29.9	-0.300265	0.322731
30	-0.232647	0.325311
30.1	-0.16602	0.319637
30.2	-0.101302	0.305879
30.3	-0.0393931	0.284307
30.4	0.0188437	0.255287
30.5	0.0725875	0.219279
30.6	0.121071	0.17683
30.7	0.163591	0.128568
30.8	0.199513	0.0751955
30.9	0.228285	0.0174825
31	0.249439	-0.0437446
31.1	0.262599	-0.107611
31.2	0.267485	-0.173203
31.3	0.263919	-0.239581
31.4	0.251825	-0.305787
31.5	0.231232	-0.37086
31.6	0.202273	-0.433842
31.7	0.165185	-0.493794
31.8	0.120305	-0.549804
31.9	0.0680699	-0.601
32	0.00900906	-0.64656
32.1	-0.0562603	-0.685717
32.2	-0.12704	-0.717778
32.3	-0.202558	-0.742122
32.4	-0.281977	-0.758216
32.5	-0.364405	-0.765615
32.6	-0.448904	-0.763973
32.7	-0.534498	-0.753044
32.8	-0.620191	-0.732686
32.9	-0.704971	-0.702866
33	-0.787824	-0.663656
33.1	-0.867747	-0.615238
33.2	-0.943759	-0.557899
33.3	-1.01491	-0.492031
33.4	-1.08029	-0.418122
33.5	-1.13905	-0.336759
33.6	-1.1904	-0.248615
33.7	-1.23362	-0.154446
33.8	-1.26808	-0.0550809
33.9	-1.29323	0.0485876
34	-1.30862	0.155611
34.1	-1.3139	0.264995
34.2	-1.30881	0.375713
34.3	-1.29323	0.486715
34.4	-1.26711	0.596939
34.5	-1.23055	0.705326
34.6	-1.18372	0.810825
34.7	-1.12694	0.912411
34.8	-1.0606	1.00909
34.9	-0.985209	1.09993
35	-0.901367	1.18403
35.1	-0.809764	1.26056
35.2	-0.71117	1.32879
35.3	-0.606432	1.38804
35.4	-0.496457	1.43774
35.5	-0.382211	1.47741
35.6	-0.264702	1.50668
35.7	-0.144971	1.52527
35.8	-0.0240809	1.53302
35.9	0.0968938	1.52989
36	0.216881	1.51592
36.1	0.334821	1.49128
36.2	0.449678	1.45627
36.3	0.560454	1.41124
36.4	0.666193	1.3567
36.5	0.766	1.29321
36.6	0.859044	1.22143
36.7	0.944568	1.14212
36.8	1.0219	1.05609
36.9	1.09045	0.964224
37	1.14975	0.86745
37.1	1.19939	0.766746
37.2	1.23909	0.66312
37.3	1.2687	0.557601
37.4	1.28812	0.451226
37.5	1.29741	0.345029
37.6	1.29672	0.240032
37.7	1.2863	0.137229
37.8	1.26651	0.0375805
37.9	1.2378	-0.0580005
38	1.20071	-0.148658
38.1	1.15587	-0.2336
38.2	1.10399	-0.31211
38.3	1.04585	-0.383554
38.4	0.982274	-0.447385
38.5	0.914149	-0.503149
38.6	0.842399	-0.550492
38.7	0.767973	-0.589162
38.8	0.69184	-0.61901
38.9	0.614973	-0.639991
39	0.538343	-0.652167
39.1	0.4629	-0.655701
39.2	0.389571	-0.650858
39.3	0.319243	-0.637999
39.4	0.252756	-0.617579
39.5	0.190892	-0.590138
39.6	0.134368	-0.556294
39.7	0.0838271	-0.516738
39.8	0.0398297	-0.472226
39.9	0.00285054	-0.423564
40	-0.0267283	-0.371606
40.1	-0.0486211	-0.317237
40.2	-0.0626412	-0.261368
40.3	-0.0687027	-0.204921
40.4	-0.0668211	-0.148819
40.5	-0.0571129	-0.093977
40.6	-0.0397934	-0.0412898
40.7	-0.015174	0.00837876
40.8	0.016342	0.0542051
40.9	0.0542639	0.0954161
41	0.0980206	0.131297
41.1	0.146967	0.161202
41.2	0.20039	0.184558
41.3	0.257522	0.200874
41.4	0.317545	0.209747
41.5	0.379602	0.210864
41.6	0.442808	0.204008
41.7	0.506258	0.189057
41.8	0.569041	0.165991
41.9	0.630249	0.134886
42	0.688985	0.0959166
42.1	0.744377	0.049353
42.2	0.795587	-0.00444255
42.3	0.841819	-0.0650197
42.4	0.882331	-0.131846
42.5	0.916439	-0.20431
42.6	0.943531	-0.281734
42.7	0.963067	-0.363377
42.8	0.974589	-0.448445
42.9	0.977727	-0.536098
43	0.9722	-0.625463
43.1	0.957819	-0.715642
43.2	0.934494	-0.805722
43.3	0.902227	-0.894785
43.4	0.861118	-0.981917
43.5	0.811361	-1.06622
43.6	0.753242	-1.14683
43.7	0.687137	-1.2229
43.8	0.613503	-1.29365
43.9	0.532878	-1.35832
44	0.445874	-1.41625
44.1	0.353166	-1.46682
44.2	0.255487	-1.50948
44.3	0.153624	-1.54379
44.4	0.0483988	-1.56936
44.5	-0.0593299	-1.5859
44.6	-0.168683	-1.59322
44.7	-0.27877	-1.5912
44.8	-0.388693	-1.57983
44.9	-0.497565	-1.55918
45	-0.604513	-1.52942
45.1	-0.708688	-1.49079
45.2	-0.809278	-1.44363
45.3	-0.905509	-1.38834
45.4	-0.996662	-1.32543
45.5	-1.08207	-1.25543
45.6	-1.16114	-1.17895
45.7	-1.23332	-1.09668
45.8	-1.29818	-1.0093
45.9	-1.35532	-0.917587
46	-1.40444	-0.822301
46.1	-1.44534	-0.724241
46.2	-1.47787	-0.624214
46.3	-1.50199	-0.523027
46.4	-1.51772	-0.421482
46.5	-1.52519	-0.320363
46.6	-1.52459	-0.22043
46.7	-1.51617	-0.122411
46.8	-1.50028	-0.0269963
46.9	-1.47732	0.0651732
47	-1.44774	0.153508
47.1	-1.41205	0.237476
47.2	-1.37082	0.316609
47.3	-1.32464	0.390505
47.4	-1.27412	0.458831
47.5	-1.21991	0.521328
47.6	-1.16269	0.577808
47.7	-1.1031	0.628157
47.8	-1.04181	0.672334
47.9	-0.979481	0.710369
48	-0.91674	0.742362
48.1	-0.854199	0.768478
48.2	-0.792434	0.788945
48.3	-0.731986	0.804048
48.4	-0.67335	0.814123
48.5	-0.616971	0.819555
48.6	-0.563242	0.820768
48.7	-0.5125	0.818221
48.8	-0.465018	0.812396
48.9	-0.421013	0.803799
49	-0.380633	0.792946
49.1	-0.343967	0.780356
49.2	-0.31104	0.76655
49.3	-0.281814	0.752035
49.4	-0.256194	0.737304
49.5	-0.234026	0.722826
49.6	-0.215104	0.70904
49.7	-0.199175	0.696354
49.8	-0.18594	0.68513
49.9	-0.175062	0.67569
