#
# Max = 10000
#
0	0	0	0	0	0	0
10	61.9969	23.5186	14.3267	6.97746	4.95351	9.9003
20	196.571	75.9393	56.6983	32.0842	35.6697	31.4878
30	399.711	158.813	111.719	63.9344	15.9975	50.6992
40	709.794	312.774	203.305	80.8316	181.646	99.6234
50	984.521	447.892	295.928	89.5769	258.373	240.968
60	1444.69	663.177	418.751	172.018	269.159	210.17
70	1939.46	856.421	621.882	346.121	318.673	429.829
80	2398.96	923.227	753.17	419.415	547.182	323.185
90	2972.56	1289.73	892.256	451.051	583.17	441.784
100	3765.63	1915.54	1174.09	609.723	815.235	722.198
110	4285.2	1944.87	1237.99	547.67	1028.21	665.068
120	4667.46	1753.57	1202.38	778.834	1088.62	374.059
130	5544.2	2148.62	1515.65	1028.16	984.401	502.282
140	6616.78	2703.06	2032.12	967.783	877.764	846.91
150	7596.46	3247.85	2488.86	919.136	1261.64	1181.07
160	8582.65	3809.59	2734.45	986.786	2090.68	1171.92
170	9654.81	4429.77	2916.6	979.956	2419.8	1645.87
180	10825.7	5100.8	3230.7	1139.86	2081.29	1894.58
190	11964.6	5411.88	3578.5	1596.96	1738.9	1614.12
200	12919.8	5191.18	3848.93	2241.51	1758.37	1690.16
210	13971.8	5291.77	4182.55	2811.48	2113.67	1910.44
220	15365.6	6486.31	4585.58	2543.4	2632.84	2027.46
230	16674.4	8069.4	5013.77	1626.85	2592.29	2830.63
240	17703.7	9008.29	5641.78	1334.25	2197.01	3883.87
250	19078.7	9471.54	6424.17	1723.96	2625.67	4684.3
260	21085.9	10049.9	7013.15	2292.39	3839.44	4819.39
270	22984.5	10590.4	7425.5	2676.9	5146.18	4253.24
280	24135.1	10722.7	7566.54	2853.26	6259.47	3466.89
290	24982.6	10732.1	7415.81	3005.5	7155.15	2711.44
300	26240.2	11104	7299.38	3320.58	7777.16	2247.86
310	27831.7	11724.1	7381.5	3674.91	8057.38	2295.12
320	29386.6	12281.5	7805.23	3894.38	7831.22	2654.95
330	31034	12911	8770.04	4037.86	6978.81	3186.53
340	33042	13837.7	10133.6	4296.11	6400.35	4347.3
350	35301.4	14955.8	11549.2	4767.82	7433.85	5813.49
360	37603.9	16055.2	12680.3	5293.88	9161.05	6647.67
370	39939.5	17038.2	13388.2	5679.99	10137.1	6607.78
380	42255	17920.1	13720.7	6523.1	9809.32	6105.39
390	44347.8	18894.3	13831.5	8059.93	8286.58	5789.74
400	46241.8	20264.3	13965.1	8695.74	6313.75	6194.92
410	48372.9	22140.8	14441.7	7366.38	5050.95	7400.16
420	51204.8	24278.4	15482.1	5180.48	5338.85	8750.4
430	54743.5	26230.8	16977.7	4725.53	7129.56	9513.77
440	58426.6	27619.6	18539.6	6324.55	9610.44	9552.72
450	61439.3	28346.4	19718.1	8597.95	11830.1	9417.91
460	63270.1	28676.1	20250.3	11259.6	13135.6	9857.82
470	64088.7	29056.7	20205.4	14133.9	13163	11038.8
480	64540.7	29672.8	19878.7	16292.2	12040	12519.7
490	65163.5	30147.3	19540.4	16576.9	10563	13625.9
500	66103.2	29847.6	19322.9	14862	9467.31	13537.2
510	67385.9	28601.5	19338.4	12375.3	8780.63	11681
520	69263.6	27090.6	19758.2	10809.6	9260.36	8552.21
530	72132.6	26523.8	20676.7	10753.5	12124.6	6132.97
540	76129.9	27902.3	22065.4	11343.4	16223.3	6088.92
550	80907.2	31455.8	23805.4	11687.1	19756.9	7404.3
560	85856.4	36562.8	25570.6	11474.5	21989.4	9503.68
570	90538.7	42074.9	27020.3	10835.1	23077.8	12008.9
580	94868.1	46792.5	28235.5	10184.5	23485.4	14172.8
590	98919.7	49899.5	29694	10030.2	23589.9	15890.9
600	102669	51280.1	31678.6	10656.6	23606.8	17570
610	105990	51591.1	33793.2	11823.9	23639.6	19199.3
620	108843	51903.3	35349.6	12821.3	23755.7	20442.3
630	111367	52998.8	36175.1	12989	24024.5	21343
640	113742	54841	36678.7	12410.1	24431.6	21989.1
650	116026	56680.5	37104.3	12107.1	24751.2	21923.7
660	118141	57665.5	37160.4	12817.3	24531.3	20628.9
670	120021	57424.9	36550.6	13865.8	23378.6	18194.1
680	121753	56271.2	35567.5	14439.1	21451.5	15294
690	123621	55040.2	35105.9	14681.3	19650.6	12896.9
700	126027	54703.7	36099.3	15280.5	19151.1	12247.8
710	129314	55882.6	38745.3	16454.5	20371.8	14488.5
720	133551	58467.2	42310.7	17513.7	22486.6	19053.2
730	138401	61601.6	45700.3	17677.6	24379.5	23818.8
740	143199	64125.9	48051	17363.1	25708.8	26656.3
750	147276	65263	48972.7	18289.7	26898.9	26465.3
760	150386	65138.3	48581.8	20953.2	28334.6	23681.7
770	152935	64778	47444.2	23478.5	29877.4	20141.2
780	155794	65538.1	46384.1	24131.3	31168.1	18146
790	159762	68289.9	46128.3	22841.7	32106.2	18634.9
800	165060	72883.6	46961.2	21048.5	33103.3	20588.8
810	171218	78245.7	48688.8	20572.1	34988.4	22782.2
820	177410	83009.9	50943.3	21883.6	38334.6	24626.7
830	182934	86200.3	53479.8	23972.2	42710.6	25963.4
840	187480	87511.5	56197.8	25936.6	46919.9	26858.9
850	191080	87133.2	58968.7	27620.4	49918.5	27432.6
860	193930	85444.4	61516.3	29236.3	51308.1	27687.2
870	196310	82902.5	63479.1	30935.3	51157.1	27488.6
880	198597	80142.4	64590.1	32554.9	49677.7	26755.4
890	201250	78037.8	64840.6	33547.7	47241.1	25740.9
900	204632	77515.1	64562.3	33331.3	44583.9	25226.7
910	208813	79176.6	64390.9	31915.5	42758.1	26339.9
920	213512	82998.4	65023.3	30075.6	42717.7	29721.9
930	218301	88335.2	66787.4	28707.3	44815.4	34779.8
940	222896	94240.5	69381	28154.7	48548.9	40017.7
950	227339	99903.1	72122.4	28375.6	52721.9	43896.6
960	231954	104954	74496.9	29245	55907.9	45546.6
970	237127	109513	76488.9	30449.5	56961.5	45170.9
980	243096	114012	78461.8	31611.9	55383.3	43958.7
990	249824	118909	80739.5	32519.4	51439.8	43382.8
1000	256995	124420	83274.1	32939.6	46011.8	44249
1010	264105	130383	85671.5	32476.2	40254.9	46378
1020	270617	136288	87482.1	30911.7	35267.1	49126.9
1030	276157	141472	88487.1	28556.6	31942.5	51911.5
1040	280676	145380	88825.6	26103.3	30955.3	54294.3
1050	284480	147762	88942.9	24192.4	32645.8	55893.6
1060	288080	148690	89380.7	23229.3	36834.6	56385.5
1070	291888	148392	90480.9	23525.9	42838.8	55617.8
1080	295964	147047	92165.6	25273.4	49659.3	53677.3
1090	299962	144694	93966.2	28268.6	56175.7	50810.8
1100	303363	141372	95279.5	31912	61329.8	47314.6
1110	305829	137346	95640.8	35558.6	64321.2	43545.7
1120	307489	133246	94892.3	38855.7	64848.1	39994.1
1130	308968	129958	93304.7	41837.1	63388.4	37310.6
1140	311163	128304	91654.6	44724.1	61360.6	36313
1150	314902	128732	91062.1	47609.4	60752.8	37718.3
1160	320645	131164	92464.7	50392.2	62923.4	41342.5
1170	328337	135096	96052.4	53038.1	67507.2	45768.6
1180	337435	139821	101192	55720.3	72883	49212.3
1190	347087	144676	106852	58496.5	77510	50605
1200	356417	149229	112088	60881.2	80666.3	50088.9
1210	364839	153395	116322	61949.3	82414.7	48808
1220	372307	157478	119438	60960	83201.6	48097.2
1230	379372	162088	121746	57956.9	83425.4	48594.6
1240	386942	167899	123813	53982	83207.7	50127
1250	395786	175256	126169	50803.7	82470.6	52333.4
1260	405972	183794	129009	50058.5	81202.1	55012.5
1270	416551	192281	131992	52120.2	79648	57831.6
1280	425705	198853	134288	55896.2	78240.4	60036.9
1290	431379	201621	134861	59793.3	77319.2	60698.4
1300	432130	199416	132881	62598.3	76906.1	59279.4
1310	427795	192331	128114	63756.8	76713.9	56045.3
1320	419658	181809	121137	63334.9	76292	52071.5
1330	410059	170240	113272	61868.7	75122.8	48793.3
1340	401649	160240	106230	60111.8	72689.6	47160.8
1350	396654	153967	101535	58661.8	68719.8	46978
1360	396435	152702	100047	57606	63746	47289.1
1370	401431	156789	101905	56497.4	59805.4	47518.5
1380	411378	165830	106862	54787.4	60239.4	48257
1390	425583	178947	114540	52459.8	67038	51039.7
1400	443109	194977	124409	50475.7	78410.9	57041.3
1410	462849	212561	135690	50587.9	90613.5	65871.3
1420	483542	230214	147390	54157.4	100563	75831.4
1430	503828	246413	158467	60928.4	106726	84897.2
1440	522379	259771	168030	69433.3	109071	91383.8
1450	538069	269233	175500	78243.9	108628	94301.1
1460	550140	274266	180696	86587.3	106819	93589.3
1470	558329	274998	183819	94298.4	104818	90191.2
1480	562931	272260	185320	101524	103217	85784
1490	564776	267517	185724	108416	102131	82110.3
1500	565102	262634	185542	114889	101522	80256.4
1510	565328	259502	185291	120499	101478	80508.9
1520	566769	259596	185544	124446	102232	82843.7
1530	570367	263609	186856	125750	103979	87290
1540	576524	271266	189567	123528	106647	93746
1550	585077	281414	193631	117318	109863	101664
1560	595393	292323	198604	107394	113205	110049
1570	606524	302092	203772	95050.1	116579	117702
1580	617388	309048	208338	82792.2	120411	123463
1590	626940	312060	211597	74095.1	125412	126413
1600	634351	310727	213092	71840.8	131987	126063
1610	639167	305441	212716	75872.7	139736	122513
1620	641430	297318	210734	83274.5	147515	116505
1630	641717	287975	207686	91119.3	154010	109272
1640	641030	279192	204232	97848.1	158365	102194
1650	640588	272530	201009	103120	160474	96363.9
1660	641542	269011	198568	107290	160825	92314.7
1670	644712	268955	197389	110905	160052	90090
1680	650414	272014	197877	114297	158519	89588.5
1690	658424	277371	200307	117330	156225	90879
1700	668065	284022	204732	119413	153056	94280.6
1710	678382	291028	210923	119712	149103	100171
1720	688361	297686	218325	117464	144765	108583
1730	697117	303571	226012	112250	140601	118791
1740	704034	308478	232720	104209	137092	129201
1750	708857	312328	237068	94240.5	134530	137681
1760	711722	315088	237964	84225.2	133096	142163
1770	713151	316764	235051	77057.6	133005	141247
1780	714013	317469	228970	75646.4	134552	134619
1790	715409	317529	221285	80569	137958	123208
1800	718498	317527	214051	89220.7	143123	109124
1810	724251	318243	209172	97888.8	149482	95521.1
1820	733187	320456	207814	103697	156075	86284.9
1830	745183	324683	210144	105270	161776	84815.5
1840	759413	330943	215492	102877	165561	91776.4
1850	774494	338683	222708	98343	166699	104709
1860	788814	346894	230515	94522	164859	120211
1870	800954	354412	237761	93969.2	160162	135409
1880	810082	360284	243594	97307.3	153188	148137
1890	816196	364086	247557	102964	144957	156840
1900	820142	366078	249655	108595	136872	160573
1910	823396	367144	250338	112473	130558	159061
1920	827690	368554	250435	113976	127561	152769
1930	834578	371593	250977	113500	128948	142938
1940	845061	377194	252932	112153	135008	131595
1950	859360	385643	256923	111316	145249	121403
1960	876886	396481	263027	112124	158628	115053
1970	896399	408597	270768	114996	173806	114002
1980	916330	420525	279302	119515	189343	117462
1990	935163	430837	287714	124756	203886	122986
2000	951786	438529	295314	129788	216377	128108
2010	965711	443273	301838	134048	226196	131486
2020	977108	445467	307473	137440	233188	133180
2030	986644	446072	312695	140215	237537	134288
2040	995180	446298	317975	142720	239554	136204
2050	1.00345e+06	447244	323478	145179	239478	139784
2060	1.01179e+06	449596	328935	147606	237407	144926
2070	1.02005e+06	453453	333734	149870	233382	150772
2080	1.02761e+06	458305	337180	151819	227549	156265
2090	1.03364e+06	463164	338759	153391	220281	160573
2100	1.0373e+06	466788	338307	154629	212167	163214
2110	1.0381e+06	467977	336028	155611	203881	163959
2120	1.03605e+06	465870	332404	156337	196030	162687
2130	1.03173e+06	460203	328047	156658	189078	159338
2140	1.02628e+06	451467	323558	156359	183412	153978
2150	1.0212e+06	440915	319436	155338	179450	146944
2160	1.01811e+06	430404	316054	153764	177673	138953
2170	1.01845e+06	422070	313701	152020	178510	131089
2180	1.02322e+06	417937	312628	150439	182131	124647
2190	1.03282e+06	419516	313069	149006	188295	120866
2200	1.04702e+06	427525	315177	147296	196366	120644
2210	1.06501e+06	441774	318939	144743	205471	124334
2220	1.0856e+06	461245	324114	141071	214709	131680
2230	1.10744e+06	484312	330286	136598	223327	141888
2240	1.12926e+06	509070	337003	132245	230828	153810
2250	1.15003e+06	533659	343934	129173	237021	166218
2260	1.16914e+06	556546	350964	128192	242014	178095
2270	1.18638e+06	576706	358185	129295	246176	188859
2280	1.20198e+06	593684	365807	131702	250053	198434
2290	1.21646e+06	607549	374046	134366	254239	207145
2300	1.2305e+06	618736	383032	136507	259220	215484
2310	1.24475e+06	627849	392747	137863	265223	223851
2320	1.25966e+06	635448	403004	138624	272142	232388
2330	1.27537e+06	641882	413449	139198	279587	240969
2340	1.29164e+06	647199	423613	139961	287028	249296
2350	1.3079e+06	651156	432975	141129	294000	257032
2360	1.32333e+06	653306	441045	142748	300261	263874
2370	1.33702e+06	653137	447399	144768	305866	269549
2380	1.34809e+06	650210	451677	147105	311104	273699
2390	1.35585e+06	644285	453524	149663	316342	275744
2400	1.35978e+06	635378	452557	152329	321804	274816
2410	1.35965e+06	623787	448384	154960	327380	269857
2420	1.35544e+06	610056	440749	157395	332538	259910
2430	1.34748e+06	594931	429728	159493	336364	244514
2440	1.33639e+06	579290	415922	161197	337734	224059
2450	1.32319e+06	564057	400537	162594	335569	199990
2460	1.3093e+06	550108	385282	163941	329094	174797
2470	1.29641e+06	538165	372071	165640	318064	151717
2480	1.28636e+06	528689	362576	168137	302885	134026
2490	1.28084e+06	521805	357794	171777	284617	123718
2500	1.28116e+06	517290	357827	176668	264841	120282
2510	1.288e+06	514649	361994	182633	245420	121094
2520	1.30129e+06	513276	369203	189290	228191	123257
2530	1.32028e+06	512688	378356	196237	214680	124968
2540	1.34373e+06	512757	388616	203228	205928	125736
2550	1.37014e+06	513886	399481	210214	202497	126053
2560	1.3981e+06	517071	410714	217182	204602	126937
2570	1.42648e+06	523801	422223	223869	212227	129541
2580	1.4546e+06	535822	433955	229515	225119	134913
2590	1.48224e+06	554797	445864	232894	242688	143961
2600	1.50951e+06	581932	457946	232635	263931	157483
2610	1.53671e+06	617650	470286	227734	287451	176080
2620	1.56409e+06	661377	483070	218015	311570	199885
2630	1.5917e+06	711483	496503	204363	334490	228295
2640	1.61927e+06	765404	510664	188604	354477	259907
2650	1.64621e+06	819919	525341	172984	370054	292696
2660	1.67159e+06	871547	539948	159350	380176	324344
2670	1.69438e+06	917004	553559	148453	384380	352605
2680	1.71355e+06	953631	565078	139957	382865	375636
2690	1.72828e+06	979737	573477	133327	376501	392216
2700	1.73816e+06	994779	578026	128868	366738	401855
2710	1.74324e+06	999359	578462	127971	355429	404761
2720	1.74409e+06	995036	575052	132114	344569	401713
2730	1.74172e+06	983998	568547	141358	335957	393862
2740	1.73742e+06	968654	560052	153938	330864	382515
2750	1.73263e+06	951236	550841	167291	329795	368945
2760	1.72866e+06	933482	542163	179274	332461	354242
2770	1.72656e+06	916457	535073	188795	338000	339236
2780	1.72701e+06	900540	530321	195877	345324	324503
2790	1.73025e+06	885540	528305	201398	353450	310437
2800	1.73615e+06	870928	529092	206627	361706	297378
2810	1.74427e+06	856096	532493	212731	369798	285734
2820	1.754e+06	840593	538156	220390	377751	276035
2830	1.76471e+06	824283	545662	229659	385781	268879
2840	1.77583e+06	807400	554596	240083	394127	264766
2850	1.78698e+06	790508	564570	250942	402884	263891
2860	1.79795e+06	774371	575205	261484	411880	266015
2870	1.80872e+06	759800	586073	271076	420596	270475
2880	1.81939e+06	747501	596643	279270	428175	276350
2890	1.83013e+06	737972	606264	285815	433508	282668
2900	1.8411e+06	731464	614215	290629	435398	288578
2910	1.85237e+06	728012	619816	293753	432765	293441
2920	1.86389e+06	727506	622577	295310	424862	296836
2930	1.87551e+06	729785	622329	295457	411446	298519
2940	1.88699e+06	734703	619300	294336	392874	298356
2950	1.89805e+06	742149	614101	292034	370090	296273
2960	1.90843e+06	752020	607625	288550	344519	292245
2970	1.91794e+06	764139	600877	283801	317865	286324
2980	1.92648e+06	778158	594768	277677	291882	278711
2990	1.934e+06	793484	589926	270155	268136	269823
3000	1.94054e+06	809246	586583	261457	247839	260314
3010	1.94611e+06	824342	584560	252187	231780	250990
3020	1.95075e+06	837552	583360	243399	220381	242606
3030	1.95446e+06	847716	582344	236503	213832	235597
3040	1.95727e+06	853927	580920	232958	212200	229872
3050	1.95931e+06	855713	578709	233813	215420	224836
3060	1.9608e+06	853161	575649	239297	223193	219652
3070	1.9622e+06	846953	572019	248723	234894	213607
3080	1.96416e+06	838302	568397	260777	249600	206425
3090	1.96752e+06	828796	565567	273967	266248	198390
3100	1.97325e+06	820172	564392	286996	283811	190295
3110	1.9823e+06	814059	565694	298960	301403	183236
3120	1.99548e+06	811741	570130	309378	318268	178344
3130	2.01326e+06	813976	578094	318115	333712	176518
3140	2.03571e+06	820926	589642	325252	347012	178243
3150	2.06243e+06	832187	604458	330941	357399	183550
3160	2.09255e+06	846931	621859	335292	364117	192088
3170	2.12485e+06	864118	640863	338297	366549	203276
3180	2.15796e+06	882739	660311	339809	364351	216460
3190	2.19052e+06	902027	679023	339555	357572	231050
3200	2.22139e+06	921592	695963	337199	346699	246624
3210	2.24985e+06	941455	710386	332484	332652	262971
3220	2.27563e+06	961980	721921	325453	316719	280067
3230	2.29888e+06	983708	730581	316718	300450	297961
3240	2.32013e+06	1.00715e+06	736701	307672	285485	316605
3250	2.34001e+06	1.0326e+06	740816	300453	273340	335701
3260	2.35912e+06	1.0599e+06	743518	297467	265138	354624
3270	2.37782e+06	1.08844e+06	745348	300431	261367	372469
3280	2.39604e+06	1.11709e+06	746720	309416	261808	388208
3290	2.41335e+06	1.14432e+06	747911	322574	265684	400894
3300	2.42894e+06	1.16838e+06	749073	336788	271988	409868
3310	2.44183e+06	1.18753e+06	750266	348696	279829	414891
3320	2.4511e+06	1.20027e+06	751486	355562	288655	416193
3330	2.4561e+06	1.2056e+06	752687	355776	298313	414422
3340	2.45664e+06	1.20317e+06	753806	349085	308967	410494
3350	2.45316e+06	1.1934e+06	754798	336636	320911	405387
3360	2.44667e+06	1.17749e+06	755681	320842	334370	399920
3370	2.4387e+06	1.15728e+06	756581	305032	349333	394596
3380	2.43113e+06	1.13513e+06	757750	292735	365481	389579
3390	2.42592e+06	1.1136e+06	759572	286600	382214	384832
3400	2.4249e+06	1.09524e+06	762518	287356	398757	380380
3410	2.42955e+06	1.08226e+06	767080	293588	414308	376617
3420	2.44084e+06	1.07638e+06	773676	302570	428193	374514
3430	2.45918e+06	1.07861e+06	782572	311478	440002	375617
3440	2.48439e+06	1.08926e+06	793811	318245	449683	381718
3450	2.51577e+06	1.10795e+06	807192	321887	457577	394247
3460	2.55217e+06	1.13366e+06	822280	322451	464379	413635
3470	2.59215e+06	1.16496e+06	838447	320769	471053	439020
3480	2.63405e+06	1.20009e+06	854936	318113	478697	468433
3490	2.67615e+06	1.2372e+06	870933	315830	488392	499321
3500	2.71676e+06	1.27448e+06	885643	315020	501053	529085
3510	2.75435e+06	1.31031e+06	898355	316313	517301	555494
3520	2.78763e+06	1.34338e+06	908506	319811	537362	576911
3530	2.81567e+06	1.37273e+06	915731	325153	561009	592380
3540	2.83795e+06	1.39784e+06	919889	331675	587551	601613
3550	2.8544e+06	1.41858e+06	921074	338564	615870	604904
3560	2.8654e+06	1.43514e+06	919598	344996	644503	603000
3570	2.87174e+06	1.44798e+06	915943	350227	671759	596950
3580	2.87447e+06	1.45766e+06	910708	353661	695862	587940
3590	2.87483e+06	1.46469e+06	904544	354902	715120	577139
3600	2.87406e+06	1.46949e+06	898096	353795	728087	565569
3610	2.87331e+06	1.47224e+06	891953	350454	733715	554002
3620	2.87348e+06	1.47285e+06	886624	345276	731470	542916
3630	2.87519e+06	1.47104e+06	882520	338928	721406	532497
3640	2.87875e+06	1.46637e+06	879943	332301	704182	522685
3650	2.88416e+06	1.45837e+06	879086	326417	681039	513252
3660	2.89117e+06	1.44672e+06	880020	322291	653741	503871
3670	2.89936e+06	1.43135e+06	882696	320753	624490	494184
3680	2.90824e+06	1.41256e+06	886948	322284	595818	483867
3690	2.91732e+06	1.3911e+06	892499	326917	570403	472708
3700	2.92621e+06	1.36815e+06	898987	334243	550807	460729
3710	2.93467e+06	1.34525e+06	905990	343522	539089	448323
3720	2.94263e+06	1.32418e+06	913052	353843	536402	436379
3730	2.95023e+06	1.30677e+06	919705	364286	542765	426279
3740	2.95781e+06	1.29472e+06	925489	374037	557146	419662
3750	2.96585e+06	1.2894e+06	929971	382442	577845	417946
3760	2.97496e+06	1.29173e+06	932777	389017	602962	421723
3770	2.98576e+06	1.30209e+06	933628	393405	630753	430387
3780	2.99884e+06	1.32029e+06	932393	395342	659796	442226
3790	3.01468e+06	1.34559e+06	929133	394628	688986	454942
3800	3.03358e+06	1.37681e+06	924123	391162	717439	466308
3810	3.05559e+06	1.41238e+06	917849	385032	744381	474684
3820	3.08049e+06	1.45049e+06	910969	376664	769063	479266
3830	3.10777e+06	1.48921e+06	904242	366995	790744	480101
3840	3.1367e+06	1.52654e+06	898447	357614	808719	477902
3850	3.16632e+06	1.56057e+06	894310	350744	822388	473765
3860	3.19559e+06	1.58953e+06	892443	348923	831331	468860
3870	3.2235e+06	1.61192e+06	893316	354308	835355	464171
3880	3.24911e+06	1.62657e+06	897250	367832	834517	460361
3890	3.27177e+06	1.63277e+06	904426	388726	829106	457763
3900	3.29108e+06	1.63034e+06	914910	414751	819592	456469
3910	3.30703e+06	1.61971e+06	928666	442916	806561	456459
3920	3.3199e+06	1.60187e+06	945561	470240	790649	457706
3930	3.33027e+06	1.57837e+06	965357	494272	772481	460229
3940	3.33888e+06	1.55116e+06	987693	513354	752639	464096
3950	3.34653e+06	1.52248e+06	1.01206e+06	526683	731640	469400
3960	3.35395e+06	1.49458e+06	1.03777e+06	534226	709948	476218
3970	3.36173e+06	1.46956e+06	1.064e+06	536532	687995	484575
3980	3.37026e+06	1.44916e+06	1.0898e+06	534495	666216	494406
3990	3.37972e+06	1.43463e+06	1.11417e+06	529115	645081	505520
4000	3.39009e+06	1.42665e+06	1.13617e+06	521317	625118	517583
4010	3.40124e+06	1.42531e+06	1.15502e+06	511857	606905	530113
4020	3.41299e+06	1.43011e+06	1.17019e+06	501318	591033	542511
4030	3.42516e+06	1.44014e+06	1.18147e+06	490174	578019	554120
4040	3.4376e+06	1.4541e+06	1.18899e+06	478855	568201	564301
4050	3.45023e+06	1.47049e+06	1.1932e+06	467788	561630	572513
4060	3.46305e+06	1.48776e+06	1.19481e+06	457401	558008	578376
4070	3.47609e+06	1.50441e+06	1.19466e+06	448097	556702	581705
4080	3.48944e+06	1.51921e+06	1.19365e+06	440232	556847	582521
4090	3.50322e+06	1.53124e+06	1.19263e+06	434124	557500	581042
4100	3.51762e+06	1.5401e+06	1.1923e+06	430083	557821	577658
4110	3.53292e+06	1.54588e+06	1.19316e+06	428434	557232	572900
4120	3.54947e+06	1.54923e+06	1.1955e+06	429496	555516	567400
4130	3.56772e+06	1.55124e+06	1.19941e+06	433499	552854	561844
4140	3.58814e+06	1.55336e+06	1.20479e+06	440486	549773	556908
4150	3.61118e+06	1.55717e+06	1.2114e+06	450225	547031	553185
4160	3.63714e+06	1.56413e+06	1.21892e+06	462205	545436	551094
4170	3.66606e+06	1.5754e+06	1.22691e+06	475706	545665	550815
4180	3.6976e+06	1.5916e+06	1.23491e+06	489924	548125	552237
4190	3.73099e+06	1.61272e+06	1.24233e+06	504089	552913	554947
4200	3.76499e+06	1.63807e+06	1.24852e+06	517548	559886	558275
4210	3.79801e+06	1.6664e+06	1.25274e+06	529794	568814	561368
4220	3.8282e+06	1.69602e+06	1.2542e+06	540456	579535	563315
4230	3.85368e+06	1.72508e+06	1.25217e+06	549264	592067	563277
4240	3.87279e+06	1.75179e+06	1.24605e+06	556025	606613	560627
4250	3.88428e+06	1.77464e+06	1.23555e+06	560608	623474	555054
4260	3.88752e+06	1.79262e+06	1.22072e+06	562959	642882	546621
4270	3.88263e+06	1.80525e+06	1.20207e+06	563121	664841	535759
4280	3.87047e+06	1.81265e+06	1.18054e+06	561262	689009	523198
4290	3.85262e+06	1.81542e+06	1.15741e+06	557673	714682	509851
4300	3.83118e+06	1.81454e+06	1.13419e+06	552734	740876	496688
4310	3.80861e+06	1.8112e+06	1.11249e+06	546843	766503	484641
4320	3.78745e+06	1.80668e+06	1.0938e+06	540318	790575	474555
4330	3.77012e+06	1.80216e+06	1.07937e+06	533313	812410	467184
4340	3.75869e+06	1.79865e+06	1.07004e+06	525774	831793	463185
4350	3.75474e+06	1.79695e+06	1.0662e+06	517485	849049	463071
4360	3.75923e+06	1.79754e+06	1.06771e+06	508183	865008	467106
4370	3.7725e+06	1.80069e+06	1.07395e+06	497737	880854	475165
4380	3.79426e+06	1.80638e+06	1.08396e+06	486323	897868	486655
4390	3.8237e+06	1.81437e+06	1.0966e+06	474556	917135	500529
4400	3.85952e+06	1.82423e+06	1.11073e+06	463513	939287	515420
4410	3.90013e+06	1.83538e+06	1.12535e+06	454617	964368	529849
4420	3.94372e+06	1.8471e+06	1.13981e+06	449378	991838	542443
4430	3.98849e+06	1.85864e+06	1.15378e+06	449033	1.0207e+06	552134
4440	4.03267e+06	1.86922e+06	1.16728e+06	454219	1.04969e+06	558317
4450	4.07475e+06	1.87814e+06	1.18061e+06	464807	1.07746e+06	560980
4460	4.1135e+06	1.88486e+06	1.19425e+06	479986	1.10267e+06	560776
4470	4.14808e+06	1.88904e+06	1.2087e+06	498514	1.12416e+06	559048
4480	4.17807e+06	1.89062e+06	1.22442e+06	519017	1.14093e+06	557745
4490	4.20349e+06	1.88986e+06	1.24169e+06	540216	1.15227e+06	559166
4500	4.22472e+06	1.88732e+06	1.26054e+06	561045	1.15775e+06	565504
4510	4.24254e+06	1.88387e+06	1.28074e+06	580681	1.15733e+06	578251
4520	4.25794e+06	1.88057e+06	1.30183e+06	598536	1.15133e+06	597678
4530	4.27208e+06	1.87858e+06	1.32312e+06	614214	1.14044e+06	622624
4540	4.28615e+06	1.87907e+06	1.34381e+06	627486	1.12565e+06	650711
4550	4.30124e+06	1.883e+06	1.36303e+06	638269	1.10815e+06	678842
4560	4.31825e+06	1.89105e+06	1.38e+06	646614	1.08921e+06	703793
4570	4.33781e+06	1.90349e+06	1.39407e+06	652694	1.07001e+06	722717
4580	4.36019e+06	1.92009e+06	1.40485e+06	656793	1.05162e+06	733529
4590	4.38533e+06	1.94014e+06	1.41225e+06	659285	1.03484e+06	735140
4600	4.41281e+06	1.96249e+06	1.41652e+06	660599	1.02025e+06	727563
4610	4.44196e+06	1.98568e+06	1.41821e+06	661183	1.0081e+06	711891
4620	4.47192e+06	2.00806e+06	1.41813e+06	661462	998442	690129
4630	4.50174e+06	2.028e+06	1.41721e+06	661803	991073	664884
4640	4.53053e+06	2.04407e+06	1.41632e+06	662477	985612	638929
4650	4.55754e+06	2.05519e+06	1.41615e+06	663652	981540	614685
4660	4.58219e+06	2.06076e+06	1.41705e+06	665376	978239	593760
4670	4.60419e+06	2.06068e+06	1.41899e+06	667594	975049	576697
4680	4.62343e+06	2.05536e+06	1.42159e+06	670155	971301	563052
4690	4.64001e+06	2.04562e+06	1.42422e+06	672844	966371	551757
4700	4.65414e+06	2.03257e+06	1.42614e+06	675404	959709	541607
4710	4.66608e+06	2.01746e+06	1.42668e+06	677572	950884	531651
4720	4.67604e+06	2.00151e+06	1.42538e+06	679110	939620	521395
4730	4.68418e+06	1.9858e+06	1.42202e+06	679836	925831	510797
4740	4.69057e+06	1.97117e+06	1.41666e+06	679639	909638	500147
4750	4.69526e+06	1.9582e+06	1.40962e+06	678493	891372	489908
4760	4.69828e+06	1.94725e+06	1.40136e+06	676449	871552	480603
4770	4.69981e+06	1.93849e+06	1.39248e+06	673604	850830	472779
4780	4.70021e+06	1.93205e+06	1.38361e+06	670063	829922	467024
4790	4.70007e+06	1.92814e+06	1.37538e+06	665891	809529	463999
4800	4.7003e+06	1.92712e+06	1.36848e+06	661069	790272	464436
4810	4.70205e+06	1.9296e+06	1.36358e+06	655472	772669	469084
4820	4.70661e+06	1.93644e+06	1.36144e+06	648882	757156	478611
4830	4.71537e+06	1.94873e+06	1.36283e+06	641035	744153	493512
4840	4.72954e+06	1.96764e+06	1.3685e+06	631699	734135	514062
4850	4.75011e+06	1.99435e+06	1.37909e+06	620769	727672	540322
4860	4.77759e+06	2.02981e+06	1.39497e+06	608354	725396	572163
4870	4.81197e+06	2.07459e+06	1.41614e+06	594846	727862	609278
4880	4.85264e+06	2.12876e+06	1.44216e+06	580945	735345	651154
4890	4.89844e+06	2.19171e+06	1.47211e+06	567641	747640	697024
4900	4.94768e+06	2.26217e+06	1.5047e+06	556130	763942	745822
4910	4.99837e+06	2.33819e+06	1.53841e+06	547693	782889	796175
4920	5.04832e+06	2.41726e+06	1.5716e+06	543517	802732	846450
4930	5.09541e+06	2.49644e+06	1.60278e+06	544514	821609	894855
4940	5.13775e+06	2.57258e+06	1.63064e+06	551165	837830	939570
4950	5.17386e+06	2.64258e+06	1.65424e+06	563447	850123	978894
4960	5.20276e+06	2.70359e+06	1.67302e+06	580845	857805	1.01138e+06
4970	5.22408e+06	2.75321e+06	1.68676e+06	602450	860867	1.03595e+06
4980	5.23802e+06	2.78974e+06	1.69562e+06	627093	859956	1.05196e+06
4990	5.24526e+06	2.8122e+06	1.69998e+06	653467	856279	1.05924e+06
5000	5.2469e+06	2.82042e+06	1.70038e+06	680233	851415	1.05806e+06
5010	5.24428e+06	2.81499e+06	1.69746e+06	706083	847081	1.04912e+06
5020	5.23881e+06	2.79719e+06	1.69185e+06	729786	844866	1.03342e+06
5030	5.23184e+06	2.76879e+06	1.68413e+06	750208	845992	1.01219e+06
5040	5.22457e+06	2.73193e+06	1.67485e+06	766330	851160	986767
5050	5.2179e+06	2.68894e+06	1.66446e+06	777262	860495	958495
5060	5.21246e+06	2.64213e+06	1.65338e+06	782253	873613	928601
5070	5.20858e+06	2.59368e+06	1.64198e+06	780720	889756	898131
5080	5.20638e+06	2.54553e+06	1.6306e+06	772267	907957	867903
5090	5.20578e+06	2.4993e+06	1.61952e+06	756726	927180	838494
5100	5.20663e+06	2.45626e+06	1.609e+06	734212	946430	810283
5110	5.20875e+06	2.41734e+06	1.59923e+06	705189	964814	783523
5120	5.21199e+06	2.38312e+06	1.59033e+06	670568	981581	758439
5130	5.21627e+06	2.35388e+06	1.58238e+06	631829	996144	735342
5140	5.22158e+06	2.32964e+06	1.57542e+06	591169	1.0081e+06	714718
5150	5.22796e+06	2.31015e+06	1.56949e+06	551632	1.01726e+06	697294
5160	5.2355e+06	2.295e+06	1.56467e+06	517114	1.02363e+06	684042
5170	5.24433e+06	2.28361e+06	1.56115e+06	492022	1.02744e+06	676098
5180	5.25454e+06	2.27531e+06	1.55924e+06	480357	1.02915e+06	674604
5190	5.26624e+06	2.26935e+06	1.55942e+06	484328	1.02936e+06	680465
5200	5.27953e+06	2.265e+06	1.56229e+06	503359	1.02883e+06	694092
5210	5.29453e+06	2.26159e+06	1.56856e+06	534370	1.02835e+06	715202
5220	5.31136e+06	2.25856e+06	1.5789e+06	573089	1.02873e+06	742756
5230	5.33023e+06	2.25555e+06	1.59388e+06	615385	1.03075e+06	775042
5240	5.35143e+06	2.25244e+06	1.61374e+06	658047	1.03506e+06	809869
5250	5.37533e+06	2.24935e+06	1.63839e+06	699039	1.04219e+06	844809
5260	5.40245e+06	2.24672e+06	1.66733e+06	737463	1.05252e+06	877438
5270	5.43335e+06	2.24524e+06	1.69971e+06	773353	1.06629e+06	905549
5280	5.46869e+06	2.24583e+06	1.73444e+06	807389	1.08355e+06	927327
5290	5.50911e+06	2.24958e+06	1.77036e+06	840534	1.10424e+06	941484
5300	5.55519e+06	2.25766e+06	1.80641e+06	873682	1.12812e+06	947372
5310	5.60737e+06	2.27118e+06	1.84179e+06	907352	1.1548e+06	945052
5320	5.66582e+06	2.29111e+06	1.876e+06	941518	1.18377e+06	935345
5330	5.73042e+06	2.31815e+06	1.90896e+06	975584	1.21436e+06	919835
5340	5.80062e+06	2.35262e+06	1.94084e+06	1.0085e+06	1.24578e+06	900829
5350	5.87546e+06	2.39442e+06	1.97202e+06	1.03899e+06	1.27712e+06	881226
5360	5.95355e+06	2.44299e+06	2.0029e+06	1.06575e+06	1.30736e+06	864259
5370	6.03311e+06	2.49731e+06	2.03375e+06	1.08764e+06	1.33547e+06	853092
5380	6.11205e+06	2.55596e+06	2.06454e+06	1.10386e+06	1.36039e+06	850278
5390	6.18811e+06	2.61719e+06	2.09487e+06	1.11397e+06	1.38113e+06	857234
5400	6.25898e+06	2.67906e+06	2.124e+06	1.11794e+06	1.39684e+06	873927
5410	6.32249e+06	2.73955e+06	2.15088e+06	1.11607e+06	1.40681e+06	898924
5420	6.37675e+06	2.79668e+06	2.17431e+06	1.10899e+06	1.4106e+06	929771
5430	6.4203e+06	2.84867e+06	2.19309e+06	1.09751e+06	1.40798e+06	963530
5440	6.45222e+06	2.894e+06	2.20616e+06	1.08259e+06	1.39902e+06	997270
5450	6.47222e+06	2.93155e+06	2.21274e+06	1.06522e+06	1.38404e+06	1.02841e+06
5460	6.48064e+06	2.96062e+06	2.21243e+06	1.04633e+06	1.3636e+06	1.05494e+06
5470	6.47844e+06	2.981e+06	2.20522e+06	1.02678e+06	1.3385e+06	1.07543e+06
5480	6.46715e+06	2.99294e+06	2.19152e+06	1.00731e+06	1.3097e+06	1.08911e+06
5490	6.44878e+06	2.99718e+06	2.1721e+06	988507	1.27826e+06	1.0958e+06
5500	6.42566e+06	2.99484e+06	2.14808e+06	970850	1.24535e+06	1.0958e+06
5510	6.40031e+06	2.98744e+06	2.12079e+06	954703	1.21214e+06	1.08989e+06
5520	6.3753e+06	2.9767e+06	2.09174e+06	940335	1.17974e+06	1.07915e+06
5530	6.35307e+06	2.96451e+06	2.06251e+06	927909	1.14923e+06	1.06489e+06
5540	6.3358e+06	2.95274e+06	2.03461e+06	917481	1.12154e+06	1.04854e+06
5550	6.32523e+06	2.94315e+06	2.00943e+06	908980	1.09745e+06	1.0315e+06
5560	6.32263e+06	2.93719e+06	1.98816e+06	902214	1.07757e+06	1.01502e+06
5570	6.32866e+06	2.93594e+06	1.97174e+06	896885	1.06229e+06	1.00016e+06
5580	6.34339e+06	2.93998e+06	1.9608e+06	892630	1.05175e+06	987723
5590	6.36626e+06	2.9494e+06	1.95567e+06	889077	1.04588e+06	978198
5600	6.39622e+06	2.96375e+06	1.95639e+06	885897	1.04436e+06	971818
5610	6.43174e+06	2.98217e+06	1.96274e+06	882839	1.04667e+06	968567
5620	6.47106e+06	3.00347e+06	1.97423e+06	879740	1.0521e+06	968226
5630	6.51228e+06	3.02629e+06	1.99019e+06	876489	1.05982e+06	970417
5640	6.55358e+06	3.04929e+06	2.00982e+06	872968	1.06892e+06	974660
5650	6.59338e+06	3.07132e+06	2.03223e+06	868977	1.07849e+06	980437
5660	6.63051e+06	3.09155e+06	2.05655e+06	864175	1.08767e+06	987262
5670	6.66427e+06	3.10959e+06	2.08198e+06	858064	1.09573e+06	994752
5680	6.69453e+06	3.12553e+06	2.10783e+06	850044	1.10212e+06	1.00269e+06
5690	6.72168e+06	3.13988e+06	2.13363e+06	839535	1.1065e+06	1.01107e+06
5700	6.74656e+06	3.15356e+06	2.15905e+06	826139	1.10877e+06	1.02012e+06
5710	6.77031e+06	3.16765e+06	2.18394e+06	809818	1.1091e+06	1.03024e+06
5720	6.79423e+06	3.18332e+06	2.20827e+06	791029	1.10785e+06	1.04202e+06
5730	6.81953e+06	3.20156e+06	2.23205e+06	770777	1.1056e+06	1.05606e+06
5740	6.84717e+06	3.22304e+06	2.25527e+06	750558	1.10302e+06	1.07293e+06
5750	6.87768e+06	3.24791e+06	2.27782e+06	732172	1.10085e+06	1.09298e+06
5760	6.91105e+06	3.27577e+06	2.29942e+06	717423	1.09981e+06	1.11625e+06
5770	6.94664e+06	3.30559e+06	2.31963e+06	707759	1.10054e+06	1.14237e+06
5780	6.98324e+06	3.33575e+06	2.33781e+06	703967	1.10357e+06	1.17054e+06
5790	7.01914e+06	3.36419e+06	2.35315e+06	706031	1.10927e+06	1.1995e+06
5800	7.05227e+06	3.38854e+06	2.36473e+06	713196	1.11785e+06	1.22769e+06
5810	7.08039e+06	3.40638e+06	2.37162e+06	724212	1.12939e+06	1.25334e+06
5820	7.10139e+06	3.41544e+06	2.37293e+06	737645	1.14385e+06	1.27462e+06
5830	7.1134e+06	3.41388e+06	2.36792e+06	752130	1.16108e+06	1.28985e+06
5840	7.11512e+06	3.4005e+06	2.3561e+06	766540	1.18092e+06	1.29762e+06
5850	7.10588e+06	3.37488e+06	2.3373e+06	780041	1.20316e+06	1.29697e+06
5860	7.08582e+06	3.33751e+06	2.31172e+06	792082	1.22763e+06	1.28738e+06
5870	7.05585e+06	3.28978e+06	2.27996e+06	802341	1.25421e+06	1.26888e+06
5880	7.01769e+06	3.2339e+06	2.24301e+06	810664	1.28283e+06	1.24202e+06
5890	6.9737e+06	3.17278e+06	2.20218e+06	817013	1.31347e+06	1.20775e+06
5900	6.92672e+06	3.1098e+06	2.15908e+06	821425	1.34612e+06	1.16736e+06
5910	6.87994e+06	3.04857e+06	2.11547e+06	823999	1.38074e+06	1.12234e+06
5920	6.83655e+06	2.99263e+06	2.07317e+06	824903	1.4172e+06	1.07428e+06
5930	6.79963e+06	2.94521e+06	2.03394e+06	824389	1.45519e+06	1.02476e+06
5940	6.77187e+06	2.90902e+06	1.99941e+06	822822	1.49423e+06	975394
5950	6.75539e+06	2.88601e+06	1.97092e+06	820699	1.53361e+06	927819
5960	6.75165e+06	2.87733e+06	1.94956e+06	818644	1.57244e+06	883806
5970	6.76132e+06	2.88321e+06	1.93606e+06	817381	1.60971e+06	845342
5980	6.7843e+06	2.90309e+06	1.93082e+06	817653	1.64438e+06	814637
5990	6.81974e+06	2.93561e+06	1.93391e+06	820123	1.67544e+06	793972
6000	6.86615e+06	2.97885e+06	1.94503e+06	825251	1.70209e+06	785342
6010	6.92152e+06	3.03046e+06	1.96355e+06	833182	1.72371e+06	789951
6020	6.98348e+06	3.08785e+06	1.98857e+06	843695	1.74002e+06	807790
6030	7.04953e+06	3.14844e+06	2.01891e+06	856199	1.75102e+06	837509
6040	7.11718e+06	3.20984e+06	2.05321e+06	869812	1.75705e+06	876653
6050	7.18415e+06	3.26997e+06	2.09002e+06	883479	1.75872e+06	922144
6060	7.24852e+06	3.32721e+06	2.12789e+06	896112	1.75688e+06	970786
6070	7.30883e+06	3.38049e+06	2.16545e+06	906720	1.75254e+06	1.01965e+06
6080	7.36415e+06	3.42931e+06	2.20153e+06	914503	1.7468e+06	1.06632e+06
6090	7.4141e+06	3.47372e+06	2.23518e+06	918912	1.74074e+06	1.10902e+06
6100	7.45884e+06	3.51428e+06	2.26571e+06	919661	1.73539e+06	1.14663e+06
6110	7.49899e+06	3.55194e+06	2.29273e+06	916705	1.73162e+06	1.17869e+06
6120	7.53555e+06	3.58797e+06	2.31612e+06	910205	1.73007e+06	1.20533e+06
6130	7.56977e+06	3.62376e+06	2.336e+06	900471	1.73117e+06	1.22715e+06
6140	7.60304e+06	3.66073e+06	2.35271e+06	887924	1.73509e+06	1.24513e+06
6150	7.63675e+06	3.70019e+06	2.36678e+06	873060	1.74175e+06	1.26051e+06
6160	7.6722e+06	3.74317e+06	2.37886e+06	856441	1.75087e+06	1.27458e+06
6170	7.71049e+06	3.79039e+06	2.3897e+06	838694	1.76197e+06	1.28862e+06
6180	7.75242e+06	3.84209e+06	2.40005e+06	820521	1.77445e+06	1.30369e+06
6190	7.79849e+06	3.89809e+06	2.41069e+06	802700	1.78764e+06	1.32051e+06
6200	7.84883e+06	3.9577e+06	2.42228e+06	786086	1.80082e+06	1.33943e+06
6210	7.90322e+06	4.01978e+06	2.43534e+06	771580	1.81327e+06	1.3603e+06
6220	7.96111e+06	4.0828e+06	2.45016e+06	760091	1.82433e+06	1.38251e+06
6230	8.02162e+06	4.14488e+06	2.4668e+06	752476	1.83337e+06	1.40504e+06
6240	8.0836e+06	4.20391e+06	2.48499e+06	749478	1.8399e+06	1.42655e+06
6250	8.14567e+06	4.25767e+06	2.50422e+06	751658	1.84347e+06	1.44553e+06
6260	8.2063e+06	4.30391e+06	2.52374e+06	759344	1.84376e+06	1.46046e+06
6270	8.26383e+06	4.34051e+06	2.54268e+06	772602	1.84051e+06	1.46998e+06
6280	8.31658e+06	4.36556e+06	2.56014e+06	791216	1.83351e+06	1.47308e+06
6290	8.36289e+06	4.37749e+06	2.57535e+06	814708	1.82253e+06	1.46918e+06
6300	8.40123e+06	4.37514e+06	2.58775e+06	842361	1.80732e+06	1.45829e+06
6310	8.43024e+06	4.35785e+06	2.59702e+06	873268	1.78755e+06	1.44096e+06
6320	8.44883e+06	4.32547e+06	2.60314e+06	906383	1.7628e+06	1.41833e+06
6330	8.45627e+06	4.27846e+06	2.60634e+06	940579	1.73263e+06	1.39192e+06
6340	8.4522e+06	4.21782e+06	2.60696e+06	974710	1.6966e+06	1.36349e+06
6350	8.43671e+06	4.14509e+06	2.6054e+06	1.00767e+06	1.65439e+06	1.33481e+06
6360	8.41035e+06	4.0623e+06	2.60203e+06	1.03846e+06	1.60592e+06	1.3074e+06
6370	8.37415e+06	3.9719e+06	2.59706e+06	1.06621e+06	1.55141e+06	1.28236e+06
6380	8.32955e+06	3.87662e+06	2.59063e+06	1.09024e+06	1.49152e+06	1.26023e+06
6390	8.27837e+06	3.77941e+06	2.58276e+06	1.11004e+06	1.42739e+06	1.24109e+06
6400	8.22275e+06	3.68326e+06	2.57354e+06	1.12533e+06	1.36057e+06	1.22462e+06
6410	8.16501e+06	3.59109e+06	2.56315e+06	1.13604e+06	1.29304e+06	1.21039e+06
6420	8.10761e+06	3.50562e+06	2.55198e+06	1.14227e+06	1.22707e+06	1.19807e+06
6430	8.05295e+06	3.42923e+06	2.54065e+06	1.14431e+06	1.165e+06	1.1876e+06
6440	8.00333e+06	3.36388e+06	2.53004e+06	1.14266e+06	1.10914e+06	1.17932e+06
6450	7.96084e+06	3.311e+06	2.52112e+06	1.13794e+06	1.06142e+06	1.17391e+06
6460	7.92723e+06	3.27145e+06	2.51493e+06	1.13096e+06	1.02331e+06	1.17225e+06
6470	7.90391e+06	3.24548e+06	2.51235e+06	1.12266e+06	995569	1.17525e+06
6480	7.89184e+06	3.23277e+06	2.51402e+06	1.11412e+06	978251	1.18355e+06
6490	7.89159e+06	3.23243e+06	2.52026e+06	1.10646e+06	970781	1.19735e+06
6500	7.90326e+06	3.24315e+06	2.53098e+06	1.1008e+06	972125	1.21624e+06
6510	7.92656e+06	3.26325e+06	2.54578e+06	1.09817e+06	981020	1.23928e+06
6520	7.96084e+06	3.29082e+06	2.564e+06	1.09936e+06	996178	1.26505e+06
6530	8.00514e+06	3.32388e+06	2.58479e+06	1.10489e+06	1.01644e+06	1.29189e+06
6540	8.05825e+06	3.36052e+06	2.60729e+06	1.11491e+06	1.04085e+06	1.31807e+06
6550	8.11876e+06	3.39901e+06	2.63065e+06	1.12921e+06	1.06867e+06	1.34201e+06
6560	8.18517e+06	3.43792e+06	2.65416e+06	1.14728e+06	1.09939e+06	1.3624e+06
6570	8.2559e+06	3.47617e+06	2.67722e+06	1.16836e+06	1.1326e+06	1.37829e+06
6580	8.32935e+06	3.51312e+06	2.69938e+06	1.19157e+06	1.16801e+06	1.3891e+06
6590	8.40397e+06	3.54851e+06	2.72029e+06	1.21604e+06	1.20533e+06	1.3946e+06
6600	8.4783e+06	3.58245e+06	2.73971e+06	1.24089e+06	1.24424e+06	1.39489e+06
6610	8.55099e+06	3.61536e+06	2.75742e+06	1.26536e+06	1.28437e+06	1.39032e+06
6620	8.62084e+06	3.6479e+06	2.77326e+06	1.28874e+06	1.32524e+06	1.38146e+06
6630	8.68685e+06	3.68083e+06	2.78704e+06	1.31037e+06	1.36635e+06	1.36906e+06
6640	8.74822e+06	3.71499e+06	2.7986e+06	1.32958e+06	1.40713e+06	1.35399e+06
6650	8.80439e+06	3.75114e+06	2.80781e+06	1.34568e+06	1.44707e+06	1.33723e+06
6660	8.85506e+06	3.78996e+06	2.81457e+06	1.35793e+06	1.48569e+06	1.31986e+06
6670	8.90018e+06	3.83199e+06	2.81887e+06	1.36554e+06	1.5226e+06	1.30303e+06
6680	8.93994e+06	3.87755e+06	2.82078e+06	1.36773e+06	1.55754e+06	1.28786e+06
6690	8.9748e+06	3.9268e+06	2.82052e+06	1.36377e+06	1.59032e+06	1.27546e+06
6700	9.00539e+06	3.97967e+06	2.81841e+06	1.35309e+06	1.62086e+06	1.26677e+06
6710	9.03249e+06	4.03589e+06	2.8149e+06	1.33536e+06	1.64911e+06	1.2625e+06
6720	9.05699e+06	4.09498e+06	2.81054e+06	1.31058e+06	1.67504e+06	1.2631e+06
6730	9.0798e+06	4.15629e+06	2.80593e+06	1.27918e+06	1.69863e+06	1.26863e+06
6740	9.10182e+06	4.21899e+06	2.80171e+06	1.24209e+06	1.71985e+06	1.27887e+06
6750	9.12386e+06	4.2821e+06	2.79851e+06	1.2008e+06	1.73863e+06	1.29327e+06
6760	9.14662e+06	4.34452e+06	2.79692e+06	1.15736e+06	1.75497e+06	1.31112e+06
6770	9.17067e+06	4.4051e+06	2.79746e+06	1.11439e+06	1.76891e+06	1.33157e+06
6780	9.19642e+06	4.46267e+06	2.80059e+06	1.07492e+06	1.78059e+06	1.35378e+06
6790	9.22414e+06	4.51614e+06	2.80665e+06	1.04224e+06	1.79031e+06	1.37695e+06
6800	9.25398e+06	4.56455e+06	2.8159e+06	1.01949e+06	1.79853e+06	1.40043e+06
6810	9.28601e+06	4.60715e+06	2.8285e+06	1.0092e+06	1.80585e+06	1.42369e+06
6820	9.3202e+06	4.64342e+06	2.84449e+06	1.01283e+06	1.81305e+06	1.44634e+06
6830	9.35652e+06	4.67318e+06	2.86381e+06	1.03043e+06	1.82095e+06	1.4681e+06
6840	9.39488e+06	4.6965e+06	2.88628e+06	1.06069e+06	1.83039e+06	1.4888e+06
6850	9.43517e+06	4.71374e+06	2.91159e+06	1.10123e+06	1.84213e+06	1.50829e+06
6860	9.47725e+06	4.72548e+06	2.93933e+06	1.1491e+06	1.85669e+06	1.52641e+06
6870	9.5209e+06	4.73238e+06	2.96893e+06	1.20122e+06	1.87434e+06	1.54296e+06
6880	9.56585e+06	4.73517e+06	2.99973e+06	1.25472e+06	1.895e+06	1.55765e+06
6890	9.61172e+06	4.73447e+06	3.03097e+06	1.30715e+06	1.9182e+06	1.57011e+06
6900	9.65798e+06	4.73071e+06	3.0618e+06	1.35653e+06	1.94314e+06	1.57989e+06
6910	9.704e+06	4.72411e+06	3.09133e+06	1.40144e+06	1.96877e+06	1.58644e+06
6920	9.74901e+06	4.71459e+06	3.11866e+06	1.44096e+06	1.99387e+06	1.5892e+06
6930	9.79215e+06	4.70181e+06	3.14294e+06	1.47466e+06	2.01722e+06	1.58762e+06
6940	9.83251e+06	4.68523e+06	3.16339e+06	1.50249e+06	2.03771e+06	1.58122e+06
6950	9.86917e+06	4.66418e+06	3.17933e+06	1.52479e+06	2.05449e+06	1.56962e+06
6960	9.9013e+06	4.63801e+06	3.19026e+06	1.54212e+06	2.06702e+06	1.55265e+06
6970	9.92819e+06	4.60619e+06	3.19587e+06	1.55526e+06	2.07512e+06	1.53034e+06
6980	9.94937e+06	4.56849e+06	3.19603e+06	1.56503e+06	2.07895e+06	1.50298e+06
6990	9.96461e+06	4.52504e+06	3.19086e+06	1.57227e+06	2.07897e+06	1.47113e+06
7000	9.97402e+06	4.47643e+06	3.18068e+06	1.57774e+06	2.07579e+06	1.43559e+06
7010	9.97797e+06	4.42374e+06	3.16604e+06	1.58205e+06	2.07005e+06	1.39741e+06
7020	9.9772e+06	4.3685e+06	3.14764e+06	1.58563e+06	2.06235e+06	1.3578e+06
7030	9.97267e+06	4.31262e+06	3.12634e+06	1.58869e+06	2.05311e+06	1.31803e+06
7040	9.96558e+06	4.25829e+06	3.10311e+06	1.59131e+06	2.04261e+06	1.2794e+06
7050	9.95723e+06	4.20781e+06	3.07895e+06	1.59338e+06	2.03099e+06	1.24308e+06
7060	9.94898e+06	4.1634e+06	3.05486e+06	1.59471e+06	2.01834e+06	1.21003e+06
7070	9.94209e+06	4.12706e+06	3.03176e+06	1.59507e+06	2.00484e+06	1.18098e+06
7080	9.93771e+06	4.1004e+06	3.01049e+06	1.59425e+06	1.99087e+06	1.15639e+06
7090	9.93671e+06	4.08452e+06	2.99175e+06	1.59206e+06	1.97701e+06	1.13646e+06
7100	9.93968e+06	4.07989e+06	2.97605e+06	1.58841e+06	1.96411e+06	1.12124e+06
7110	9.94683e+06	4.08636e+06	2.96373e+06	1.58329e+06	1.95314e+06	1.11066e+06
7120	9.95803e+06	4.1031e+06	2.95494e+06	1.57676e+06	1.94509e+06	1.10462e+06
7130	9.97278e+06	4.12872e+06	2.94962e+06	1.56896e+06	1.94078e+06	1.10301e+06
7140	9.99025e+06	4.16133e+06	2.94751e+06	1.56005e+06	1.94068e+06	1.10569e+06
7150	1.00094e+07	4.19867e+06	2.94818e+06	1.55025e+06	1.94478e+06	1.11245e+06
7160	1.00288e+07	4.23825e+06	2.95102e+06	1.53981e+06	1.95255e+06	1.12294e+06
7170	1.00473e+07	4.27753e+06	2.95528e+06	1.52901e+06	1.96298e+06	1.13663e+06
7180	1.00634e+07	4.31404e+06	2.96011e+06	1.51819e+06	1.97469e+06	1.15279e+06
7190	1.00759e+07	4.34555e+06	2.96461e+06	1.50775e+06	1.9861e+06	1.17058e+06
7200	1.00836e+07	4.37016e+06	2.96791e+06	1.49818e+06	1.99558e+06	1.18905e+06
7210	1.00857e+07	4.38642e+06	2.96925e+06	1.49007e+06	2.00163e+06	1.2073e+06
7220	1.00817e+07	4.39337e+06	2.96802e+06	1.48404e+06	2.00302e+06	1.22455e+06
7230	1.00715e+07	4.3906e+06	2.96384e+06	1.48079e+06	1.99886e+06	1.24025e+06
7240	1.00553e+07	4.37823e+06	2.95663e+06	1.48095e+06	1.9887e+06	1.25409e+06
7250	1.00337e+07	4.3569e+06	2.9466e+06	1.48505e+06	1.9725e+06	1.26607e+06
7260	1.00077e+07	4.32773e+06	2.93426e+06	1.49343e+06	1.95066e+06	1.27642e+06
7270	9.9786e+06	4.29228e+06	2.92041e+06	1.50613e+06	1.924e+06	1.28557e+06
7280	9.94809e+06	4.25245e+06	2.90608e+06	1.52287e+06	1.89365e+06	1.29406e+06
7290	9.91797e+06	4.21045e+06	2.89244e+06	1.54302e+06	1.86102e+06	1.30243e+06
7300	9.89024e+06	4.16868e+06	2.88078e+06	1.56561e+06	1.82771e+06	1.31115e+06
7310	9.86699e+06	4.12966e+06	2.87238e+06	1.58945e+06	1.79538e+06	1.32054e+06
7320	9.85034e+06	4.09595e+06	2.86847e+06	1.61317e+06	1.76569e+06	1.33072e+06
7330	9.84231e+06	4.07005e+06	2.87024e+06	1.63538e+06	1.74018e+06	1.3417e+06
7340	9.84483e+06	4.05435e+06	2.87874e+06	1.65474e+06	1.72022e+06	1.35339e+06
7350	9.85959e+06	4.05096e+06	2.89498e+06	1.67013e+06	1.70693e+06	1.36577e+06
7360	9.88797e+06	4.06171e+06	2.91983e+06	1.68063e+06	1.70114e+06	1.37902e+06
7370	9.93103e+06	4.08802e+06	2.95409e+06	1.68567e+06	1.70333e+06	1.39368e+06
7380	9.98938e+06	4.13084e+06	2.9984e+06	1.68501e+06	1.7137e+06	1.4107e+06
7390	1.00632e+07	4.1906e+06	3.05315e+06	1.67872e+06	1.7321e+06	1.43148e+06
7400	1.01521e+07	4.26716e+06	3.1184e+06	1.66719e+06	1.75807e+06	1.45772e+06
7410	1.02553e+07	4.35981e+06	3.19377e+06	1.65107e+06	1.7909e+06	1.49123e+06
7420	1.03715e+07	4.46725e+06	3.27835e+06	1.63116e+06	1.82964e+06	1.53357e+06
7430	1.04988e+07	4.58767e+06	3.37063e+06	1.60839e+06	1.87312e+06	1.58566e+06
7440	1.06349e+07	4.71877e+06	3.4686e+06	1.5837e+06	1.92006e+06	1.64756e+06
7450	1.07775e+07	4.85786e+06	3.56977e+06	1.558e+06	1.96906e+06	1.71828e+06
7460	1.09235e+07	5.00194e+06	3.67136e+06	1.53205e+06	2.0187e+06	1.79584e+06
7470	1.10702e+07	5.14787e+06	3.77044e+06	1.5065e+06	2.06754e+06	1.87747e+06
7480	1.12146e+07	5.29244e+06	3.86416e+06	1.48182e+06	2.11423e+06	1.95993e+06
7490	1.13537e+07	5.43253e+06	3.94987e+06	1.45835e+06	2.15753e+06	2.03981e+06
7500	1.14851e+07	5.56518e+06	4.02533e+06	1.4363e+06	2.19636e+06	2.11387e+06
7510	1.16064e+07	5.68775e+06	4.08879e+06	1.41588e+06	2.22984e+06	2.17925e+06
7520	1.17158e+07	5.79799e+06	4.13906e+06	1.39728e+06	2.25735e+06	2.2337e+06
7530	1.18118e+07	5.89406e+06	4.17557e+06	1.38081e+06	2.27853e+06	2.27569e+06
7540	1.18934e+07	5.97463e+06	4.19833e+06	1.36688e+06	2.29333e+06	2.30445e+06
7550	1.19603e+07	6.03885e+06	4.20791e+06	1.35602e+06	2.30199e+06	2.32003e+06
7560	1.20126e+07	6.08636e+06	4.20534e+06	1.34883e+06	2.30506e+06	2.32317e+06
7570	1.20506e+07	6.1172e+06	4.19201e+06	1.34594e+06	2.30335e+06	2.3153e+06
7580	1.20752e+07	6.13185e+06	4.1696e+06	1.34784e+06	2.29793e+06	2.29833e+06
7590	1.20876e+07	6.13108e+06	4.13989e+06	1.35483e+06	2.29003e+06	2.27449e+06
7600	1.20891e+07	6.11591e+06	4.1047e+06	1.3669e+06	2.28102e+06	2.24614e+06
7610	1.2081e+07	6.08755e+06	4.06573e+06	1.38368e+06	2.2723e+06	2.21556e+06
7620	1.20649e+07	6.04733e+06	4.02451e+06	1.40454e+06	2.26522e+06	2.18473e+06
7630	1.20421e+07	5.99662e+06	3.98235e+06	1.42862e+06	2.26104e+06	2.15514e+06
7640	1.20141e+07	5.93685e+06	3.94024e+06	1.45499e+06	2.26082e+06	2.12775e+06
7650	1.19819e+07	5.86943e+06	3.89894e+06	1.4828e+06	2.26537e+06	2.10285e+06
7660	1.19469e+07	5.79579e+06	3.85891e+06	1.5114e+06	2.27527e+06	2.08023e+06
7670	1.191e+07	5.71737e+06	3.82049e+06	1.54039e+06	2.2908e+06	2.05923e+06
7680	1.18723e+07	5.63563e+06	3.78385e+06	1.56968e+06	2.31202e+06	2.039e+06
7690	1.18348e+07	5.55206e+06	3.74917e+06	1.59939e+06	2.33874e+06	2.01872e+06
7700	1.17983e+07	5.46822e+06	3.71667e+06	1.62973e+06	2.37062e+06	1.99781e+06
7710	1.17639e+07	5.3857e+06	3.68667e+06	1.66088e+06	2.40715e+06	1.97611e+06
7720	1.17323e+07	5.30616e+06	3.65963e+06	1.69281e+06	2.44766e+06	1.95397e+06
7730	1.17045e+07	5.23122e+06	3.6361e+06	1.72517e+06	2.4914e+06	1.93226e+06
7740	1.16811e+07	5.16249e+06	3.61672e+06	1.75719e+06	2.53745e+06	1.91226e+06
7750	1.16629e+07	5.10148e+06	3.60205e+06	1.78777e+06	2.58482e+06	1.89545e+06
7760	1.16503e+07	5.04948e+06	3.59253e+06	1.81551e+06	2.63239e+06	1.88321e+06
7770	1.16436e+07	5.00754e+06	3.5883e+06	1.83889e+06	2.67897e+06	1.8765e+06
7780	1.16427e+07	4.97637e+06	3.58913e+06	1.85644e+06	2.72332e+06	1.87558e+06
7790	1.16473e+07	4.95629e+06	3.59437e+06	1.86695e+06	2.76421e+06	1.87987e+06
7800	1.1657e+07	4.94716e+06	3.60296e+06	1.86955e+06	2.80045e+06	1.88795e+06
7810	1.16709e+07	4.9484e+06	3.61348e+06	1.86382e+06	2.83094e+06	1.89769e+06
7820	1.16882e+07	4.95901e+06	3.62434e+06	1.84987e+06	2.85474e+06	1.90659e+06
7830	1.17077e+07	4.97758e+06	3.63389e+06	1.82826e+06	2.87105e+06	1.91204e+06
7840	1.17284e+07	5.00244e+06	3.64062e+06	1.79996e+06	2.87928e+06	1.91166e+06
7850	1.17493e+07	5.03173e+06	3.64335e+06	1.76625e+06	2.87902e+06	1.90356e+06
7860	1.17697e+07	5.06354e+06	3.64134e+06	1.72866e+06	2.87007e+06	1.88647e+06
7870	1.17889e+07	5.09605e+06	3.63436e+06	1.68878e+06	2.85244e+06	1.8598e+06
7880	1.18069e+07	5.12767e+06	3.62273e+06	1.64828e+06	2.82632e+06	1.8237e+06
7890	1.18237e+07	5.15714e+06	3.60724e+06	1.60882e+06	2.79212e+06	1.77891e+06
7900	1.18398e+07	5.18365e+06	3.58909e+06	1.572e+06	2.75042e+06	1.72672e+06
7910	1.18559e+07	5.20684e+06	3.56969e+06	1.53938e+06	2.70198e+06	1.66876e+06
7920	1.18731e+07	5.22688e+06	3.55049e+06	1.51241e+06	2.64771e+06	1.60691e+06
7930	1.18926e+07	5.2444e+06	3.53285e+06	1.49235e+06	2.58867e+06	1.54311e+06
7940	1.19155e+07	5.26041e+06	3.51787e+06	1.48013e+06	2.52601e+06	1.47926e+06
7950	1.1943e+07	5.27621e+06	3.50629e+06	1.47623e+06	2.46095e+06	1.41716e+06
7960	1.19759e+07	5.29327e+06	3.49854e+06	1.48046e+06	2.39472e+06	1.35839e+06
7970	1.20151e+07	5.31307e+06	3.4947e+06	1.49196e+06	2.32856e+06	1.30441e+06
7980	1.20609e+07	5.33695e+06	3.49465e+06	1.50918e+06	2.26368e+06	1.25651e+06
7990	1.21132e+07	5.36602e+06	3.49816e+06	1.52999e+06	2.20127e+06	1.21586e+06
8000	1.21716e+07	5.40102e+06	3.50496e+06	1.55197e+06	2.14252e+06	1.1835e+06
8010	1.22355e+07	5.44229e+06	3.5148e+06	1.57265e+06	2.08868e+06	1.16022e+06
8020	1.23039e+07	5.48971e+06	3.5275e+06	1.58977e+06	2.04107e+06	1.14651e+06
8030	1.23755e+07	5.54274e+06	3.54289e+06	1.60155e+06	2.00112e+06	1.14238e+06
8040	1.24491e+07	5.60045e+06	3.56081e+06	1.60689e+06	1.97037e+06	1.14728e+06
8050	1.25232e+07	5.66164e+06	3.581e+06	1.60546e+06	1.95032e+06	1.16009e+06
8060	1.25966e+07	5.72489e+06	3.60316e+06	1.59778e+06	1.94233e+06	1.17932e+06
8070	1.26684e+07	5.7887e+06	3.62692e+06	1.58521e+06	1.94734e+06	1.20325e+06
8080	1.27375e+07	5.85162e+06	3.65185e+06	1.56975e+06	1.96571e+06	1.23024e+06
8090	1.28034e+07	5.91232e+06	3.67761e+06	1.55387e+06	1.99706e+06	1.25899e+06
8100	1.28658e+07	5.96964e+06	3.70392e+06	1.54015e+06	2.04023e+06	1.28867e+06
8110	1.29245e+07	6.02272e+06	3.7307e+06	1.53089e+06	2.09336e+06	1.31901e+06
8120	1.29797e+07	6.07093e+06	3.75802e+06	1.52771e+06	2.15418e+06	1.35031e+06
8130	1.30315e+07	6.11395e+06	3.78612e+06	1.53129e+06	2.22017e+06	1.38327e+06
8140	1.30802e+07	6.15166e+06	3.81534e+06	1.5412e+06	2.28887e+06	1.41884e+06
8150	1.31261e+07	6.18416e+06	3.84602e+06	1.55608e+06	2.35809e+06	1.45795e+06
8160	1.31693e+07	6.21166e+06	3.87841e+06	1.57389e+06	2.42602e+06	1.50128e+06
8170	1.32098e+07	6.23448e+06	3.91259e+06	1.5923e+06	2.49132e+06	1.54907e+06
8180	1.32475e+07	6.25293e+06	3.94835e+06	1.60907e+06	2.5531e+06	1.60104e+06
8190	1.32821e+07	6.2673e+06	3.98522e+06	1.62233e+06	2.61085e+06	1.65638e+06
8200	1.33129e+07	6.27782e+06	4.02245e+06	1.6308e+06	2.66439e+06	1.71383e+06
8210	1.33395e+07	6.28465e+06	4.05906e+06	1.63381e+06	2.71373e+06	1.77184e+06
8220	1.3361e+07	6.28784e+06	4.09393e+06	1.63134e+06	2.75901e+06	1.8287e+06
8230	1.3377e+07	6.28737e+06	4.12589e+06	1.62385e+06	2.80038e+06	1.88272e+06
8240	1.33867e+07	6.28316e+06	4.15382e+06	1.61217e+06	2.83801e+06	1.9323e+06
8250	1.33899e+07	6.27505e+06	4.17676e+06	1.59733e+06	2.872e+06	1.97603e+06
8260	1.33865e+07	6.26289e+06	4.19398e+06	1.58036e+06	2.90244e+06	2.01277e+06
8270	1.33764e+07	6.24651e+06	4.20501e+06	1.56221e+06	2.9294e+06	2.04161e+06
8280	1.33603e+07	6.22576e+06	4.20974e+06	1.54367e+06	2.95292e+06	2.06194e+06
8290	1.33389e+07	6.20053e+06	4.20835e+06	1.52539e+06	2.97312e+06	2.07339e+06
8300	1.33133e+07	6.17078e+06	4.20136e+06	1.50793e+06	2.99011e+06	2.07583e+06
8310	1.32848e+07	6.13653e+06	4.18958e+06	1.49188e+06	3.00408e+06	2.06936e+06
8320	1.3255e+07	6.0979e+06	4.17401e+06	1.47799e+06	3.01526e+06	2.05428e+06
8330	1.32255e+07	6.05509e+06	4.15584e+06	1.46717e+06	3.02396e+06	2.0311e+06
8340	1.3198e+07	6.00847e+06	4.13634e+06	1.46057e+06	3.03053e+06	2.0005e+06
8350	1.31741e+07	5.95852e+06	4.1168e+06	1.45939e+06	3.0354e+06	1.96332e+06
8360	1.31554e+07	5.9059e+06	4.09844e+06	1.46477e+06	3.03906e+06	1.9206e+06
8370	1.31431e+07	5.85143e+06	4.08236e+06	1.47755e+06	3.04208e+06	1.87353e+06
8380	1.31384e+07	5.79613e+06	4.06949e+06	1.49802e+06	3.04505e+06	1.82345e+06
8390	1.3142e+07	5.74122e+06	4.06056e+06	1.52585e+06	3.04859e+06	1.77187e+06
8400	1.31546e+07	5.6881e+06	4.05608e+06	1.56002e+06	3.05325e+06	1.72042e+06
8410	1.31764e+07	5.63833e+06	4.05632e+06	1.599e+06	3.0595e+06	1.67086e+06
8420	1.32073e+07	5.5936e+06	4.06134e+06	1.64087e+06	3.0676e+06	1.62501e+06
8430	1.32471e+07	5.55573e+06	4.07104e+06	1.68362e+06	3.07759e+06	1.5847e+06
8440	1.32953e+07	5.52652e+06	4.08516e+06	1.72535e+06	3.08923e+06	1.55173e+06
8450	1.33513e+07	5.50779e+06	4.10334e+06	1.76444e+06	3.10202e+06	1.52775e+06
8460	1.34142e+07	5.50122e+06	4.12515e+06	1.79967e+06	3.11523e+06	1.5142e+06
8470	1.34833e+07	5.50834e+06	4.15015e+06	1.83029e+06	3.12799e+06	1.51221e+06
8480	1.35576e+07	5.53041e+06	4.17792e+06	1.85599e+06	3.1394e+06	1.52255e+06
8490	1.36362e+07	5.5684e+06	4.20806e+06	1.87691e+06	3.14863e+06	1.54561e+06
8500	1.37183e+07	5.6229e+06	4.24025e+06	1.8935e+06	3.15501e+06	1.58139e+06
8510	1.38031e+07	5.69409e+06	4.27421e+06	1.90649e+06	3.15809e+06	1.62952e+06
8520	1.38898e+07	5.78172e+06	4.30975e+06	1.91673e+06	3.1577e+06	1.68933e+06
8530	1.3978e+07	5.88511e+06	4.3467e+06	1.92509e+06	3.15386e+06	1.75985e+06
8540	1.40671e+07	6.00312e+06	4.38495e+06	1.93236e+06	3.14681e+06	1.83986e+06
8550	1.41567e+07	6.13424e+06	4.42437e+06	1.93912e+06	3.13685e+06	1.92791e+06
8560	1.42466e+07	6.27654e+06	4.46484e+06	1.9457e+06	3.12429e+06	2.02233e+06
8570	1.43364e+07	6.42781e+06	4.5062e+06	1.95212e+06	3.10935e+06	2.12129e+06
8580	1.44258e+07	6.58558e+06	4.54821e+06	1.9581e+06	3.09213e+06	2.22279e+06
8590	1.45146e+07	6.74718e+06	4.59059e+06	1.96308e+06	3.07257e+06	2.32473e+06
8600	1.46022e+07	6.90983e+06	4.63297e+06	1.96628e+06	3.0505e+06	2.42501e+06
8610	1.46883e+07	7.07074e+06	4.67491e+06	1.96684e+06	3.02568e+06	2.52154e+06
8620	1.47723e+07	7.22713e+06	4.71588e+06	1.96387e+06	2.99792e+06	2.6124e+06
8630	1.48534e+07	7.37637e+06	4.75531e+06	1.95664e+06	2.96715e+06	2.69586e+06
8640	1.49308e+07	7.51598e+06	4.79261e+06	1.94468e+06	2.93351e+06	2.77047e+06
8650	1.50037e+07	7.64378e+06	4.82716e+06	1.92787e+06	2.89745e+06	2.83514e+06
8660	1.50712e+07	7.75784e+06	4.85835e+06	1.90659e+06	2.85969e+06	2.88918e+06
8670	1.51325e+07	7.8566e+06	4.88564e+06	1.88173e+06	2.82126e+06	2.93229e+06
8680	1.51868e+07	7.93887e+06	4.90857e+06	1.8547e+06	2.7834e+06	2.96459e+06
8690	1.52335e+07	8.00384e+06	4.92675e+06	1.82743e+06	2.74745e+06	2.98656e+06
8700	1.52722e+07	8.05113e+06	4.93994e+06	1.80216e+06	2.71475e+06	2.99902e+06
8710	1.53026e+07	8.0807e+06	4.94803e+06	1.78131e+06	2.68645e+06	3.003e+06
8720	1.53249e+07	8.09291e+06	4.95104e+06	1.7671e+06	2.66343e+06	2.99966e+06
8730	1.53394e+07	8.08846e+06	4.94915e+06	1.76131e+06	2.64612e+06	2.99019e+06
8740	1.53466e+07	8.06837e+06	4.94266e+06	1.76495e+06	2.63454e+06	2.97571e+06
8750	1.53473e+07	8.03389e+06	4.93199e+06	1.77808e+06	2.62822e+06	2.95716e+06
8760	1.53424e+07	7.98654e+06	4.91769e+06	1.79983e+06	2.6263e+06	2.93529e+06
8770	1.53331e+07	7.928e+06	4.90037e+06	1.82849e+06	2.62759e+06	2.91061e+06
8780	1.53205e+07	7.86006e+06	4.88071e+06	1.86185e+06	2.63073e+06	2.88339e+06
8790	1.53057e+07	7.78464e+06	4.85944e+06	1.89744e+06	2.63422e+06	2.85378e+06
8800	1.52899e+07	7.70368e+06	4.8373e+06	1.93289e+06	2.63663e+06	2.82181e+06
8810	1.52743e+07	7.61912e+06	4.81507e+06	1.96615e+06	2.63658e+06	2.78754e+06
8820	1.52599e+07	7.53289e+06	4.79351e+06	1.99563e+06	2.63289e+06	2.75107e+06
8830	1.52475e+07	7.44683e+06	4.77336e+06	2.02026e+06	2.62459e+06	2.71267e+06
8840	1.5238e+07	7.3627e+06	4.75535e+06	2.03954e+06	2.61096e+06	2.67275e+06
8850	1.52318e+07	7.2821e+06	4.74012e+06	2.05341e+06	2.59156e+06	2.63192e+06
8860	1.52295e+07	7.20647e+06	4.72826e+06	2.06223e+06	2.56627e+06	2.59093e+06
8870	1.52314e+07	7.13707e+06	4.72024e+06	2.06662e+06	2.53525e+06	2.55063e+06
8880	1.52376e+07	7.07491e+06	4.71642e+06	2.06735e+06	2.49899e+06	2.51194e+06
8890	1.52481e+07	7.02078e+06	4.71699e+06	2.06524e+06	2.45829e+06	2.47578e+06
8900	1.52627e+07	6.97522e+06	4.72197e+06	2.06103e+06	2.41424e+06	2.44305e+06
8910	1.5281e+07	6.93851e+06	4.73125e+06	2.05535e+06	2.36818e+06	2.41454e+06
8920	1.53027e+07	6.91069e+06	4.74453e+06	2.04864e+06	2.32165e+06	2.39101e+06
8930	1.53273e+07	6.89157e+06	4.76136e+06	2.04117e+06	2.27635e+06	2.37311e+06
8940	1.5354e+07	6.88076e+06	4.78122e+06	2.03304e+06	2.23404e+06	2.36142e+06
8950	1.53824e+07	6.8777e+06	4.80348e+06	2.02421e+06	2.19649e+06	2.35648e+06
8960	1.54118e+07	6.88171e+06	4.82746e+06	2.01453e+06	2.16533e+06	2.35873e+06
8970	1.54415e+07	6.89204e+06	4.85251e+06	2.00384e+06	2.14206e+06	2.36851e+06
8980	1.54711e+07	6.9079e+06	4.87798e+06	1.99194e+06	2.12789e+06	2.386e+06
8990	1.55003e+07	6.92853e+06	4.90324e+06	1.97865e+06	2.12377e+06	2.41113e+06
9000	1.55287e+07	6.95319e+06	4.92776e+06	1.96388e+06	2.13032e+06	2.4435e+06
9010	1.55563e+07	6.98123e+06	4.95102e+06	1.9476e+06	2.14783e+06	2.48227e+06
9020	1.55831e+07	7.01208e+06	4.97257e+06	1.92989e+06	2.17627e+06	2.52619e+06
9030	1.56094e+07	7.04525e+06	4.99201e+06	1.91098e+06	2.21536e+06	2.57353e+06
9040	1.56356e+07	7.08031e+06	5.00899e+06	1.89124e+06	2.26452e+06	2.62219e+06
9050	1.56621e+07	7.11692e+06	5.02321e+06	1.87122e+06	2.32294e+06	2.66981e+06
9060	1.56893e+07	7.15473e+06	5.0345e+06	1.85164e+06	2.3896e+06	2.71387e+06
9070	1.57179e+07	7.1934e+06	5.0428e+06	1.83339e+06	2.46325e+06	2.75194e+06
9080	1.57482e+07	7.23258e+06	5.04823e+06	1.81751e+06	2.54248e+06	2.78184e+06
9090	1.57808e+07	7.27185e+06	5.05115e+06	1.8051e+06	2.62572e+06	2.80179e+06
9100	1.5816e+07	7.31076e+06	5.05215e+06	1.79728e+06	2.71129e+06	2.81057e+06
9110	1.5854e+07	7.34881e+06	5.05209e+06	1.79504e+06	2.79748e+06	2.80767e+06
9120	1.58949e+07	7.38544e+06	5.05205e+06	1.79915e+06	2.88259e+06	2.79331e+06
9130	1.59388e+07	7.42012e+06	5.05325e+06	1.81006e+06	2.965e+06	2.76848e+06
9140	1.59856e+07	7.45232e+06	5.057e+06	1.8278e+06	3.04326e+06	2.7349e+06
9150	1.60351e+07	7.48162e+06	5.06451e+06	1.85197e+06	3.11619e+06	2.69494e+06
9160	1.60873e+07	7.50772e+06	5.07682e+06	1.88178e+06	3.18285e+06	2.65147e+06
9170	1.61419e+07	7.53048e+06	5.09464e+06	1.91611e+06	3.24266e+06	2.60764e+06
9180	1.61988e+07	7.54999e+06	5.11832e+06	1.95359e+06	3.29534e+06	2.56668e+06
9190	1.6258e+07	7.56656e+06	5.14782e+06	1.99276e+06	3.34098e+06	2.5316e+06
9200	1.63194e+07	7.58077e+06	5.1827e+06	2.03216e+06	3.37994e+06	2.50498e+06
9210	1.63831e+07	7.59342e+06	5.22227e+06	2.07039e+06	3.41282e+06	2.48876e+06
9220	1.64492e+07	7.60553e+06	5.26567e+06	2.10625e+06	3.44041e+06	2.48413e+06
9230	1.65178e+07	7.61827e+06	5.31197e+06	2.13871e+06	3.46363e+06	2.4915e+06
9240	1.65889e+07	7.63291e+06	5.36034e+06	2.16696e+06	3.48342e+06	2.51062e+06
9250	1.66628e+07	7.65075e+06	5.41008e+06	2.19042e+06	3.50072e+06	2.54071e+06
9260	1.67393e+07	7.67302e+06	5.46067e+06	2.20872e+06	3.51638e+06	2.58067e+06
9270	1.68184e+07	7.70077e+06	5.51178e+06	2.2217e+06	3.53115e+06	2.62922e+06
9280	1.68999e+07	7.73484e+06	5.56321e+06	2.22936e+06	3.5456e+06	2.68508e+06
9290	1.69834e+07	7.77572e+06	5.61482e+06	2.23185e+06	3.56016e+06	2.74698e+06
9300	1.70683e+07	7.82355e+06	5.66647e+06	2.22947e+06	3.5751e+06	2.81375e+06
9310	1.71538e+07	7.87802e+06	5.71791e+06	2.22262e+06	3.59049e+06	2.88423e+06
9320	1.7239e+07	7.9384e+06	5.76875e+06	2.21179e+06	3.60625e+06	2.95733e+06
9330	1.73227e+07	8.00352e+06	5.81845e+06	2.19758e+06	3.62214e+06	3.0319e+06
9340	1.74038e+07	8.07183e+06	5.8663e+06	2.18063e+06	3.63778e+06	3.10672e+06
9350	1.74809e+07	8.14141e+06	5.91145e+06	2.16166e+06	3.65267e+06	3.1805e+06
9360	1.75527e+07	8.21012e+06	5.95298e+06	2.14141e+06	3.6662e+06	3.25184e+06
9370	1.76178e+07	8.27564e+06	5.98998e+06	2.12065e+06	3.67767e+06	3.31924e+06
9380	1.76749e+07	8.33562e+06	6.02155e+06	2.10014e+06	3.68635e+06	3.38111e+06
9390	1.77231e+07	8.38779e+06	6.04688e+06	2.08063e+06	3.69145e+06	3.43578e+06
9400	1.77612e+07	8.4301e+06	6.06528e+06	2.0628e+06	3.6922e+06	3.48155e+06
9410	1.77889e+07	8.4608e+06	6.07618e+06	2.04725e+06	3.68786e+06	3.51673e+06
9420	1.78056e+07	8.47858e+06	6.07913e+06	2.03447e+06	3.67774e+06	3.53965e+06
9430	1.78113e+07	8.48266e+06	6.0738e+06	2.0248e+06	3.66123e+06	3.54879e+06
9440	1.78066e+07	8.47281e+06	6.05996e+06	2.01842e+06	3.63785e+06	3.54279e+06
9450	1.77919e+07	8.44943e+06	6.03748e+06	2.01532e+06	3.60723e+06	3.52059e+06
9460	1.77684e+07	8.41353e+06	6.0064e+06	2.01529e+06	3.56917e+06	3.4815e+06
9470	1.77374e+07	8.36667e+06	5.96688e+06	2.01795e+06	3.52365e+06	3.42538e+06
9480	1.77004e+07	8.31098e+06	5.91931e+06	2.02275e+06	3.47085e+06	3.35271e+06
9490	1.76592e+07	8.24899e+06	5.86433e+06	2.02898e+06	3.41121e+06	3.26477e+06
9500	1.76154e+07	8.18356e+06	5.80289e+06	2.03587e+06	3.34542e+06	3.16376e+06
9510	1.75711e+07	8.11772e+06	5.73627e+06	2.0426e+06	3.27449e+06	3.05292e+06
9520	1.7528e+07	8.05458e+06	5.66608e+06	2.04836e+06	3.19974e+06	2.93658e+06
9530	1.74877e+07	7.99712e+06	5.59424e+06	2.0524e+06	3.12284e+06	2.82017e+06
9540	1.74518e+07	7.9481e+06	5.52292e+06	2.05413e+06	3.0458e+06	2.71009e+06
9550	1.74216e+07	7.90995e+06	5.4544e+06	2.05308e+06	2.97091e+06	2.61329e+06
9560	1.73982e+07	7.8846e+06	5.39098e+06	2.04899e+06	2.90071e+06	2.53665e+06
9570	1.73823e+07	7.87347e+06	5.33481e+06	2.04181e+06	2.83781e+06	2.48609e+06
9580	1.73746e+07	7.8774e+06	5.28774e+06	2.03168e+06	2.78473e+06	2.46549e+06
9590	1.73754e+07	7.89662e+06	5.25119e+06	2.01891e+06	2.74369e+06	2.47593e+06
9600	1.73848e+07	7.93077e+06	5.22609e+06	2.00396e+06	2.71636e+06	2.51547e+06
9610	1.7403e+07	7.97895e+06	5.21283e+06	1.98738e+06	2.70365e+06	2.57955e+06
9620	1.74298e+07	8.03977e+06	5.21127e+06	1.96977e+06	2.70558e+06	2.66196e+06
9630	1.74649e+07	8.11145e+06	5.22084e+06	1.95177e+06	2.7213e+06	2.7559e+06
9640	1.75082e+07	8.19187e+06	5.24064e+06	1.93399e+06	2.74916e+06	2.85482e+06
9650	1.75593e+07	8.27874e+06	5.26954e+06	1.91705e+06	2.78691e+06	2.953e+06
9660	1.76177e+07	8.36959e+06	5.3063e+06	1.90157e+06	2.83197e+06	3.0458e+06
9670	1.76831e+07	8.46198e+06	5.34966e+06	1.88825e+06	2.88171e+06	3.12976e+06
9680	1.77549e+07	8.5535e+06	5.39843e+06	1.87789e+06	2.9336e+06	3.20248e+06
9690	1.78326e+07	8.64186e+06	5.45149e+06	1.87143e+06	2.98548e+06	3.26254e+06
9700	1.79155e+07	8.72495e+06	5.50778e+06	1.86996e+06	3.03559e+06	3.30931e+06
9710	1.80027e+07	8.80088e+06	5.56635e+06	1.87472e+06	3.08262e+06	3.34276e+06
9720	1.80933e+07	8.86802e+06	5.62625e+06	1.88693e+06	3.12577e+06	3.36333e+06
9730	1.81864e+07	8.92499e+06	5.68655e+06	1.90773e+06	3.16462e+06	3.37173e+06
9740	1.82806e+07	8.9707e+06	5.74627e+06	1.93798e+06	3.1991e+06	3.36885e+06
9750	1.83748e+07	9.00432e+06	5.80442e+06	1.97807e+06	3.22938e+06	3.35565e+06
9760	1.84674e+07	9.02532e+06	5.8599e+06	2.02786e+06	3.25579e+06	3.33308e+06
9770	1.85571e+07	9.03344e+06	5.91161e+06	2.08658e+06	3.27866e+06	3.30203e+06
9780	1.86423e+07	9.02865e+06	5.95838e+06	2.15293e+06	3.29827e+06	3.26334e+06
9790	1.87217e+07	9.01123e+06	5.99908e+06	2.22517e+06	3.3148e+06	3.21779e+06
9800	1.87939e+07	8.98167e+06	6.03262e+06	2.30127e+06	3.32824e+06	3.16608e+06
9810	1.88576e+07	8.94074e+06	6.05802e+06	2.37917e+06	3.33844e+06	3.1089e+06
9820	1.89118e+07	8.88941e+06	6.07445e+06	2.45688e+06	3.34509e+06	3.04693e+06
9830	1.89557e+07	8.82893e+06	6.08131e+06	2.53266e+06	3.34778e+06	2.98083e+06
9840	1.89889e+07	8.76072e+06	6.07825e+06	2.60514e+06	3.34609e+06	2.91127e+06
9850	1.9011e+07	8.68644e+06	6.06523e+06	2.67332e+06	3.33961e+06	2.83892e+06
9860	1.90223e+07	8.60792e+06	6.04251e+06	2.73662e+06	3.32806e+06	2.76442e+06
9870	1.90233e+07	8.52718e+06	6.01071e+06	2.7948e+06	3.31132e+06	2.68842e+06
9880	1.90147e+07	8.44634e+06	5.97078e+06	2.84791e+06	3.28946e+06	2.61151e+06
9890	1.89979e+07	8.36765e+06	5.92398e+06	2.89613e+06	3.26283e+06	2.5343e+06
9900	1.89743e+07	8.29336e+06	5.87186e+06	2.93973e+06	3.23198e+06	2.45743e+06
9910	1.89457e+07	8.22576e+06	5.81624e+06	2.97889e+06	3.19772e+06	2.38165e+06
9920	1.89142e+07	8.16702e+06	5.75911e+06	3.01366e+06	3.16106e+06	2.30791e+06
9930	1.88818e+07	8.11921e+06	5.70261e+06	3.0439e+06	3.12318e+06	2.23748e+06
9940	1.88509e+07	8.08413e+06	5.64894e+06	3.06928e+06	3.08539e+06	2.17208e+06
9950	1.88235e+07	8.0633e+06	5.60032e+06	3.08935e+06	3.04906e+06	2.11398e+06
9960	1.88018e+07	8.05789e+06	5.55887e+06	3.10359e+06	3.01557e+06	2.06602e+06
9970	1.87877e+07	8.0686e+06	5.52658e+06	3.11156e+06	2.98626e+06	2.03152e+06
9980	1.87828e+07	8.09568e+06	5.50521e+06	3.11295e+06	2.96236e+06	2.01403e+06
9990	1.87884e+07	8.13883e+06	5.49626e+06	3.10772e+06	2.94493e+06	2.01691e+06
