#
# Max = 10000
#
0	0	0	0	0	0	0
10	5.69902	1.77508	3.32245	4.19335	4.6788	4.96784
20	9.55577	1.58979	3.56136	5.33063	6.53336	7.3221
30	12.8723	1.55857	2.54578	4.88985	6.88504	8.32608
40	17.4268	1.46254	3.59013	6.45913	8.97073	10.875
50	19.4201	1.38147	1.62805	2.03985	5.5569	8.47539
60	23.6175	4.20456	2.96162	4.74101	7.89125	10.836
70	27.4136	4.63747	2.21803	3.81798	7.36077	10.895
80	29.7739	3.05761	1.45199	2.33532	6.10906	9.86187
90	32.628	0.854203	2.54479	1.94694	3.57246	7.54284
100	37.2446	0.149139	3.19564	4.9237	7.66056	11.5877
110	39.0008	0.340958	4.10292	7.15295	9.62724	12.5863
120	38.767	1.94161	3.33083	4.80334	2.64799	2.39658
130	42.1637	4.64181	1.66649	4.6194	6.21736	8.67798
140	46.8531	6.86994	2.7393	3.05166	4.73792	8.4816
150	50.3355	5.88953	1.44146	1.22048	1.66625	5.72104
160	53.3395	3.14815	1.80938	1.58688	2.55186	5.90115
170	56.4672	6.50132	5.68043	1.95057	2.06802	5.39731
180	59.8104	9.30729	9.7178	4.58736	1.88558	3.60525
190	62.7381	6.69348	11.8641	7.23609	5.20121	7.1033
200	64.4615	2.09211	10.4733	7.60173	7.9179	9.08863
210	66.2758	6.82134	6.84984	4.22212	6.27444	4.02524
220	69.4959	10.0036	4.45332	3.47643	7.17557	8.18971
230	72.3077	12.0679	1.81601	5.35546	9.01133	11.9159
240	73.637	12.0945	1.90437	5.74674	8.35858	9.52544
250	75.9514	8.80815	3.36627	4.54931	6.12531	6.39174
260	80.5902	5.61369	2.26714	2.30021	4.11329	8.06691
270	84.8379	9.92268	3.48045	3.16979	5.69298	11.0128
280	86.1857	14.2235	5.87278	4.75669	9.26988	12.8797
290	86.1189	13.7538	8.13468	5.74833	12.0093	12.612
300	87.2709	9.29471	12.4678	10.5648	14.6121	14.0494
310	89.5489	4.51017	17.4168	15.3092	15.5701	15.3777
320	91.6389	0.895416	20.4692	15.5094	12.4489	12.2257
330	93.789	5.02228	20.5008	11.8874	6.38317	8.14406
340	96.8339	9.99034	17.4312	9.22277	2.56997	7.47476
350	100.492	12.1861	12.1192	9.19364	6.90654	9.10449
360	104.102	12.0983	6.54918	8.74762	9.4208	9.6582
370	107.599	12.0381	5.40713	7.29444	9.44614	9.37239
380	110.894	12.91	8.64995	4.69372	8.1235	9.93654
390	113.496	15.3056	11.2544	1.50001	6.93913	9.85059
400	115.417	18.7607	12.3626	4.34824	6.88489	8.37751
410	117.693	21.8279	11.9094	6.76459	6.72758	6.48553
420	121.453	23.2512	9.71446	6.63726	5.64379	5.19967
430	126.739	21.6334	5.96187	5.14256	4.39278	4.61023
440	132.283	16.4147	4.09661	5.91749	5.14821	5.97525
450	136.261	8.96398	8.44094	9.43504	8.183	9.24457
460	137.549	5.74974	13.0262	12.33	10.8169	11.904
470	136.531	11.6696	16.1213	12.4606	10.9858	12.1453
480	134.644	16.4591	18.571	9.37303	8.69391	10.3737
490	133.106	17.6644	21.7696	4.73181	5.65827	7.82022
500	132.258	16.0872	25.8754	4.5504	3.21722	5.20666
510	132.102	13.9436	29.7395	9.17832	1.92669	3.77219
520	133.028	12.0445	31.7439	14.001	4.11792	4.23228
530	135.726	9.31224	30.5189	18.2036	6.59333	4.05357
540	140.426	5.8971	25.676	21.0708	8.24151	1.73601
550	146.471	3.5807	18.3238	22.1891	10.2614	2.87559
560	152.714	2.29474	10.8927	21.7016	12.9088	7.69365
570	158.321	0.708344	6.10423	20.2516	14.4578	10.907
580	163.121	2.77876	5.16071	18.6731	13.4951	11.4657
590	167.274	4.89418	7.44455	17.4316	9.98355	9.80307
600	170.8	7.49811	11.2858	16.4184	5.29945	7.3881
610	173.525	12.0358	14.0827	15.2342	3.70838	6.54591
620	175.402	16.7474	14.4725	13.3201	6.34905	7.67051
630	176.665	18.8566	13.626	10.1526	7.94098	8.67897
640	177.634	17.2949	14.4563	5.80681	7.98414	8.69908
650	178.432	13.7266	17.447	1.98962	7.28165	7.83115
660	178.966	11.4996	20.1459	4.25164	6.38939	6.44696
670	179.136	11.3903	20.6898	6.72343	5.23891	4.992
680	179.058	11.3082	18.687	7.49119	3.6952	3.7584
690	179.128	11.424	14.9874	6.91515	1.95019	2.80964
700	179.907	13.3178	11.388	5.71479	0.422224	2.23506
710	181.87	16.3076	9.9075	4.57968	0.87104	2.18537
720	185.11	18.5565	10.6213	4.2935	1.9183	2.78864
730	189.172	19.2226	11.8119	5.37461	3.5351	4.24493
740	193.152	18.8446	12.7786	7.33097	6.0531	6.55474
750	196.138	19.2018	14.1402	9.60624	9.13224	9.20277
760	197.77	21.9935	16.6667	11.8731	12.0557	11.1729
770	198.547	26.7223	20.0393	13.5904	14.1642	11.3685
780	199.581	31.2391	23.0958	13.9489	15.2961	9.28937
790	201.914	33.4497	24.8607	12.3086	15.94	5.99918
800	205.862	32.0784	25.2387	8.58583	16.9015	6.55805
810	210.861	27.0926	25.3731	3.82082	18.8011	11.6377
820	215.883	20.088	27.2051	6.81321	21.8481	16.4131
830	220.047	14.4834	31.4717	16.0813	25.7525	18.7825
840	222.962	13.4083	36.5589	27.1502	29.8317	17.8277
850	224.68	14.2836	40.0584	38.4861	33.5301	13.8689
860	225.459	13.2908	40.3312	48.1713	36.7986	9.93193
870	225.641	9.77827	37.0178	54.3816	39.7117	12.3409
880	225.667	5.62101	30.9537	56.04	41.782	18.4462
890	226.051	5.65424	23.7388	53.1299	42.0617	22.682
900	227.209	8.60285	17.0836	46.5495	39.9861	22.9915
910	229.227	10.3258	12.2402	37.6397	35.9455	19.3506
920	231.808	10.7699	10.0123	27.6855	31.0839	13.2071
930	234.475	11.4953	10.5943	17.6815	26.592	7.71068
940	236.896	13.5581	12.7001	8.41668	23.0709	8.45821
950	239.088	16.6716	14.7857	0.850316	20.4269	12.9056
960	241.372	20.661	16.3075	5.15122	18.2515	16.6156
970	244.148	25.7471	17.7153	8.49904	16.2946	18.88
980	247.667	31.5354	19.7308	10.1795	14.7792	19.9591
990	251.897	36.7039	22.3385	11.7607	14.2481	20.3109
1000	256.528	39.6426	24.6676	14.4658	14.6732	20.3389
1010	261.06	39.2299	25.7709	17.9701	14.9561	20.3065
1020	264.966	35.3578	25.2745	21.3836	13.6824	20.3699
1030	267.877	29.1092	23.5272	24.307	9.91745	20.7335
1040	269.739	22.4657	21.2539	26.8587	3.71322	21.8219
1050	270.845	17.3361	18.9061	29.2554	5.88871	24.0758
1060	271.686	14.0896	16.3796	31.4136	15.3657	27.2882
1070	272.679	11.6378	13.5638	32.8366	24.4527	30.3581
1080	273.912	9.82406	11.1036	32.8392	31.6539	31.8893
1090	275.095	10.4342	10.3757	30.9696	36.114	30.9604
1100	275.758	14.1352	11.884	27.4054	37.6828	27.5633
1110	275.582	19.4341	14.6202	23.119	36.7918	22.6523
1120	274.659	25.0886	17.6812	19.6004	34.1427	17.9132
1130	273.522	30.25	20.5535	17.8389	30.3855	15.2172
1140	272.952	34.2831	22.6877	17.2814	25.9586	15.2868
1150	273.674	36.9525	23.4059	16.6171	21.1776	17.0604
1160	276.09	38.5482	22.1197	15.1289	16.5799	19.399
1170	280.154	39.6981	18.6421	12.7963	13.5318	21.9153
1180	285.401	40.9455	13.4518	9.87184	14.1371	24.5426
1190	291.103	42.3794	8.02108	7.24726	18.3695	27.0977
1200	296.509	43.5642	5.8274	8.35205	24.1718	29.0968
1210	301.107	43.7937	7.74777	14.3716	30.0195	29.8053
1220	304.831	42.4711	8.80719	22.3687	35.0406	28.4876
1230	308.104	39.3839	7.35994	30.2961	38.7638	24.7993
1240	311.657	34.7919	5.78724	36.549	41.0738	19.3004
1250	316.126	29.4688	10.5294	39.8224	42.1485	14.3624
1260	321.616	24.8642	19.0178	39.3657	42.3022	14.5426
1270	327.437	22.9558	28.0191	35.335	41.8439	19.8078
1280	332.211	24.517	36.0551	29.2368	41.0464	25.8198
1290	334.363	27.8249	42.1801	24.4189	40.1218	30.4797
1300	332.769	30.6499	45.7717	24.672	39.0621	33.3276
1310	327.281	31.785	46.5681	29.0895	37.4774	34.5299
1320	318.857	31.0667	44.8373	33.5312	34.7061	34.3506
1330	309.264	29.0413	41.4984	35.4555	30.1799	32.9559
1340	300.51	26.5858	37.9429	34.2573	23.7503	30.5143
1350	294.275	24.5258	35.362	30.5883	15.7822	27.3647
1360	291.574	23.3538	33.8903	25.9481	7.05888	23.9978
1370	292.714	23.2015	32.5513	22.5194	2.36829	20.8374
1380	297.462	24.0395	30.1696	22.4522	9.87297	18.0717
1390	305.264	25.7902	26.2121	25.8239	16.343	15.7006
1400	315.403	28.2069	21.1778	30.6714	21.2233	13.5804
1410	327.051	30.7702	16.9753	35.1089	24.6519	11.2975
1420	339.3	32.8212	16.7033	37.9842	27.1698	8.33911
1430	351.188	33.8364	20.7946	38.7587	29.5598	5.63483
1440	361.794	33.6532	26.3522	37.4071	32.442	8.47181
1450	370.349	32.5364	31.2459	34.3389	35.8421	15.8004
1460	376.345	31.0479	34.6006	30.2371	39.1783	23.8671
1470	379.62	29.7284	36.2533	25.7646	41.6571	30.8155
1480	380.391	28.7285	36.4504	21.2286	42.6792	35.4131
1490	379.231	27.6955	35.658	16.4768	42.0262	37.02
1500	376.982	26.1033	34.4025	11.2221	39.8456	35.6342
1510	374.603	23.8526	33.1198	5.83331	36.5298	31.7913
1520	372.976	21.8736	32.0452	4.9729	32.5926	26.3531
1530	372.732	22.1592	31.2198	10.404	28.6048	20.3138
1540	374.143	25.9387	30.6261	16.0869	25.1563	14.843
1550	377.107	32.076	30.3485	20.54	22.7131	11.7273
1560	381.214	38.6337	30.6251	23.2074	21.3299	12.5882
1570	385.853	44.2278	31.7332	23.8751	20.5335	15.9735
1580	390.334	48.1435	33.7728	22.6264	19.6616	19.5444
1590	393.996	50.1767	36.5093	19.9219	18.3452	22.2228
1600	396.317	50.5016	39.3933	16.8771	16.8096	23.9979
1610	397.012	49.5876	41.7168	15.6054	16.0551	25.7386
1620	396.106	48.1279	42.8095	17.9382	17.6061	28.6678
1630	393.95	46.9043	42.2098	22.9328	22.1511	33.2606
1640	391.158	46.5618	39.7722	28.494	28.9034	38.695
1650	388.474	47.4109	35.6806	33.1669	36.5653	43.4475
1660	386.599	49.4177	30.3654	36.1355	43.9251	46.0599
1670	386.036	52.3211	24.3659	37.0174	50.0288	45.5499
1680	386.983	55.6772	18.2164	35.7254	54.3156	41.5657
1690	389.31	58.8276	12.4763	32.3612	56.7033	34.3832
1700	392.617	60.9671	8.16343	27.1701	57.5501	24.7835
1710	396.342	61.3848	7.43335	20.6165	57.4781	13.86
1720	399.884	59.7855	10.1206	13.745	57.1024	3.21887
1730	402.722	56.5518	13.3866	9.60351	56.7724	8.41854
1740	404.5	52.833	15.8399	12.2846	56.45	17.5614
1750	405.065	50.2721	16.9655	17.9061	55.7834	25.1582
1760	404.493	50.1488	16.6501	22.6132	54.3072	31.014
1770	403.079	52.3795	15.1033	25.0634	51.6489	35.1214
1780	401.306	55.5799	12.8339	24.832	47.6735	37.5499
1790	399.787	58.0847	10.6081	22.0588	42.5627	38.4798
1800	399.164	58.6991	9.29329	17.3833	36.8783	38.3218
1810	399.973	56.8637	9.37375	12.0914	31.6761	37.8393
1820	402.509	52.5355	10.6538	8.97275	28.5958	38.0982
1830	406.712	46.0101	12.9288	11.0643	29.2511	40.0321
1840	412.143	37.7854	16.4112	15.6995	33.6708	43.8037
1850	418.059	28.5017	21.3799	20.1911	40.2458	48.6747
1860	423.588	18.9723	27.8057	23.9217	47.165	53.5157
1870	427.958	10.4827	35.3081	27.1603	53.0201	57.3459
1880	430.706	6.73395	43.2605	30.4735	56.8105	59.5867
1890	431.811	10.2437	50.8837	34.2006	57.9293	60.084
1900	431.702	14.4946	57.3172	38.1245	56.1915	58.9928
1910	431.145	17.2067	61.705	41.5882	51.8457	56.6033
1920	431.047	18.2162	63.3114	43.8775	45.5296	53.1986
1930	432.222	17.9424	61.6652	44.5504	38.1577	49.0163
1940	435.202	17.1777	56.698	43.5698	30.7542	44.3248
1950	440.116	17.0418	48.8338	41.241	24.2688	39.5448
1960	446.672	18.7249	38.9886	38.0044	19.4339	35.3087
1970	454.243	22.8397	28.4715	34.1798	16.7002	32.3283
1980	462.031	29.1757	18.8382	29.7999	16.1746	30.996
1990	469.258	37.0936	11.8515	24.6399	17.501	30.9926
2000	475.352	45.7886	9.26976	18.4166	19.9439	31.4114
2010	480.053	54.3635	10.5328	11.0413	22.6808	31.2775
2020	483.435	61.9437	13.6094	3.43333	25.0018	29.928
2030	485.827	67.8653	18.1046	7.86858	26.3828	27.1308
2040	487.664	71.8603	23.7979	17.2209	26.507	23.0926
2050	489.322	74.1384	29.8864	26.4007	25.2595	18.4797
2060	490.994	75.2911	35.374	34.732	22.7052	14.5539
2070	492.625	76.0129	39.4734	41.8283	19.0673	13.144
2080	493.942	76.7673	41.7976	47.521	14.713	14.9752
2090	494.551	77.6124	42.3939	51.8317	10.1486	18.5705
2100	494.066	78.297	41.6661	54.9096	6.00926	22.4858
2110	492.244	78.5099	40.2316	56.9469	3.02644	26.1069
2120	489.079	78.073	38.7589	58.0948	1.76335	29.2661
2130	484.84	76.9796	37.821	58.4015	2.1905	31.9587
2140	480.052	75.3181	37.7776	57.7884	5.2337	34.2148
2150	475.409	73.1697	38.7038	56.0736	10.9297	36.0633
2160	471.656	70.5486	40.3931	53.0447	18.8058	37.5533
2170	469.457	67.4036	42.4393	48.5751	28.2507	38.791
2180	469.274	63.6646	44.3587	42.7782	38.5229	39.9434
2190	471.296	59.3099	45.7147	36.1959	48.8411	41.1744
2200	475.411	54.4401	46.2394	30.0237	58.4779	42.5346
2210	481.25	49.3595	45.9476	26.1624	66.8337	43.8882
2220	488.268	44.6619	45.2046	26.1299	73.4857	44.9544
2230	495.845	41.2625	44.6582	29.1262	78.2098	45.4663
2240	503.396	40.1737	44.9465	32.886	80.9812	45.3792
2250	510.455	41.882	46.2661	35.7338	81.9522	45.0519
2260	516.733	45.8656	48.1621	37.0243	81.4064	45.2959
2270	522.136	50.916	49.7544	36.9138	79.6903	47.1296
2280	526.756	55.7861	50.158	36.0578	77.1268	51.1983
2290	530.818	59.5469	48.7867	35.2184	73.9318	57.3054
2300	534.623	61.6795	45.475	34.8153	70.1654	64.5336
2310	538.458	62.0599	40.4777	34.6919	65.7504	71.7111
2320	542.533	60.8947	34.4065	34.3034	60.5641	77.7694
2330	546.917	58.6259	28.1348	33.1121	54.5713	81.9066
2340	551.52	55.8189	22.6615	30.8536	47.9444	83.6392
2350	556.108	53.0484	18.8367	27.5968	41.1264	82.8003
2360	560.341	50.793	16.8731	23.6961	34.8037	79.5148
2370	563.841	49.3461	16.1573	19.7415	29.7535	74.1644
2380	566.25	48.7586	15.9497	16.5638	26.5272	67.36
2390	567.274	48.8357	16.1212	15.1388	25.1156	59.9315
2400	566.715	49.1895	17.135	15.959	25.0252	52.9234
2410	564.477	49.3224	19.4325	18.4886	25.7619	47.5213
2420	560.571	48.7101	22.8913	21.8395	27.0972	44.7392
2430	555.131	46.8709	26.9537	25.4351	28.8877	44.8606
2440	548.421	43.4226	31.0379	29.0252	30.7884	47.2009
2450	540.86	38.1305	34.7646	32.5178	32.1853	50.6033
2460	533.013	30.9541	38.0092	35.8275	32.3625	54.0655
2470	525.564	22.1308	40.8689	38.7784	30.7367	56.9859
2480	519.245	12.6466	43.5748	41.0789	27.0606	59.1366
2490	514.736	8.73925	46.3705	42.361	21.635	60.5462
2500	512.556	17.8863	49.3976	42.254	15.8408	61.3638
2510	512.973	30.4358	52.6368	40.4542	13.6072	61.7289
2520	515.963	43.3212	55.9193	36.7739	18.4289	61.6756
2530	521.226	55.6492	58.9817	31.1656	26.825	61.101
2540	528.255	66.8194	61.5224	23.7279	35.5345	59.8065
2550	536.452	76.3387	63.2432	14.7123	43.1169	57.5925
2560	545.24	83.8193	63.8801	4.72375	48.8378	54.3709
2570	554.161	89.0227	63.2399	7.2893	52.332	50.2675
2580	562.933	91.9176	61.2524	18.6073	53.5151	45.6967
2590	571.453	92.7226	58.0375	29.9108	52.5562	41.3854
2600	579.758	91.901	53.9753	40.6113	49.8729	38.2712
2610	587.958	90.0773	49.758	50.308	46.1373	37.1473
2620	596.157	87.8646	46.3651	58.7116	42.2597	38.1473
2630	604.385	85.6455	44.8418	65.6269	39.2606	40.6217
2640	612.554	83.4101	45.8248	70.9198	37.9047	43.5905
2650	620.445	80.7532	49.1611	74.4813	38.2167	46.2159
2660	627.732	77.0377	54.0769	76.2036	39.4034	47.9789
2670	634.031	71.6249	59.649	75.9813	40.3222	48.6775
2680	638.968	64.0606	65.0859	73.7375	39.9739	48.3771
2690	642.245	54.1724	69.7764	69.4645	37.7148	47.3514
2700	643.708	42.0924	73.2625	63.2694	33.2798	46.0132
2710	643.379	28.2472	75.2345	55.41	26.7368	44.8221
2720	641.468	13.4551	75.5676	46.3193	18.4202	44.1663
2730	638.348	5.15703	74.3912	36.6197	8.87072	44.2407
2740	634.5	18.523	72.1641	27.1468	1.85282	44.9748
2750	630.446	32.1279	69.7102	19.0267	11.6807	46.0494
2760	626.675	43.7013	68.1236	13.7467	21.1711	46.9855
2770	623.574	52.4996	68.4381	12.1748	29.4445	47.2549
2780	621.394	58.141	71.1249	12.4983	36.0429	46.3801
2790	620.228	60.6159	75.8058	12.1968	40.6544	44.0182
2800	620.03	60.2915	81.4681	10.3048	43.11	40.0238
2810	620.641	57.8557	86.934	7.66211	43.3714	34.488
2820	621.844	54.1962	91.2161	8.3085	41.5067	27.7554
2830	623.405	50.2318	93.6724	14.1081	37.6612	20.4569
2840	625.12	46.7264	94.0294	21.8017	32.0282	13.7475
2850	626.842	44.139	92.3334	29.4789	24.8282	10.2432
2860	628.494	42.5666	88.8618	36.0408	16.3033	12.5177
2870	630.061	41.7941	84.0097	40.701	6.75222	17.6865
2880	631.58	41.3959	78.1727	42.9242	3.97794	23.1433
2890	633.108	40.8265	71.649	42.4325	14.7082	28.2086
2900	634.698	39.4948	64.586	39.2147	25.6624	32.8779
2910	636.379	36.8547	56.9839	33.5379	36.3268	37.3797
2920	638.139	32.5286	48.7517	26.0104	46.2745	41.9623
2930	639.928	26.4887	39.7934	17.9184	55.0965	46.7284
2940	641.665	19.4757	30.1054	12.8116	62.4263	51.5402
2950	643.257	14.502	19.9213	16.1198	67.9703	56.0347
2960	644.617	17.4635	10.3962	24.4052	71.5361	59.7319
2970	645.681	26.8555	8.84243	33.124	73.0556	62.1771
2980	646.412	37.8562	17.7854	40.6742	72.6007	63.0636
2990	646.802	48.2271	28.2224	46.4855	70.3864	62.309
3000	646.857	56.7604	38.2477	50.5502	66.7626	60.0768
3010	646.591	62.677	47.3694	53.358	62.1941	56.7496
3020	646.016	65.5217	55.3867	55.8202	57.2275	52.8647
3030	645.138	65.1478	62.2193	59.0241	52.4379	49.0217
3040	643.971	61.7046	67.807	63.8052	48.3364	45.7688
3050	642.548	55.6106	72.0235	70.3808	45.2312	43.4749
3060	640.95	47.5174	74.6289	78.3428	43.0897	42.2264
3070	639.313	38.2849	75.2827	86.9505	41.5136	41.8088
3080	637.844	29.0415	73.6139	95.4318	39.8789	41.7944
3090	636.81	21.5281	69.3228	103.137	37.5574	41.6771
3100	636.515	18.6187	62.2819	109.569	34.0967	40.979
3110	637.261	21.9747	52.6119	114.344	29.3229	39.3081
3120	639.301	29.2688	40.7248	117.145	23.4111	36.3792
3130	642.79	38.2357	27.3585	117.69	17.0767	32.0197
3140	647.749	47.9309	13.8702	115.727	12.3821	26.1697
3150	654.05	57.8216	7.48372	111.055	13.2654	18.8841
3160	661.42	67.3432	17.3394	103.572	19.2467	10.3465
3170	669.476	75.819	28.3523	93.314	26.6924	1.52766
3180	677.777	82.5302	37.5301	80.4996	33.8699	9.62512
3190	685.893	86.8329	44.4908	65.5568	39.9807	19.9182
3200	693.465	88.2666	49.4307	49.1486	44.5259	29.8572
3210	700.254	86.6292	52.8911	32.2688	47.1556	38.8725
3220	706.168	82.0109	55.5553	17.0035	47.6454	46.4626
3230	711.256	74.7918	57.9989	12.4486	45.9073	52.2317
3240	715.673	65.6182	60.4834	22.7756	42.0046	55.9303
3250	719.624	55.3907	62.9077	34.2722	36.1565	57.4764
3260	723.299	45.3132	64.933	43.3671	28.7264	56.9519
3270	726.816	37.0482	66.1774	49.1455	20.1919	54.5772
3280	730.175	32.7041	66.3762	51.2323	11.1075	50.6719
3290	733.253	33.6016	65.4743	49.5376	2.27822	45.6115
3300	735.82	38.6486	63.6693	44.1932	6.86025	39.7887
3310	737.586	45.6102	61.4366	35.5178	14.5316	33.5796
3320	738.276	52.8397	59.5287	23.989	21.028	27.3159
3330	737.692	59.3871	58.8825	10.2591	26.1321	21.266
3340	735.777	64.6828	60.3365	5.7728	29.7771	15.6637
3350	732.65	68.3472	64.2253	21.9215	32.0116	10.9515
3360	728.61	70.1153	70.1777	38.5573	32.9969	8.70191
3370	724.106	69.8167	77.3045	54.8386	33.033	11.2341
3380	719.688	67.3766	84.551	70.1835	32.6164	17.3657
3390	715.934	62.8231	90.9545	84.1132	32.4936	25.368
3400	713.385	56.2941	95.7715	96.2494	33.5759	34.5285
3410	712.475	48.0524	98.5261	106.31	36.5751	44.3629
3420	713.493	38.5351	99.0194	114.102	41.5709	54.3583
3430	716.555	28.5549	97.3121	119.507	47.9848	63.9523
3440	721.609	20.1259	93.6866	122.474	54.9088	72.5752
3450	728.446	18.2736	88.5921	123.015	61.4054	79.7096
3460	736.734	25.5083	82.5772	121.208	66.6633	84.949
3470	746.049	37.0249	76.219	117.202	70.0752	88.0429
3480	755.913	49.787	70.0572	111.236	71.2815	88.9227
3490	765.826	62.702	64.5439	103.652	70.1924	87.701
3500	775.306	75.2561	60.0172	94.8991	66.9876	84.6443
3510	783.911	87.1131	56.6953	85.5198	62.1022	80.1242
3520	791.276	97.9911	54.6776	76.1041	56.2126	74.5539
3530	797.136	107.616	53.9443	67.2039	50.2331	68.3221
3540	801.344	115.709	54.359	59.2148	45.3003	61.738
3550	803.883	122	55.6968	52.2662	42.6164	54.9975
3560	804.862	126.254	57.7024	46.1957	42.9818	48.1822
3570	804.502	128.316	60.1578	40.6755	46.3038	41.2888
3580	803.104	128.144	62.9255	35.4767	51.7537	34.283
3590	801.018	125.837	65.9472	30.8003	58.3673	27.1593
3600	798.598	121.639	69.1996	27.5677	65.4005	19.995
3610	796.164	115.915	72.6278	27.251	72.3662	13.0025
3620	793.978	109.104	76.0877	30.5976	78.9656	6.73449
3630	792.216	101.654	79.3233	36.7084	85.0184	4.08616
3640	790.965	93.9497	81.9844	44.0341	90.4144	7.70514
3650	790.231	86.2546	83.6754	51.3099	95.0868	11.975
3660	789.946	78.6907	84.0169	57.6838	99.0004	15.5317
3670	789.998	71.2677	82.7046	62.6351	102.152	18.3161
3680	790.251	63.9551	79.5583	65.9117	104.577	20.5423
3690	790.57	56.7713	74.5553	67.4865	106.347	22.5106
3700	790.846	49.8565	67.845	67.5167	107.573	24.4566
3710	791.007	43.4982	59.7434	66.2977	108.382	26.4341
3720	791.032	38.0826	50.7061	64.2194	108.901	28.2939
3730	790.956	33.9481	41.2818	61.7311	109.222	29.7617
3740	790.864	31.1742	32.0477	59.317	109.384	30.5501
3750	790.882	29.4682	23.5327	57.4657	109.365	30.4501
3760	791.166	28.3123	16.1411	56.6042	109.095	29.3821
3770	791.88	27.2739	10.1362	56.9845	108.478	27.4104
3780	793.18	26.2315	5.9983	58.5723	107.423	24.7296
3790	795.191	25.406	5.69747	61.0253	105.871	21.6297
3800	797.991	25.1962	9.34857	63.7894	103.808	18.4476
3810	801.594	25.8759	14.6277	66.2497	101.259	15.5169
3820	805.942	27.3727	20.7519	67.8599	98.2724	13.1394
3830	810.908	29.3586	27.3429	68.2218	94.8947	11.6046
3840	816.296	31.5461	34.0516	67.1188	91.145	11.2236
3850	821.863	33.9145	40.5916	64.518	86.9992	12.2176
3860	827.34	36.7334	46.8157	60.5541	82.3889	14.497
3870	832.459	40.3753	52.7643	55.5053	77.2158	17.6761
3880	836.984	45.0169	58.6574	49.7688	71.3771	21.2541
3890	840.738	50.4397	64.8173	43.8412	64.7979	24.7138
3900	843.623	56.0599	71.5338	38.3004	57.4641	27.5569
3910	845.629	61.1107	78.9269	33.7688	49.4596	29.3306
3920	846.83	64.8348	86.8695	30.8135	41.0247	29.657
3930	847.371	66.6219	95.0038	29.7703	32.6833	28.2613
3940	847.442	66.0864	102.829	30.6301	25.5563	24.9973
3950	847.248	63.096	109.814	33.1794	21.8095	19.8891
3960	846.981	57.7593	115.505	37.2613	23.4824	13.2931
3970	846.794	50.3831	119.605	42.8678	29.4353	7.30065
3980	846.789	41.4089	122.015	50.0339	37.0488	10.7201
3990	847.013	31.3416	122.848	58.6907	44.586	20.9383
4000	847.466	20.6835	122.384	68.5921	51.0213	32.737
4010	848.117	9.90077	120.994	79.3295	55.6499	44.9708
4020	848.918	1.74665	119.021	90.3944	57.9454	57.0397
4030	849.821	11.2592	116.662	101.252	57.5343	68.4705
4040	850.791	20.9539	113.884	111.408	54.2135	78.8729
4050	851.806	30.0899	110.418	120.453	47.9754	87.9389
4060	852.861	38.6232	105.839	128.093	39.0248	95.4458
4070	853.964	46.5313	99.6901	134.148	27.7801	101.251
4080	855.133	53.7738	91.6286	138.539	14.8784	105.281
4090	856.4	60.2778	81.5297	141.257	2.62967	107.516
4100	857.807	65.9372	69.5586	142.329	13.8506	107.977
4110	859.417	70.6204	56.2159	141.798	27.4706	106.709
4120	861.315	74.1826	42.4148	139.709	39.9887	103.781
4130	863.602	76.4793	29.7759	136.116	50.8284	99.2858
4140	866.392	77.3778	21.5504	131.1	59.6495	93.3411
4150	869.791	76.7677	21.7694	124.778	66.3179	86.1031
4160	873.87	74.5688	27.8571	117.32	70.8834	77.7729
4170	878.641	70.7407	34.5277	108.937	73.541	68.6051
4180	884.029	65.2948	39.4024	99.8666	74.5791	58.9141
4190	889.855	58.3163	41.6745	90.3531	74.3246	49.0834
4200	895.833	50.0109	41.1783	80.6247	73.0936	39.5911
4210	901.589	40.8196	38.0971	70.888	71.1569	31.0762
4220	906.693	31.7456	32.8603	61.3362	68.7231	24.4685
4230	910.704	25.2223	26.1446	52.1746	65.94	20.9816
4240	913.227	25.4493	19.108	43.6603	62.9128	21.2227
4250	913.969	33.3235	14.3514	36.1517	59.7323	24.1537
4260	912.78	45.2963	15.9372	30.1479	56.5091	28.1791
4270	909.68	58.7256	22.7805	26.2362	53.4064	32.2829
4280	904.871	72.2831	31.2001	24.7812	50.6607	35.9781
4290	898.713	85.1694	39.4726	25.4995	48.5782	39.0459
4300	891.698	96.801	46.7947	27.5664	47.4897	41.3948
4310	884.393	106.716	52.6612	30.1678	47.665	43.0085
4320	877.39	114.552	56.7082	32.7907	49.2231	43.9408
4330	871.252	120.044	58.688	35.2031	52.1035	44.3358
4340	866.457	123.034	58.487	37.3566	56.1195	44.4555
4350	863.373	123.474	56.1666	39.3003	61.045	44.6937
4360	862.223	121.424	52.0253	41.1162	66.6766	45.5404
4370	863.086	117.053	46.6965	42.8746	72.8482	47.4704
4380	865.897	110.629	41.2912	44.6114	79.4129	50.7783
4390	870.467	102.522	37.4847	46.3315	86.213	55.4652
4400	876.499	93.2126	37.0493	48.0297	93.0557	61.2564
4410	883.628	83.31	40.5003	49.7212	99.7013	67.7194
4420	891.444	73.5922	46.5691	51.4662	105.867	74.3891
4430	899.528	65.0346	53.3937	53.3803	111.242	80.8522
4440	907.483	58.7534	59.4471	55.6259	115.506	86.7878
4450	914.96	55.7059	63.6681	58.3857	118.35	91.9786
4460	921.682	56.1528	65.3722	61.827	119.501	96.3004
4470	927.457	59.4076	64.1774	66.0656	118.737	99.6967
4480	932.186	64.2525	59.9625	71.1373	115.914	102.147
4490	935.87	69.5111	52.8361	76.9829	110.98	103.634
4500	938.598	74.2976	43.1094	83.4434	103.998	104.123
4510	940.535	78.0121	31.2764	90.266	95.155	103.549
4520	941.906	80.2668	18.0766	97.1193	84.7695	101.829
4530	942.965	80.8225	6.21039	103.616	73.2914	98.8801
4540	943.978	79.5515	13.5239	109.343	61.2965	94.6453
4550	945.188	76.4235	27.4674	113.9	49.4881	89.1239
4560	946.798	71.5123	40.974	116.929	38.7218	82.3953
4570	948.947	65.0166	53.1964	118.156	30.049	74.6439
4580	951.701	57.3022	63.6654	117.411	24.5982	66.186
4590	955.048	48.9774	72.0603	114.654	22.7659	57.5141
4600	958.901	41.0344	78.1789	109.982	23.3042	49.3719
4610	963.116	35.0335	81.9262	103.631	24.2499	42.8419
4620	967.506	32.8799	83.3046	95.9712	24.2099	39.2655
4630	971.869	35.3802	82.4027	87.4812	22.4798	39.607
4640	976.01	41.2511	79.3828	78.72	18.8184	43.6043
4650	979.764	48.5594	74.466	70.2732	13.4459	50.0306
4660	983.007	55.9366	67.919	62.6755	8.19275	57.651
4670	985.671	62.622	60.0421	56.3071	10.7559	65.6391
4680	987.735	68.2519	51.1646	51.2913	20.7618	73.5354
4690	989.22	72.7134	41.6567	47.4593	33.1194	81.1246
4700	990.172	76.0498	31.986	44.4362	46.4025	88.3402
4710	990.649	78.3863	22.9264	41.8202	59.8238	95.1932
4720	990.701	79.8618	16.2864	39.3581	72.7001	101.715
4730	990.365	80.5696	15.6172	37.044	84.4018	107.909
4740	989.661	80.5165	21.119	35.1232	94.3732	113.721
4750	988.599	79.6092	29.0346	33.9963	102.163	119.017
4760	987.191	77.6712	37.3971	34.024	107.454	123.602
4770	985.471	74.4811	45.5407	35.3109	110.075	127.232
4780	983.511	69.822	53.2262	37.6364	110.011	129.659
4790	981.434	63.5289	60.3781	40.5832	107.393	130.662
4800	979.421	55.5265	67.0023	43.72	102.485	130.08
4810	977.705	45.8578	73.1545	46.7073	95.6679	127.828
4820	976.553	34.7143	78.9285	49.3218	87.4239	123.906
4830	976.246	22.5359	84.4536	51.4361	78.3412	118.392
4840	977.037	10.8816	89.8931	52.9856	69.1343	111.428
4850	979.126	10.6457	95.438	53.9353	60.6839	103.205
4860	982.622	22.8769	101.287	54.2581	54.0448	93.9509
4870	987.526	36.402	107.613	53.9231	50.275	83.9277
4880	993.718	49.4172	114.521	52.8982	49.9452	73.4472
4890	1000.96	61.2772	122.007	51.1594	52.6794	62.9144
4900	1008.91	71.5523	129.944	48.703	57.3595	52.9141
4910	1017.17	79.9453	138.09	45.5549	62.7399	44.3503
4920	1025.29	86.2928	146.121	41.7735	67.8094	38.546
4930	1032.84	90.577	153.688	37.4448	71.8438	36.8535
4940	1039.43	92.9349	160.469	32.6735	74.3537	39.479
4950	1044.76	93.6563	166.217	27.5773	75.0331	45.1054
4960	1048.63	93.1655	170.796	22.3	73.7267	52.0637
4970	1050.97	91.9795	174.189	17.0805	70.4106	59.1371
4980	1051.8	90.6377	176.487	12.4955	65.1795	65.5828
4990	1051.27	89.6052	177.859	10.0806	58.2349	70.9786
5000	1049.6	89.1719	178.496	11.7164	49.8742	75.118
5010	1047.05	89.3839	178.568	16.3596	40.4829	77.9523
5020	1043.92	90.0433	178.17	22.1233	30.5469	79.5585
5030	1040.48	90.7746	177.305	28.0905	20.7564	80.1143
5040	1036.97	91.1251	175.885	33.7971	12.6205	79.8762
5050	1033.58	90.6572	173.76	38.9438	10.6013	79.1556
5060	1030.43	89.0128	170.755	43.3271	16.0269	78.2918
5070	1027.6	85.9454	166.715	46.8301	23.2927	77.6204
5080	1025.11	81.3295	161.536	49.4262	30.2418	77.4426
5090	1022.95	75.156	155.184	51.1794	36.3942	77.9977
5100	1021.08	67.5184	147.697	52.2378	41.6986	79.4502
5110	1019.47	58.5986	139.181	52.8212	46.2854	81.8921
5120	1018.09	48.656	129.788	53.2034	50.3829	85.3585
5130	1016.92	38.0374	119.701	53.6903	54.2591	89.8442
5140	1015.96	27.2626	109.117	54.5899	58.1594	95.312
5150	1015.2	17.4759	98.2358	56.1708	62.2482	101.688
5160	1014.67	12.5282	87.2637	58.6138	66.5664	108.848
5170	1014.39	17.2228	76.4202	61.9683	71.0187	116.609
5180	1014.38	26.4698	65.9631	66.1348	75.391	124.724
5190	1014.65	36.4217	56.2212	70.882	79.3892	132.889
5200	1015.22	46.0176	47.6336	75.8879	82.6857	140.768
5210	1016.12	54.8436	40.7604	80.7908	84.964	148.012
5220	1017.36	62.6631	36.1776	85.2366	85.9575	154.292
5230	1018.98	69.3113	34.1509	88.9135	85.4798	159.319
5240	1021.04	74.6648	34.2849	91.5742	83.451	162.867
5250	1023.59	78.6318	35.636	93.0429	79.922	164.778
5260	1026.73	81.1477	37.1964	93.2102	75.1049	164.962
5270	1030.57	82.1742	38.22	92.0192	69.4209	163.396
5280	1035.23	81.6988	38.2874	89.4491	63.5738	160.101
5290	1040.81	79.7352	37.2805	85.5033	58.6322	155.136
5300	1047.43	76.3239	35.3662	80.2075	55.9965	148.573
5310	1055.17	71.5344	33.0035	73.6186	56.9908	140.494
5320	1064.06	65.4696	30.9439	65.8452	62.1256	130.982
5330	1074.07	58.2795	30.106	57.0705	70.83	120.125
5340	1085.11	50.195	31.179	47.5736	81.978	108.027
5350	1096.99	41.6174	34.1735	37.7418	94.4543	94.8209
5360	1109.47	33.3604	38.4782	28.0749	107.354	80.6929
5370	1122.21	27.2241	43.3133	19.1993	119.973	65.9053
5380	1134.83	26.3197	48.0503	11.9597	131.764	50.8392
5390	1146.91	32.2057	52.3061	7.71242	142.295	36.1035
5400	1158.02	42.8134	55.9409	7.35191	151.228	22.9802
5410	1167.77	55.8683	59.0298	8.59161	158.307	15.4092
5420	1175.81	70.1351	61.8128	9.8897	163.352	18.9738
5430	1181.87	84.9199	64.6145	12.178	166.254	27.9551
5440	1185.79	99.7309	67.7362	16.9498	166.976	36.8954
5450	1187.5	114.147	71.3456	24.447	165.548	44.2137
5460	1187.07	127.773	75.4105	33.9704	162.069	49.3715
5470	1184.69	140.228	79.7041	44.6311	156.703	52.1926
5480	1180.62	151.146	83.8715	55.5498	149.671	52.722
5490	1175.23	160.194	87.5193	65.8927	141.245	51.1853
5500	1168.96	167.078	90.2962	74.9031	131.74	47.9728
5510	1162.26	171.566	91.9476	81.9377	121.5	43.6328
5520	1155.59	173.497	92.342	86.4973	110.895	38.874
5530	1149.42	172.796	91.4737	88.2485	100.312	34.5595
5540	1144.12	169.486	89.4451	87.03	90.156	31.6144
5550	1140.02	163.689	86.4342	82.8484	80.8529	30.7107
5560	1137.35	155.628	82.6528	75.8621	72.8472	31.8443
5570	1136.24	145.63	78.3017	66.3594	66.5838	34.3355
5580	1136.69	134.114	73.5319	54.7372	62.4484	37.2943
5590	1138.61	121.59	68.4201	41.4939	60.6685	39.979
5600	1141.81	108.66	62.9659	27.301	61.2227	41.874
5610	1146.02	96.0188	57.1106	13.7124	63.8455	42.6555
5620	1150.92	84.4642	50.7718	10.7118	68.1308	42.1559
5630	1156.18	74.8832	43.885	23.0186	73.6521	40.3589
5640	1161.46	68.1504	36.4392	37.1448	80.0261	37.4323
5650	1166.49	64.8678	28.5045	50.6068	86.9192	33.8113
5660	1171.04	65.0413	20.2532	62.7182	94.0296	30.3444
5670	1174.99	68.0313	12.0154	73.0503	101.069	28.3984
5680	1178.31	72.8889	4.90592	81.2759	107.754	29.4333
5690	1181.06	78.738	6.21794	87.1443	113.811	33.8532
5700	1183.39	84.9411	12.5311	90.48	118.991	40.7398
5710	1185.49	91.0943	18.2136	91.1869	123.083	48.8278
5720	1187.59	96.9646	22.5307	89.252	125.93	57.1005
5730	1189.9	102.43	25.1608	84.7478	127.448	64.8332
5740	1192.59	107.43	25.9074	77.8328	127.626	71.523
5750	1195.77	111.941	24.6731	68.7514	126.528	76.8403
5760	1199.45	115.944	21.4568	57.842	124.283	80.6026
5770	1203.5	119.423	16.3498	45.5732	121.064	82.7549
5780	1207.75	122.35	9.52745	32.7022	117.065	83.3509
5790	1211.89	124.685	1.23882	21.0568	112.474	82.5301
5800	1215.57	126.376	8.21543	16.6779	107.449	80.4946
5810	1218.43	127.363	18.4829	24.6047	102.101	77.4857
5820	1220.08	127.586	29.1938	37.5146	96.4855	73.7649
5830	1220.21	126.988	39.9675	51.187	90.6104	69.601
5840	1218.6	125.528	50.4292	64.3533	84.4494	65.2636
5850	1215.12	123.186	60.224	76.4307	77.9627	61.0215
5860	1209.8	119.969	69.0298	87.0526	71.1193	57.1414
5870	1202.8	115.914	76.5694	95.9649	63.9202	53.8839
5880	1194.38	111.096	82.6213	102.998	56.4268	51.4902
5890	1184.97	105.618	87.0304	108.057	48.8042	50.1618
5900	1175.02	99.6157	89.7161	111.117	41.4017	50.0403
5910	1165.09	93.2469	90.6776	112.216	34.902	51.2013
5920	1155.72	86.6891	89.9966	111.445	30.4968	53.6665
5930	1147.41	80.13	87.8335	108.934	29.6522	57.4234
5940	1140.63	73.7589	84.4185	104.84	32.8967	62.4368
5950	1135.74	67.7547	80.0358	99.3305	39.1926	68.642
5960	1132.99	62.2714	75.0019	92.5743	47.0522	75.9273
5970	1132.49	57.4216	69.6369	84.7344	55.3441	84.1183
5980	1134.22	53.2603	64.2337	75.9679	63.3043	92.9724
5990	1138.04	49.774	59.0274	66.4303	70.3997	102.187
6000	1143.71	46.8809	54.1723	56.2854	76.2496	111.42
6010	1150.89	44.4419	49.7345	45.7214	80.5955	120.312
6020	1159.18	42.2785	45.7042	34.9836	83.2922	128.52
6030	1168.16	40.1929	42.0261	24.4784	84.304	135.74
6040	1177.41	37.983	38.6363	15.2611	83.6983	141.734
6050	1186.56	35.4562	35.494	11.2387	81.6344	146.339
6060	1195.28	32.4446	32.5966	16.3357	78.3444	149.48
6070	1203.33	28.8306	29.9767	25.1192	74.1104	151.165
6080	1210.53	24.5981	27.6848	34.47	69.2362	151.471
6090	1216.84	19.9562	25.7673	43.6517	64.02	150.524
6100	1222.26	15.6901	24.2505	52.4506	58.7306	148.475
6110	1226.9	13.8958	23.1373	60.8011	53.5933	145.47
6120	1230.92	16.9434	22.4173	68.692	48.7917	141.631
6130	1234.53	23.9485	22.0765	76.1286	44.4922	137.037
6140	1237.94	32.989	22.0967	83.1106	40.8914	131.722
6150	1241.39	43.0316	22.4417	89.6167	38.2749	125.685
6160	1245.1	53.5284	23.0454	95.595	37.046	118.905
6170	1249.23	64.1145	23.8163	100.959	37.6536	111.365
6180	1253.94	74.5105	24.6657	105.59	40.4038	103.078
6190	1259.28	84.4931	25.5528	109.344	45.2988	94.1057
6200	1265.3	93.8857	26.5314	112.065	52.0605	84.5792
6210	1271.97	102.553	27.7814	113.603	60.2734	74.7119
6220	1279.18	110.395	29.5965	113.829	69.4968	64.8147
6230	1286.8	117.34	32.3092	112.656	79.3115	55.3165
6240	1294.66	123.333	36.1704	110.054	89.3306	46.7927
6250	1302.53	128.327	41.2565	106.06	99.2022	39.9759
6260	1310.17	132.27	47.4606	100.787	108.614	35.6409
6270	1317.31	135.103	54.5487	94.4187	117.298	34.2083
6280	1323.7	136.751	62.2272	87.2019	125.045	35.3073
6290	1329.08	137.13	70.1928	79.4355	131.703	37.9487
6300	1333.19	136.149	78.1628	71.4554	137.191	41.1208
6310	1335.83	133.722	85.8928	63.6267	141.495	44.11
6320	1336.83	129.786	93.186	56.3491	144.673	46.5034
6330	1336.07	124.306	99.8979	50.082	146.844	48.1032
6340	1333.5	117.293	105.936	45.3745	148.179	48.8529
6350	1329.14	108.81	111.256	42.8402	148.887	48.7857
6360	1323.07	98.9735	115.856	42.9841	149.193	47.9894
6370	1315.46	87.955	119.768	45.9348	149.316	46.5793
6380	1306.52	75.9744	123.048	51.3673	149.449	44.68
6390	1296.56	63.291	125.766	58.7056	149.734	42.4137
6400	1285.89	50.1938	127.999	67.3493	150.248	39.8972
6410	1274.9	36.9902	129.822	76.7667	151.004	37.2446
6420	1263.95	24.0003	131.308	86.5012	151.951	34.573
6430	1253.42	11.5871	132.525	96.1577	152.986	32.0038
6440	1243.68	2.33533	133.534	105.392	153.976	29.6527
6450	1235.04	11.3395	134.398	113.905	154.772	27.6032
6460	1227.78	20.6625	135.178	121.441	155.226	25.8704
6470	1222.11	28.5816	135.936	127.788	155.2	24.3735
6480	1218.18	34.8857	136.734	132.766	154.575	22.9387
6490	1216.08	39.4505	137.628	136.232	153.254	21.3396
6500	1215.82	42.21	138.668	138.067	151.165	19.3554
6510	1217.36	43.1578	139.884	138.184	148.261	16.8305
6520	1220.59	42.3551	141.284	136.526	144.524	13.7326
6530	1225.35	39.9429	142.844	133.073	139.968	10.2679
6540	1231.48	36.1632	144.502	127.856	134.64	7.3147
6550	1238.73	31.4049	146.154	120.971	128.624	7.28616
6560	1246.89	26.3057	147.648	112.606	122.042	10.965
6570	1255.7	21.96	148.793	103.062	115.049	16.2059
6580	1264.92	20.0396	149.36	92.8007	107.828	21.8433
6590	1274.32	21.7963	149.1	82.4916	100.577	27.3726
6600	1283.67	26.5533	147.76	73.0794	93.49	32.4753
6610	1292.75	32.7444	145.112	65.793	86.7324	36.9022
6620	1301.4	39.2483	140.973	61.9274	80.419	40.4406
6630	1309.46	45.4479	135.236	62.2341	74.5963	42.901
6640	1316.81	51.037	127.889	66.3546	69.2415	44.1089
6650	1323.36	55.9171	119.032	73.0508	64.2823	43.9011
6660	1329.06	60.1502	108.885	80.9273	59.6417	42.1257
6670	1333.92	63.928	97.788	88.8657	55.3	38.6482
6680	1337.95	67.5326	86.1936	96.0939	51.3659	33.3635
6690	1341.23	71.2794	74.6515	102.123	48.1387	26.2209
6700	1343.85	75.4437	63.7804	106.678	46.1225	17.2993
6710	1345.94	80.1891	54.2171	109.644	45.9204	7.49016
6720	1347.61	85.5209	46.5126	111.03	47.9751	9.17313
6730	1349.02	91.2809	40.9518	110.936	52.3129	22.7017
6740	1350.29	97.1787	37.3619	109.527	58.5346	38.3494
6750	1351.55	102.844	35.1129	107.002	66.0202	55.1395
6760	1352.91	107.882	33.3955	103.576	74.1241	72.5594
6770	1354.44	111.924	31.5549	99.4488	82.2668	90.107
6780	1356.21	114.663	29.2629	94.7929	89.9588	107.261
6790	1358.27	115.896	26.5508	89.7405	96.8003	123.495
6800	1360.63	115.546	23.8075	84.3818	102.479	138.297
6810	1363.3	113.684	21.7708	78.7724	106.768	151.199
6820	1366.29	110.552	21.3611	72.9468	109.53	161.795
6830	1369.57	106.561	23.1469	66.9371	110.711	169.765
6840	1373.15	102.278	26.9344	60.7931	110.343	174.893
6850	1377	98.3637	32.1285	54.6034	108.536	177.072
6860	1381.1	95.4589	38.2348	48.5183	105.472	176.31
6870	1385.42	94.0104	44.9908	42.7751	101.383	172.727
6880	1389.93	94.1084	52.306	37.7246	96.544	166.543
6890	1394.56	95.4253	60.175	33.8347	91.2431	158.059
6900	1399.24	97.3028	68.6067	31.6046	85.7641	147.642
6910	1403.88	98.9268	77.5739	31.3309	80.3626	135.697
6920	1408.38	99.4949	86.9865	32.8687	75.2475	122.645
6930	1412.6	98.3281	96.6832	35.6777	70.5681	108.904
6940	1416.43	94.9275	106.44	39.0952	66.4113	94.8682
6950	1419.73	88.9969	115.986	42.5353	62.8082	80.9014
6960	1422.37	80.4494	125.026	45.5404	59.7498	67.3383
6970	1424.27	69.4115	133.263	47.7655	57.2054	54.5085
6980	1425.35	56.2449	140.416	48.9558	55.141	42.8006
6990	1425.57	41.6576	146.242	48.932	53.5317	32.8134
7000	1424.96	27.2752	150.549	47.5849	52.37	25.6387
7010	1423.57	18.6523	153.205	44.8724	51.6706	22.8572
7020	1421.49	25.0478	154.146	40.8211	51.4748	24.9108
7030	1418.87	39.6307	153.381	35.5289	51.8555	30.0083
7040	1415.88	55.4628	150.981	29.1777	52.9187	36.2034
7050	1412.69	70.4998	147.081	22.0853	54.7966	42.4015
7060	1409.52	83.8766	141.863	14.9448	57.6283	48.0294
7070	1406.52	95.0996	135.55	10.0539	61.5291	52.7384
7080	1403.87	103.887	128.391	12.2586	66.5571	56.2806
7090	1401.7	110.126	120.658	19.5864	72.69	58.4675
7100	1400.09	113.86	112.64	28.22	79.8182	59.1634
7110	1399.06	115.273	104.647	36.975	87.7531	58.2931
7120	1398.62	114.679	97.0182	45.3902	96.2438	55.8556
7130	1398.68	112.511	90.1206	53.1851	104.997	51.9436
7140	1399.13	109.309	84.3383	60.1447	113.695	46.7713
7150	1399.83	105.704	80.0247	66.0878	122.013	40.7228
7160	1400.6	102.4	77.4178	70.8579	129.635	34.4502
7170	1401.25	100.115	76.5452	74.3233	136.264	29.0503
7180	1401.58	99.5007	77.1753	76.3825	141.634	26.157
7190	1401.42	101.012	78.8559	76.9735	145.519	27.1471
7200	1400.61	104.808	81.0188	76.0834	147.743	31.6506
7210	1399.04	110.722	83.0916	73.7602	148.182	38.0598
7220	1396.64	118.33	84.5756	70.1216	146.767	44.9776
7230	1393.38	127.07	85.0872	65.363	143.488	51.53
7240	1389.29	136.335	84.3722	59.7633	138.39	57.1975
7250	1384.47	145.546	82.3049	53.6894	131.567	61.677
7260	1379.03	154.186	78.8781	47.5974	123.162	64.8132
7270	1373.17	161.822	74.1868	42.025	113.35	66.5633
7280	1367.11	168.118	68.4073	37.5471	102.334	66.9757
7290	1361.08	172.843	61.7725	34.6517	90.3279	66.1746
7300	1355.37	175.877	54.546	33.5355	77.5516	64.3468
7310	1350.27	177.209	46.9968	33.9845	64.2174	61.7312
7320	1346.04	176.926	39.3774	35.5149	50.5269	58.6107
7330	1342.98	175.194	31.9089	37.659	36.678	55.3061
7340	1341.34	172.232	24.7762	40.1514	22.9206	52.1677
7350	1341.35	168.28	18.1381	42.9646	10.0782	49.5583
7360	1343.19	163.563	12.1694	46.2519	8.32225	47.8152
7370	1347.01	158.26	7.2263	50.2464	20.3267	47.1893
7380	1352.88	152.486	4.59442	55.1469	33.3015	47.7796
7390	1360.83	146.283	5.86281	61.0283	46.0861	49.506
7400	1370.81	139.633	8.49931	67.8037	58.4538	52.1423
7410	1382.71	132.48	10.7919	75.2401	70.2748	55.3875
7420	1396.33	124.767	12.3168	83.0014	81.4412	58.9314
7430	1411.45	116.461	12.9299	90.6963	91.8573	62.4956
7440	1427.75	107.583	12.5787	97.9169	101.441	65.8508
7450	1444.9	98.2183	11.2696	104.267	110.13	68.8215
7460	1462.51	88.5195	9.06631	109.382	117.882	71.2843
7470	1480.2	78.6902	6.1258	112.944	124.682	73.1652
7480	1497.56	68.9609	3.10769	114.691	130.534	74.4357
7490	1514.23	59.5528	4.03231	114.429	135.462	75.1097
7500	1529.85	50.6375	8.6527	112.029	139.499	75.2407
7510	1544.12	42.2986	14.2488	107.44	142.68	74.9213
7520	1556.77	34.5112	20.4832	100.687	145.028	74.2853
7530	1567.64	27.1622	27.3204	91.8763	146.555	73.5104
7540	1576.58	20.1542	34.7861	81.2004	147.25	72.8215
7550	1583.55	13.7671	42.9183	68.9572	147.087	72.4868
7560	1588.56	10.0804	51.7384	55.5959	146.024	72.8016
7570	1591.67	13.2693	61.2328	41.8713	144.022	74.0535
7580	1592.99	21.4816	71.3424	29.4126	141.058	76.4723
7590	1592.68	31.8335	81.9609	22.5086	137.154	80.181
7600	1590.91	43.422	92.9395	26.5555	132.4	85.1695
7610	1587.88	55.8662	104.096	37.8406	126.994	91.3012
7620	1583.78	68.8948	115.226	51.0366	121.283	98.3459
7630	1578.8	82.2647	126.113	64.0166	115.793	106.021
7640	1573.12	95.7473	136.535	75.8817	111.24	114.029
7650	1566.91	109.128	146.274	86.1421	108.475	122.082
7660	1560.32	122.206	155.12	94.5016	108.316	129.917
7670	1553.49	134.799	162.876	100.796	111.293	137.306
7680	1546.57	146.735	169.36	104.968	117.442	144.061
7690	1539.67	157.857	174.408	107.061	126.288	150.032
7700	1532.92	168.017	177.88	107.201	137.02	155.109
7710	1526.43	177.078	179.664	105.587	148.706	159.215
7720	1520.32	184.912	179.681	102.475	160.447	162.305
7730	1514.7	191.401	177.892	98.1571	171.45	164.362
7740	1509.66	196.441	174.302	92.9478	181.061	165.387
7750	1505.29	199.946	168.976	87.161	188.77	165.4
7760	1501.65	201.848	162.038	81.0958	194.213	164.434
7770	1498.78	202.103	153.686	75.023	197.169	162.535
7780	1496.66	200.701	144.199	69.1763	197.556	159.759
7790	1495.27	197.664	133.948	63.7477	195.422	156.182
7800	1494.53	193.059	123.405	58.8858	190.929	151.894
7810	1494.35	187.001	113.148	54.6943	184.34	147.012
7820	1494.61	179.66	103.855	51.2275	175.998	141.677
7830	1495.17	171.269	96.2525	48.4851	166.297	136.062
7840	1495.89	162.129	91.0057	46.4077	155.661	130.367
7850	1496.65	152.609	88.5264	44.883	144.516	124.823
7860	1497.35	143.139	88.8042	43.7684	133.259	119.681
7870	1497.91	134.201	91.388	42.9314	122.24	115.2
7880	1498.31	126.285	95.553	42.3011	111.742	111.625
7890	1498.55	119.829	100.522	41.924	101.967	109.164
7900	1498.69	115.138	105.615	42.0062	93.0419	107.954
7910	1498.83	112.297	110.31	42.9195	85.0206	108.036
7920	1499.1	111.136	114.237	45.1302	77.8997	109.346
7930	1499.63	111.254	117.162	49.0474	71.6337	111.721
7940	1500.57	112.108	118.96	54.8662	66.1452	114.922
7950	1502.08	113.117	119.59	62.5155	61.3303	118.663
7960	1504.26	113.738	119.085	71.7214	57.0572	122.642
7970	1507.21	113.517	117.528	82.1073	53.1662	126.56
7980	1510.97	112.103	115.048	93.2693	49.4754	130.141
7990	1515.54	109.246	111.802	104.819	45.7953	133.143
8000	1520.88	104.8	107.97	116.404	41.952	135.363
8010	1526.9	98.711	103.747	127.72	37.8122	136.65
8020	1533.47	91.023	99.3297	138.519	33.3051	136.903
8030	1540.45	81.8966	94.9161	148.609	28.4398	136.078
8040	1547.66	71.6563	90.6934	157.858	23.318	134.192
8050	1554.95	60.9039	86.8351	166.189	18.1518	131.322
8060	1562.15	50.7721	83.4954	173.577	13.3143	127.605
8070	1569.13	43.3551	80.8065	180.037	9.48881	123.237
8080	1575.77	41.6341	78.8774	185.619	7.79107	118.465
8090	1582.02	47.1452	77.7961	190.396	8.5412	113.577
8100	1587.81	58.1699	77.6343	194.453	10.2365	108.882
8110	1593.14	72.0815	78.4525	197.882	11.5787	104.678
8120	1598.01	87.0387	80.3063	200.773	12.0393	101.216
8130	1602.46	101.881	83.2495	203.208	11.5646	98.651
8140	1606.52	115.803	87.3333	205.256	10.6261	97.0076
8150	1610.21	128.191	92.602	206.974	10.5917	96.167
8160	1613.57	138.547	99.0869	208.398	13.2817	95.8838
8170	1616.59	146.474	106.799	209.546	18.9849	95.8291
8180	1619.26	151.67	115.721	210.415	26.8656	95.6418
8190	1621.54	153.932	125.807	210.982	36.224	94.9765
8200	1623.37	153.17	136.978	211.204	46.5796	93.5387
8210	1624.68	149.408	149.122	211.021	57.5483	91.1088
8220	1625.39	142.795	162.1	210.364	68.7885	87.5578
8230	1625.43	133.608	175.746	209.156	79.9856	82.8587
8240	1624.71	122.256	189.874	207.329	90.8519	77.1012
8250	1623.21	109.293	204.284	204.823	101.132	70.5125
8260	1620.91	95.4263	218.766	201.6	110.607	63.4953
8270	1617.81	81.5671	233.11	197.649	119.103	56.6885
8280	1613.98	68.8878	247.112	192.995	126.492	51.0324
8290	1609.51	58.8586	260.577	187.694	132.696	47.7237
8300	1604.53	52.9947	273.328	181.841	137.684	47.8198
8310	1599.2	51.9788	285.209	175.564	141.469	51.5755
8320	1593.7	54.8722	296.088	169.016	144.102	58.2955
8330	1588.24	59.7399	305.86	162.371	145.659	66.9054
8340	1583	64.8149	314.446	155.811	146.234	76.4566
8350	1578.2	68.9189	321.792	149.518	145.92	86.2553
8360	1574	71.3731	327.871	143.661	144.797	95.8193
8370	1570.56	71.8378	332.673	138.387	142.92	104.813
8380	1568.03	70.1982	336.203	133.811	140.317	112.998
8390	1566.49	66.4938	338.481	130.015	136.98	120.208
8400	1566.02	60.8718	339.528	127.041	132.88	126.323
8410	1566.63	53.553	339.369	124.895	127.979	131.258
8420	1568.34	44.8067	338.024	123.55	122.25	134.958
8430	1571.09	34.9295	335.506	122.95	115.705	137.386
8440	1574.85	24.2294	331.82	123.018	108.43	138.525
8450	1579.52	13.0147	326.961	123.659	100.611	138.37
8460	1585.02	1.67027	320.913	124.767	92.5761	136.928
8470	1591.24	9.86464	313.658	126.231	84.8274	134.222
8480	1598.06	20.9549	305.175	127.932	78.0514	130.282
8490	1605.4	31.5326	295.45	129.754	73.0615	125.157
8500	1613.13	41.4024	284.485	131.576	70.6023	118.907
8510	1621.16	50.4079	272.303	133.281	71.0305	111.613
8520	1629.43	58.431	258.959	134.752	74.0917	103.38
8530	1637.84	65.3944	244.549	135.87	79.0177	94.3486
8540	1646.35	71.2645	229.209	136.52	84.8395	84.7064
8550	1654.9	76.054	213.125	136.584	90.6484	74.7216
8560	1663.47	79.8243	196.522	135.95	95.7084	64.7943
8570	1672.01	82.6857	179.662	134.51	99.4743	55.5517
8580	1680.49	84.7958	162.833	132.166	101.578	47.9877
8590	1688.87	86.3542	146.327	128.833	101.808	43.5067
8600	1697.12	87.5912	130.427	124.448	100.096	43.4194
8610	1705.17	88.751	115.379	118.971	96.5051	47.8824
8620	1712.96	90.0673	101.377	112.388	91.2223	55.7732
8630	1720.41	91.7352	88.544	104.716	84.5582	65.7066
8640	1727.42	93.8844	76.9383	96.0036	76.9532	76.652
8650	1733.91	96.5608	66.5712	86.3232	68.9942	87.9465
8660	1739.78	99.721	57.464	75.7726	61.4382	99.1659
8670	1744.91	103.242	49.7335	64.4673	55.2097	110.03
8680	1749.24	106.94	43.697	52.5343	51.2771	120.351
8690	1752.69	110.595	39.9171	40.1057	50.2981	130.005
8700	1755.21	113.97	39.0135	27.3136	52.2118	138.916
8710	1756.79	116.828	41.1951	14.2912	56.2576	147.055
8720	1757.43	118.949	45.9887	1.5785	61.429	154.43
8730	1757.16	120.135	52.5278	12.2018	66.8565	161.088
8740	1756.05	120.214	59.9542	25.3295	71.9259	167.109
8750	1754.2	119.052	67.5749	38.3424	76.2564	172.606
8760	1751.7	116.549	74.8617	51.1491	79.648	177.72
8770	1748.68	112.651	81.4203	63.6682	82.0358	182.617
8780	1745.28	107.348	86.9685	75.8121	83.4527	187.473
8790	1741.63	100.684	91.3257	87.4804	83.9957	192.472
8800	1737.87	92.759	94.4074	98.5571	83.7936	197.789
8810	1734.12	83.7412	96.2206	108.91	82.9746	203.575
8820	1730.5	73.8763	96.8568	118.396	81.639	209.946
8830	1727.11	63.5144	96.4816	126.861	79.8409	216.967
8840	1724.04	53.1644	95.3182	134.156	77.5878	224.643
8850	1721.36	43.6051	93.6265	140.141	74.8607	232.913
8860	1719.11	36.0661	91.6762	144.698	71.6588	241.648
8870	1717.34	32.2092	89.7152	147.737	68.0682	250.655
8880	1716.05	33.0822	87.9378	149.205	64.3539	259.684
8890	1715.25	37.7769	86.4571	149.089	61.064	268.437
8900	1714.92	44.366	85.2907	147.421	59.0966	276.587
8910	1715.01	51.3446	84.3613	144.27	59.5921	283.786
8920	1715.49	57.8191	83.5145	139.745	63.5202	289.687
8930	1716.29	63.2793	82.5461	133.983	71.1834	293.957
8940	1717.34	67.435	81.2317	127.148	82.1441	296.297
8950	1718.57	70.1363	79.352	119.42	95.5716	296.454
8960	1719.92	71.3373	76.7105	110.994	110.574	294.237
8970	1721.32	71.0809	73.1458	102.078	126.34	289.529
8980	1722.71	69.4949	68.5377	92.8972	142.159	282.297
8990	1724.04	66.7951	62.813	83.7098	157.422	272.592
9000	1725.29	63.2965	55.9534	74.831	171.604	260.558
9010	1726.44	59.4295	48.0169	66.6727	184.264	246.425
9020	1727.51	55.7531	39.1978	59.788	195.044	230.503
9030	1728.52	52.9374	30.024	54.8782	203.669	213.184
9040	1729.5	51.6647	22.0694	52.6683	209.951	194.924
9050	1730.51	52.4234	19.6056	53.5969	213.783	176.249
9060	1731.6	55.2991	26.166	57.5374	215.143	157.752
9070	1732.82	59.953	38.3997	63.8771	214.086	140.102
9080	1734.23	65.7999	53.2065	71.8423	210.741	124.067
9090	1735.89	72.2091	69.3943	80.7304	205.304	110.509
9100	1737.81	78.6135	86.4261	89.9701	198.035	100.341
9110	1740.05	84.54	103.958	99.1004	189.244	94.3309
9120	1742.59	89.608	121.706	107.738	179.292	92.7985
9130	1745.46	93.5193	139.398	115.552	168.579	95.3955
9140	1748.64	96.052	156.761	122.255	157.544	101.241
9150	1752.11	97.0566	173.512	127.599	146.657	109.291
9160	1755.87	96.4533	189.363	131.376	136.411	118.623
9170	1759.88	94.231	204.02	133.42	127.308	128.532
9180	1764.14	90.4432	217.193	133.616	119.835	138.512
9190	1768.64	85.2033	228.603	131.899	114.408	148.197
9200	1773.37	78.6779	237.991	128.259	111.316	157.32
9210	1778.33	71.0768	245.131	122.742	110.66	165.678
9220	1783.55	62.6433	249.838	115.448	112.33	173.123
9230	1789.01	53.6435	251.979	106.532	116.051	179.546
9240	1794.75	44.3573	251.478	96.2034	121.449	184.878
9250	1800.76	35.0745	248.328	84.7312	128.13	189.092
9260	1807.06	26.1078	242.585	72.4607	135.729	192.201
9270	1813.62	17.8608	234.376	59.8622	143.93	194.257
9280	1820.42	11.1479	223.888	47.6642	152.468	195.354
9290	1827.43	8.2762	211.368	37.1928	161.121	195.615
9300	1834.58	10.8142	197.113	30.9345	169.705	195.194
9310	1841.79	15.2937	181.459	31.6816	178.062	194.262
9320	1848.97	19.6637	164.778	38.8393	186.057	192.998
9330	1855.98	23.4245	147.472	49.3301	193.571	191.579
9340	1862.71	26.4901	129.971	61.0106	200.5	190.169
9350	1869.01	28.9266	112.749	72.8303	206.749	188.908
9360	1874.75	30.8945	96.3493	84.2496	212.228	187.904
9370	1879.77	32.6328	81.4402	94.9476	216.855	187.227
9380	1883.95	34.446	68.8875	104.704	220.551	186.905
9390	1887.17	36.6748	59.7736	113.35	223.242	186.926
9400	1889.33	39.6436	55.1369	120.752	224.861	187.238
9410	1890.37	43.5978	55.281	126.799	225.356	187.753
9420	1890.26	48.6601	59.343	131.409	224.69	188.359
9430	1888.98	54.8254	65.8598	134.529	222.853	188.924
9440	1886.58	61.9867	73.5551	136.146	219.865	189.306
9450	1883.14	69.9708	81.5958	136.292	215.782	189.364
9460	1878.75	78.5655	89.5125	135.053	210.698	188.966
9470	1873.57	87.5382	97.0746	132.571	204.75	187.994
9480	1867.74	96.6452	104.199	129.051	198.107	186.354
9490	1861.46	105.638	110.892	124.756	190.974	183.975
9500	1854.92	114.27	117.212	119.999	183.576	180.818
9510	1848.3	122.299	123.242	115.126	176.149	176.869
9520	1841.81	129.495	129.067	110.487	168.929	172.143
9530	1835.62	135.647	134.756	106.396	162.132	166.678
9540	1829.88	140.569	140.35	103.086	155.951	160.533
9550	1824.74	144.109	145.854	100.67	150.535	153.779
9560	1820.3	146.155	151.232	99.1148	145.99	146.5
9570	1816.65	146.644	156.413	98.255	142.375	138.782
9580	1813.86	145.571	161.294	97.8329	139.701	130.711
9590	1811.96	142.991	165.752	97.5529	137.944	122.372
9600	1810.97	139.032	169.656	97.1349	137.041	113.838
9610	1810.89	133.898	172.876	96.3537	136.907	105.181
9620	1811.7	127.871	175.293	95.063	137.436	96.4625
9630	1813.39	121.321	176.812	93.2053	138.507	87.7427
9640	1815.91	114.693	177.365	90.8121	139.986	79.0861
9650	1819.24	108.49	176.921	87.9992	141.737	70.5733
9660	1823.33	103.234	175.482	84.9574	143.62	62.3216
9670	1828.14	99.3829	173.093	81.94	145.503	54.5196
9680	1833.61	97.2343	169.83	79.2454	147.267	47.4829
9690	1839.68	96.8349	165.806	77.1918	148.81	41.7295
9700	1846.27	97.9563	161.16	76.0819	150.054	38.0173
9710	1853.31	100.153	156.051	76.1591	150.947	37.1658
9720	1860.7	102.869	150.651	77.566	151.46	39.5691
9730	1868.33	105.548	145.138	80.3229	151.591	44.8993
9740	1876.09	107.697	139.684	84.3321	151.353	52.4346
9750	1883.82	108.927	134.448	89.4068	150.774	61.5002
9760	1891.41	108.962	129.572	95.3057	149.883	71.6117
9770	1898.69	107.64	125.174	101.763	148.703	82.4424
9780	1905.51	104.905	121.345	108.507	147.25	93.7616
9790	1911.74	100.799	118.148	115.274	145.522	105.39
9800	1917.24	95.4584	115.622	121.815	143.503	117.172
9810	1921.87	89.098	113.777	127.899	141.17	128.96
9820	1925.53	82.0068	112.609	133.327	138.5	140.606
9830	1928.15	74.5352	112.098	137.932	135.489	151.954
9840	1929.67	67.0802	112.215	141.586	132.168	162.843
9850	1930.07	60.0613	112.933	144.21	128.626	173.101
9860	1929.37	53.8776	114.23	145.773	125.032	182.554
9870	1927.61	48.8355	116.092	146.298	121.648	191.024
9880	1924.88	45.0552	118.518	145.86	118.842	198.337
9890	1921.31	42.4001	121.516	144.586	117.064	204.327
9900	1917.05	40.4915	125.099	142.651	116.797	208.843
9910	1912.28	38.8173	129.278	140.27	118.471	211.752
9920	1907.19	36.8681	134.054	137.69	122.36	212.947
9930	1902.01	34.2284	139.408	135.174	128.508	212.351
9940	1896.96	30.6117	145.301	132.981	136.72	209.921
9950	1892.26	25.8602	151.663	131.34	146.616	205.651
9960	1888.11	19.9302	158.403	130.427	157.703	199.575
9970	1884.72	12.8852	165.408	130.339	169.452	191.764
9980	1882.24	5.00649	172.55	131.08	181.339	182.331
9990	1880.81	4.78563	179.692	132.566	192.875	171.422
