#
# Count of number of zeros for the rising pochammer generating
# function.  Due to bugs in the zero counting, the first 12 entries
# are hand-corrected.  The problem stems from the fact that
# there is a zero at zero, and two more zeros on the negative
# real axis, and the countng screws up due to the funny way
# that the phases join up in there.
#
0.1	1
0.2	1
0.3	1
0.4	1
0.5	1
0.6	1
0.7	1
0.8	1
0.9	1
1	1
1.1	1
1.2	1
1.3	1
1.4	2
1.5	2
2	2
3	2
# step not fine enough at theta=3.1875
4	2
4.4	2
4.5	2
4.6	3
5	3
6	3
7	3
8	3
# step not fine enough at theta=1.97222
# step not fine enough at theta=4.33333
9	3
# step not fine enough at theta=2.025
# step not fine enough at theta=4.275
10	3
11	5
12	5
13	5
14	5
15	5
16	5
17	5
18	5
19	5
20	5
21	5
22	5
23	5
24	7
25	7
26	7
27	7
28	7
29	7
30	7
31	7
32	7
33	7
34	7
35	7
36	7
37	7
38	7
39	7
40	7
41	7
42	7
43	7
44	7
45	7
46	7
47	7
48	7
49	7
50	7
51	7
52	7
53	7
# step not fine enough at theta=1.05093
# step not fine enough at theta=5.24074
54	9
# step not fine enough at theta=1.01818
# step not fine enough at theta=5.26818
55	9
56	9
57	9
58	9
59	9
60	9
61	9
62	9
63	9
64	9
65	9
66	9
67	9
68	9
69	9
70	9
71	9
# step not fine enough at theta=2.54514
# step not fine enough at theta=3.74306
72	11
73	11
74	11
75	11
76	11
77	11
78	11
79	11
80	11
81	11
82	11
83	11
84	11
85	11
86	11
87	11
88	11
89	11
90	11
91	11
92	11
93	11
94	11
95	11
96	11
97	11
98	11
99	11
100	11
101	11
102	11
103	11
104	11
105	11
106	11
107	11
108	11
109	11
110	11
111	11
112	13
113	13
114	13
115	13
116	13
117	13
118	13
119	13
120	13
121	13
122	13
123	13
124	13
125	13
126	13
127	13
128	13
129	13
130	13
131	13
132	13
133	13
134	13
135	13
136	13
137	13
138	13
139	13
140	13
141	13
142	13
143	13
144	13
145	13
146	13
147	13
148	13
149	13
150	13
151	13
152	13
153	13
154	13
155	13
156	13
157	13
158	13
159	13
160	13
161	13
162	13
163	13
164	13
165	13
166	13
167	13
168	13
169	13
170	13
171	13
172	13
173	13
174	13
175	13
176	13
177	13
178	13
179	13
180	13
181	13
182	13
183	13
184	13
185	13
186	13
187	13
188	13
189	13
190	13
191	15
192	15
193	15
194	15
195	15
196	15
197	15
198	15
199	17
200	17
201	17
202	17
203	17
204	17
205	17
206	17
207	17
208	17
209	17
210	17
211	17
212	17
213	17
214	17
215	17
216	17
217	17
218	17
219	17
220	17
221	17
222	17
223	17
224	17
225	17
226	17
227	17
228	17
229	17
230	17
231	17
232	17
233	17
234	17
235	17
236	17
237	17
238	17
239	17
240	17
241	17
242	17
243	17
244	17
245	17
246	17
247	17
248	17
249	17
250	17
251	17
252	17
253	17
254	17
255	17
256	17
257	17
258	17
259	17
260	17
261	17
262	17
263	17
264	17
265	17
266	17
267	17
268	17
269	17
270	17
271	17
272	17
273	17
274	17
275	17
276	17
277	17
278	17
279	17
280	17
281	17
282	17
283	19
284	19
285	19
286	19
287	19
288	19
289	19
290	19
291	19
292	19
293	19
294	19
295	19
296	19
297	19
298	19
299	19
300	19
301	19
302	19
303	19
304	19
305	19
306	19
307	19
308	19
309	19
310	19
311	19
312	19
313	19
314	19
315	19
316	19
317	19
318	19
319	19
320	19
321	19
322	19
323	19
324	19
325	19
326	19
327	19
328	19
329	19
330	19
331	19
332	19
333	19
334	19
335	19
336	19
337	19
338	19
339	19
340	19
341	19
342	19
343	19
344	19
345	19
346	19
347	19
348	19
349	19
350	19
351	19
352	19
353	19
354	19
355	21
356	21
357	21
358	21
359	21
360	21
361	21
362	21
363	21
364	21
365	21
366	21
367	21
368	21
369	21
370	21
371	21
372	21
373	21
374	21
375	21
376	21
377	21
378	21
379	21
380	21
381	21
382	21
383	21
384	21
385	21
386	21
387	21
388	21
389	21
390	21
391	21
392	21
393	21
394	21
395	21
396	21
397	21
398	21
399	21
400	21
401	21
402	21
403	21
404	21
405	21
406	21
407	21
408	21
409	21
410	21
411	21
412	21
413	21
414	21
415	21
416	21
417	21
418	21
419	21
420	21
421	21
422	21
423	21
424	21
425	21
426	21
427	21
428	21
429	21
430	21
431	21
432	21
433	21
434	21
435	23
436	23
437	23
438	23
439	23
440	23
441	23
442	23
443	23
444	23
445	23
446	23
447	23
448	23
449	23
450	23
451	23
452	23
453	23
454	23
455	23
456	23
457	23
458	23
459	23
460	23
461	23
462	23
463	23
464	23
465	23
466	23
467	23
468	23
469	23
470	23
471	23
472	23
473	23
474	23
475	23
476	23
477	23
478	23
479	23
480	23
481	23
482	23
483	23
484	23
485	23
486	23
487	23
488	23
489	23
490	23
491	23
492	23
493	23
494	23
495	23
496	23
497	23
498	23
499	23
500	23
501	23
502	23
503	23
504	23
505	23
506	23
507	23
508	23
509	23
510	23
511	23
512	23
513	23
514	23
515	23
516	23
517	23
518	23
519	23
520	23
521	23
522	23
523	23
524	23
525	23
526	23
527	23
528	23
529	23
530	23
531	23
532	23
533	23
534	23
535	23
536	23
537	23
538	23
539	23
540	23
541	23
542	23
543	23
544	23
545	23
546	23
547	23
548	23
549	23
550	23
551	23
552	23
553	23
554	23
555	23
556	23
557	23
558	23
559	23
560	23
561	23
562	23
563	23
564	23
565	23
566	23
567	23
568	23
569	23
570	23
571	23
572	23
573	23
574	23
# step not fine enough at theta=0.564348
# step not fine enough at theta=5.71957
575	25
# step not fine enough at theta=0.562934
# step not fine enough at theta=5.72092
576	25
# step not fine enough at theta=0.561958
# step not fine enough at theta=5.7214
577	25
# step not fine enough at theta=0.561419
# step not fine enough at theta=5.72189
578	25
# step not fine enough at theta=0.561313
# step not fine enough at theta=5.72237
579	25
# step not fine enough at theta=0.560776
# step not fine enough at theta=5.72284
580	25
# step not fine enough at theta=0.560671
# step not fine enough at theta=5.72289
581	25
# step not fine enough at theta=0.560567
# step not fine enough at theta=5.72337
582	25
# step not fine enough at theta=0.560034
# step not fine enough at theta=5.72341
583	25
# step not fine enough at theta=0.559932
# step not fine enough at theta=5.72346
584	25
# step not fine enough at theta=0.559829
# step not fine enough at theta=5.72393
585	25
# step not fine enough at theta=0.559727
# step not fine enough at theta=5.72398
586	25
# step not fine enough at theta=0.559199
# step not fine enough at theta=5.72402
587	25
# step not fine enough at theta=0.559099
# step not fine enough at theta=5.72449
588	25
# step not fine enough at theta=0.558998
# step not fine enough at theta=5.72453
589	25
# step not fine enough at theta=0.558898
# step not fine enough at theta=5.72458
590	25
# step not fine enough at theta=0.558799
# step not fine enough at theta=5.72504
591	25
# step not fine enough at theta=0.558699
# step not fine enough at theta=5.72508
592	25
# step not fine enough at theta=0.558179
# step not fine enough at theta=5.72513
593	25
# step not fine enough at theta=0.558081
# step not fine enough at theta=5.72559
594	25
# step not fine enough at theta=0.557983
# step not fine enough at theta=5.72563
595	25
596	25
597	25
598	25
599	25
600	25
601	25
602	25
603	27
604	27
605	27
606	27
607	27
608	27
609	27
610	27
611	27
612	27
613	27
614	27
615	27
616	27
617	27
618	27
619	27
620	27
621	27
622	27
623	27
624	27
625	27
626	27
627	27
628	27
629	27
630	27
631	27
632	27
633	27
634	27
635	27
636	27
637	27
638	27
639	27
640	27
641	27
642	27
# step not fine enough at theta=1.41835
# step not fine enough at theta=4.86509
643	29
# step not fine enough at theta=1.41576
# step not fine enough at theta=4.86762
644	29
# step not fine enough at theta=1.41395
# step not fine enough at theta=4.86938
645	29
# step not fine enough at theta=1.41254
# step not fine enough at theta=4.87074
646	29
# step not fine enough at theta=1.41151
# step not fine enough at theta=4.8721
647	29
# step not fine enough at theta=1.41088
# step not fine enough at theta=4.87307
648	29
# step not fine enough at theta=1.40986
# step not fine enough at theta=4.87365
649	29
# step not fine enough at theta=1.40923
# step not fine enough at theta=4.87423
650	29
# step not fine enough at theta=1.4086
# step not fine enough at theta=4.87481
651	29
# step not fine enough at theta=1.40798
# step not fine enough at theta=4.87538
652	29
# step not fine enough at theta=1.40773
# step not fine enough at theta=4.87596
653	29
# step not fine enough at theta=1.40711
# step not fine enough at theta=4.87615
654	29
# step not fine enough at theta=1.40687
# step not fine enough at theta=4.87672
655	29
# step not fine enough at theta=1.40663
# step not fine enough at theta=4.87691
656	29
# step not fine enough at theta=1.40601
# step not fine enough at theta=4.87747
657	29
658	29
659	29
660	29
661	29
662	29
663	29
664	29
665	29
666	29
667	29
668	29
669	29
670	29
671	29
672	29
673	29
674	29
675	29
676	29
677	29
678	29
679	29
680	29
681	29
682	29
683	29
684	29
685	29
686	29
687	29
688	29
689	29
690	29
691	29
692	29
693	29
694	29
695	29
696	29
697	29
698	29
699	29
700	29
701	29
702	29
703	29
704	29
705	29
706	29
707	29
708	29
709	29
710	29
711	29
712	29
713	29
714	29
715	29
716	29
717	29
718	29
719	29
720	29
721	29
722	29
723	29
724	29
725	29
726	29
727	29
728	29
729	29
730	29
731	29
732	29
733	29
734	29
735	29
736	29
737	29
738	29
739	29
740	29
741	29
742	29
743	29
744	29
745	29
746	29
747	29
748	29
749	29
750	29
751	29
752	29
753	29
754	29
755	29
756	29
757	29
758	29
759	29
760	29
761	29
762	29
763	29
764	29
765	29
766	29
767	29
768	29
769	29
770	29
771	29
772	29
773	29
774	29
775	29
776	29
777	29
778	29
779	29
780	29
781	29
782	29
783	29
784	29
785	29
786	29
787	29
788	29
789	29
790	29
791	29
792	29
793	29
794	29
795	29
796	29
797	29
798	29
799	29
800	29
801	29
802	29
803	29
804	29
805	29
806	29
807	29
808	29
809	29
810	29
811	29
812	29
813	29
814	29
815	29
816	29
817	29
818	29
819	29
820	29
821	29
822	29
823	29
824	29
825	29
826	29
827	29
828	29
829	29
830	29
831	29
832	29
833	29
834	29
835	29
836	29
837	29
838	29
839	29
840	29
841	29
842	31
843	31
844	31
845	31
846	31
847	31
848	31
849	31
850	31
851	31
852	31
853	31
854	31
855	31
856	31
857	31
858	31
859	31
860	31
861	31
862	31
863	31
864	31
865	31
866	31
867	31
868	31
869	31
870	31
871	31
872	31
873	31
874	31
875	31
876	31
877	31
878	31
879	31
880	31
881	31
882	31
883	31
884	31
885	31
886	31
887	31
888	31
889	31
890	31
891	31
892	31
893	31
894	31
895	31
896	31
897	31
898	31
899	31
900	31
901	31
902	31
903	31
904	31
905	31
906	31
907	31
908	31
909	31
915	31
930	31
945	31
960	31
# step not fine enough at theta=1.26487
# step not fine enough at theta=5.01872
975	33
990	33
1005	33
1020	33
1035	33
1051	33
1067	33
1083	35
1099	35
1115	35
1131	35
1147	35
1163	35
1180	35
1197	35
1214	37
1231	37
1248	37
1265	37
1282	37
1299	37
1317	37
1335	37
1353	37
# step not fine enough at theta=2.3791
# step not fine enough at theta=3.90427
1371	39
1389	39
1407	39
1425	39
1443	39
1461	39
1480	39
1499	39
1518	39
1537	41
1556	41
1575	41
1594	41
1613	41
# step not fine enough at theta=1.6808
# step not fine enough at theta=4.60257
1633	43
# step not fine enough at theta=1.68754
# step not fine enough at theta=4.59589
1653	43
1673	43
1693	43
1713	45
1733	45
1753	45
1773	45
1794	45
1815	45
1836	45
1857	45
1878	45
1899	45
1920	45
1941	45
1963	45
1985	45
2007	45
2029	45
2051	45
2073	45
2095	45
2117	45
2140	45
2163	45
2186	45
2209	45
2232	45
2255	47
2278	47
2301	49
2324	49
2348	49
2372	49
2396	49
2420	49
2444	49
2468	49
# step not fine enough at theta=0.420646
# step not fine enough at theta=5.86266
2492	51
2516	51
# step not fine enough at theta=0.563361
# step not fine enough at theta=5.71989
2541	53
2566	53
2591	55
2616	55
2641	55
2666	55
2691	55
2716	55
2742	55
2768	55
2794	55
2820	55
2846	55
2872	55
2898	55
2924	55
2951	55
2978	55
3005	59
3032	59
3059	59
3086	59
3113	59
3140	59
3168	59
3196	59
3224	59
3252	59
3280	59
3308	59
3336	59
3364	61
3393	61
3422	61
3451	61
3480	61
3509	61
3538	61
3567	61
3596	61
3625	61
3655	61
3685	61
3715	61
3745	61
3775	61
3805	61
3835	61
3865	61
3896	61
3927	63
3958	65
3989	65
4020	65
4051	67
4082	67
4113	67
4145	67
4177	67
4209	67
4241	67
4273	67
4305	67
4337	67
4369	67
4402	67
4435	67
4468	69
4501	69
4534	69
4567	69
4600	69
# step not fine enough at theta=0.747464
# step not fine enough at theta=5.53578
4633	71
4667	71
4701	71
4735	71
4769	71
4803	71
4837	71
4871	71
4905	71
4940	71
4975	73
5010	73
5045	73
5080	73
5115	73
5150	73
5185	73
5221	73
5257	73
5293	75
5329	75
5365	75
5401	75
5437	75
5473	75
5509	75
5546	75
5583	75
5620	75
5657	75
5694	75
5731	75
5768	75
5805	75
5843	75
5881	77
5919	77
5957	77
5995	77
6033	77
6071	77
6109	77
# step not fine enough at theta=2.84617
# step not fine enough at theta=3.43705
6148	79
6187	79
6226	79
6265	79
6304	79
6343	79
6382	79
6421	79
6461	81
6501	81
6541	81
6581	81
6621	81
6661	81
6701	83
6741	83
6782	83
6823	83
6864	83
6905	83
6946	83
6987	85
7028	85
7069	85
7111	85
7153	85
7195	85
7237	85
7279	85
7321	85
7363	85
7405	85
7448	85
# step not fine enough at theta=0.626352
# step not fine enough at theta=5.65689
7491	89
7534	89
7577	89
7620	89
7663	89
7706	89
7749	89
7793	89
7837	89
7881	89
7925	89
7969	89
8013	89
8057	89
8101	89
# step not fine enough at theta=2.88151
# step not fine enough at theta=3.4017
8146	91
8191	91
8236	91
8281	91
8326	91
8371	91
8416	91
8461	93
8506	95
8552	95
8598	97
8644	97
8690	97
8736	99
8782	99
8828	99
8874	99
8921	99
8968	99
9015	99
9062	99
9109	99
9156	99
9203	99
9250	99
9298	99
9346	99
9394	99
9442	99
9490	99
9538	99
9586	99
9634	99
9683	99
9732	101
9781	101
9830	101
9879	101
9928	101
9977	101
10000	101
10026	101
10050	101
10076	101
10100	101
10126	101
10150	101
10176	101
10200	101
10226	101
10250	101
10276	101
10300	101
10326	101
10350	101
10376	101
10400	101
10426	101
10450	101
10477	103
10501	103
10528	103
10552	103
10579	103
10603	103
10654	103
10705	103
10756	105
10807	105
10858	105
10910	105
10962	105
11014	107
11066	107
11118	107
11170	107
11222	107
11274	107
11327	107
11380	107
11433	107
# step not fine enough at theta=1.41827
# step not fine enough at theta=4.86691
11486	109
11539	109
11592	109
11645	109
11698	109
11752	109
11806	109
11860	109
11914	109
11968	109
12022	109
12076	111
12130	111
12185	111
12240	111
12295	111
12350	111
12405	111
12460	111
12515	111
12570	111
12626	113
12682	113
12738	113
12794	113
12850	113
12906	113
12962	113
13018	113
13075	113
13132	113
13189	113
13246	113
13303	113
13360	113
13417	113
13474	113
# step not fine enough at theta=1.66943
# step not fine enough at theta=4.61457
13532	115
# step not fine enough at theta=1.66758
# step not fine enough at theta=4.61672
13590	115
13648	115
13706	115
13764	115
13822	115
13880	115
13938	115
13997	115
14056	115
# step not fine enough at theta=0.607711
# step not fine enough at theta=5.67645
14115	121
14174	121
14233	121
14292	123
# step not fine enough at theta=3.00512
# step not fine enough at theta=3.27892
14351	125
14410	125
14470	125
14530	125
14590	125
14650	127
14710	127
14770	127
14830	127
14890	129
14951	129
15012	129
15073	129
15134	129
15195	129
15256	129
15317	129
15378	129
15440	129
15502	129
15564	129
15626	131
15688	131
15750	131
15812	131
15874	131
15936	131
15999	131
16062	131
16125	131
16188	131
16251	131
16314	131
16377	131
16440	131
16504	131
16568	131
16632	131
16696	133
16760	133
16824	133
16888	133
16952	133
17017	133
17082	133
17147	133
17212	133
17277	133
17342	133
17407	133
17472	133
17538	133
17604	133
17670	133
17736	133
17802	133
17868	133
17934	133
18000	135
18067	135
18134	135
18201	135
18268	135
18335	135
18402	135
18469	135
18536	137
18604	137
18672	137
18740	137
18808	137
18876	137
18944	137
19012	137
19080	137
19149	137
19218	139
19287	139
19356	139
19425	139
19494	139
19563	139
19632	139
19702	141
19772	141
19842	141
19912	141
19982	141
20052	141
20122	141
20192	141
20263	141
20334	143
20405	143
20476	143
20547	145
20618	145
20689	149
20760	149
20832	149
20904	149
20976	149
21048	149
21120	149
21192	149
21264	149
21336	149
21409	149
21482	149
21555	149
21628	149
21701	151
21774	151
21847	151
21920	151
21994	151
22068	151
22142	151
22216	151
22290	151
22364	151
22438	151
22512	151
22587	151
22662	151
22737	151
22812	151
22887	151
22962	151
23037	151
23112	153
23188	153
23264	153
23340	153
23416	153
23492	153
23568	155
23644	155
23720	155
23797	155
23874	155
23951	155
24028	155
24105	157
24182	157
24259	157
24336	157
24414	157
24492	157
24570	157
24648	157
24726	157
24804	157
24882	157
24960	157
25038	159
25117	159
25196	159
25275	159
25354	159
25433	159
25512	159
25591	159
25670	159
25750	159
25830	159
25910	161
25990	161
26070	161
26150	161
# step not fine enough at theta=2.45498
# step not fine enough at theta=3.82942
26230	163
26310	163
26391	163
# step not fine enough at theta=1.00183
# step not fine enough at theta=5.28204
26472	165
26553	165
26634	165
26715	165
26796	165
26877	165
26958	165
27040	165
27122	167
27204	167
27286	167
27368	167
27450	167
27532	167
27614	167
27697	169
27780	169
27863	169
# step not fine enough at theta=2.92875
# step not fine enough at theta=3.35585
27946	171
# step not fine enough at theta=2.92799
# step not fine enough at theta=3.35566
28029	171
# step not fine enough at theta=3.35547
28112	171
28195	171
28278	171
28362	173
28446	173
28530	173
28614	173
28698	173
28782	173
28866	173
28950	173
29035	175
29120	175
29205	175
29290	175
29375	175
29460	175
29545	175
29630	175
29716	175
29802	175
29888	175
29974	177
30060	177
30146	177
30232	177
30318	177
30405	177
30492	177
30579	177
30666	177
30753	177
30840	177
30927	177
31014	177
31102	177
31190	177
31278	177
31366	177
31454	177
31542	177
31630	177
31718	177
31807	177
31896	177
31985	177
32074	179
32163	179
32252	179
32341	179
32430	179
32520	179
32610	179
32700	179
32790	179
32880	179
32970	179
33060	179
33150	181
33241	181
33332	181
33423	181
33514	181
33605	181
33696	181
33787	181
33878	181
33970	183
34062	183
34154	189
# step not fine enough at theta=1.4147
# step not fine enough at theta=4.86878
34246	191
# step not fine enough at theta=0.809476
34338	193
34430	193
34522	193
34614	193
34707	193
34800	193
34893	193
34986	193
35079	193
35172	193
35265	193
35358	193
35452	193
35546	193
35640	193
35734	193
35828	193
35922	193
36016	193
36110	193
36205	193
36300	193
36395	193
36490	193
36585	193
36680	193
36775	193
36870	193
36966	193
37062	193
37158	193
37254	193
37350	193
37446	195
37542	195
37638	195
37735	195
37832	195
37929	195
38026	195
38123	195
38220	195
38317	195
38414	195
38511	195
38609	195
38707	195
38805	195
38903	197
39001	197
39099	197
39197	197
39295	197
39394	197
39493	197
39592	197
39691	197
39790	197
39889	197
39988	197
40087	197
# step not fine enough at theta=1.14433
# step not fine enough at theta=5.14
40187	199
40287	199
40387	199
40487	201
40587	201
40687	201
40787	201
40887	201
# step not fine enough at theta=0.753748
# step not fine enough at theta=5.53012
40988	203
41089	203
41190	203
41291	203
41392	203
41493	203
41594	203
41695	203
41797	203
41899	205
42001	205
42103	205
42205	205
