0	0 5.31561	5.31561	1.04894
1	0.000554631 5.29535	5.31561	1.04894
2	0.00110926 5.28667	5.29535	1.02869
3	0.00166389 5.27427	5.28667	1.02
4	0.00221852 5.22508	5.26642	0.999749
5	0.00277316 5.22762	5.25401	0.987347
6	0.00332779 5.19496	5.24533	0.978666
7	0.00388242 5.21099	5.25655	0.989886
8	0.00443705 5.1899	5.22762	0.960949
9	0.00499168 5.17219	5.21521	0.948547
10	0.00554631 5.11059	5.18628	0.919609
11	0.00610094 5.17483	5.23124	0.964576
12	0.00665557 5.15375	5.20231	0.935639
13	0.00721021 5.13603	5.1899	0.923237
14	0.00776484 5.06575	5.14071	0.874043
15	0.00831947 5.06938	5.14325	0.876583
16	0.0088741 5.00247	5.11059	0.843925
17	0.00942873 5.12318	5.19509	0.92842
18	0.00998336 5.10209	5.16615	0.899482
19	0.010538 5.08438	5.15375	0.88708
20	0.0110926 5.02278	5.12481	0.858143
21	0.0116473 5.03013	5.11577	0.849107
22	0.0122019 4.97976	5.09469	0.828024
23	0.0127565 5.00265	5.11072	0.844054
24	0.0133111 4.96385	5.06938	0.802714
25	0.0138658 4.93854	5.05166	0.784998
26	0.0144204 4.8303	4.99007	0.723402
27	0.014975 5.04939	5.14343	0.876767
28	0.0155297 5.0283	5.1145	0.84783
29	0.0160843 4.99033	5.10209	0.835428
30	0.0166389 4.94031	5.0529	0.786234
31	0.0171936 4.94394	5.05544	0.788773
32	0.0177482 4.87703	5.02278	0.756115
33	0.0183028 4.92018	5.03881	0.772145
34	0.0188575 4.89007	5.01773	0.751062
35	0.0194121 4.8445	5.00001	0.733345
36	0.0199667 4.7441	4.92973	0.663068
37	0.0205214 4.85613	4.99397	0.727307
38	0.021076 4.78922	4.96132	0.694649
39	0.0216306 4.77176	4.93492	0.668251
40	0.0221852 4.75669	4.93854	0.671878
41	0.0227399 4.67655	4.86827	0.601602
42	0.0232945 4.96423	5.06964	0.802978
43	0.0238491 4.93529	5.04939	0.782721
44	0.0244038 4.90264	5.04071	0.77404
45	0.0249584 4.87624	5.00805	0.741382
46	0.025513 4.87986	5.01059	0.743921
47	0.0260677 4.81827	4.98165	0.714984
48	0.0266223 4.75921	4.94031	0.673645
49	0.0271769 4.79451	4.96502	0.698355
50	0.0277316 4.75571	4.92368	0.657016
51	0.0282862 4.718	4.89728	0.630618
52	0.0288408 4.79206	4.94912	0.682455
53	0.0293955 4.73046	4.92018	0.653517
54	0.0299501 4.6714	4.87884	0.612178
55	0.0305047 4.64863	4.84873	0.582059
56	0.0310593 4.62234	4.8445	0.577833
57	0.031614 4.58717	4.8057	0.539033
58	0.0321686 4.71827	4.89747	0.630802
59	0.0327232 4.64799	4.84828	0.581608
60	0.0332779 4.56868	4.80694	0.540269
61	0.0338325 4.57484	4.79707	0.530407
62	0.0343871 4.5564	4.78417	0.517499
63	0.0349418 4.48444	4.73379	0.467124
64	0.0354964 4.51715	4.75669	0.490023
65	0.036051 4.3965	4.68641	0.419746
66	0.0366057 4.40531	4.69258	0.425913
67	0.0371603 4.28215	4.59218	0.325518
68	0.0377149 4.79338	4.96423	0.697564
69	0.0382696 4.7723	4.93529	0.668627
70	0.0388242 4.73433	4.92289	0.656225
71	0.0393788 4.66405	4.8737	0.607031
72	0.0399334 4.68793	4.87624	0.60957
73	0.0404881 4.62888	4.8349	0.568231
74	0.0410427 4.66418	4.85961	0.592942
75	0.0415973 4.6138	4.83853	0.571859
76	0.042152 4.57981	4.80055	0.533886
77	0.0427066 4.45916	4.73028	0.463609
78	0.0432612 4.60013	4.81477	0.548104
79	0.0438159 4.54107	4.77343	0.506764
80	0.0443705 4.4955	4.75571	0.489048
81	0.0449251 4.50069	4.75934	0.492675
82	0.0454798 4.40029	4.68907	0.422399
83	0.0460344 4.56768	4.79206	0.525389
84	0.046589 4.52634	4.76312	0.496451
85	0.0471436 4.46728	4.72178	0.455112
86	0.0476983 4.41303	4.68381	0.417139
87	0.0482529 4.41821	4.68743	0.420766
88	0.0488075 4.36279	4.64863	0.381967
89	0.0493622 4.3955	4.67153	0.404866
90	0.0499168 4.28725	4.60994	0.34327
91	0.0504714 4.1818	4.52194	0.255277
92	0.0510261 4.16167	4.50785	0.241188
93	0.0515807 4.43332	4.69801	0.431343
94	0.0521353 4.40321	4.67693	0.41026
95	0.05269 4.34896	4.63895	0.372287
96	0.0532446 4.24856	4.56868	0.30201
97	0.0537992 4.28268	4.59256	0.325894
98	0.0543539 4.19832	4.5335	0.266838
99	0.0549085 4.22849	4.56881	0.302139
100	0.0554631 4.16438	4.50975	0.243083
101	0.0560177 4.11051	4.47204	0.205371
102	0.0565724 4.2163	4.54609	0.279424
103	0.057127 4.1159	4.47581	0.209147
104	0.0576816 3.98234	4.3965	0.129835
105	0.0582363 3.98247	4.38241	0.115745
106	0.0587909 3.95613	4.36397	0.0973055
107	0.0593455 3.86454	4.29986	0.0331958
108	0.0599002 4.59851	4.81364	0.546973
109	0.0604548 4.55717	4.7847	0.518036
110	0.0610094 4.53945	4.7723	0.505634
111	0.0615641 4.47786	4.74336	0.476697
112	0.0621187 4.48521	4.73433	0.467661
113	0.0626733 4.43483	4.71324	0.446578
114	0.063228 4.45773	4.72927	0.462607
115	0.0637826 4.38745	4.68008	0.413414
116	0.0643372 4.39362	4.67022	0.403551
117	0.0648918 4.30563	4.60862	0.341956
118	0.0654465 4.3974	4.67286	0.406194
119	0.0660011 4.34702	4.65178	0.385111
120	0.0665557 4.31303	4.6138	0.347138
121	0.0671104 4.30581	4.60875	0.342085
122	0.067665 4.2265	4.56741	0.300745
123	0.0682196 4.14213	4.50836	0.241689
124	0.0687743 4.30335	4.62121	0.354542
125	0.0693289 4.26455	4.57987	0.313202
126	0.0698835 4.21899	4.56215	0.295486
127	0.0704382 4.23202	4.5571	0.290432
128	0.0709928 4.14403	4.4955	0.228836
129	0.0715474 4.04726	4.42777	0.161099
130	0.0721021 4.12131	4.4796	0.212936
131	0.0726567 4.00547	4.41269	0.146025
132	0.0732113 3.97185	4.37498	0.108314
133	0.0737659 4.24713	4.56768	0.301009
134	0.0743206 4.17686	4.51848	0.251815
135	0.0748752 4.16277	4.50862	0.241952
136	0.0754298 4.08345	4.46728	0.200613
137	0.0759845 4.08527	4.45437	0.187705
138	0.0765391 4.01331	4.404	0.13733
139	0.0770937 4.04602	4.4269	0.160229
140	0.0776484 3.99059	4.3881	0.12143
141	0.078203 3.9255	4.34253	0.0758636
142	0.0787576 3.78207	4.24213	-0.0245319
143	0.0793123 3.94211	4.35416	0.0874938
144	0.0798669 3.82627	4.28725	0.0205832
145	0.0804215 3.77239	4.24954	-0.0171284
146	0.0809762 3.78765	4.24604	-0.0206272
147	0.0815308 3.70847	4.19061	-0.0760556
148	0.0820854 4.09654	4.46226	0.195595
149	0.08264 4.03495	4.43332	0.166658
150	0.0831947 3.96721	4.37173	0.105062
151	0.0837493 3.95312	4.36187	0.0951996
152	0.0843039 3.93468	4.34896	0.0822916
153	0.0848586 3.8714	4.31884	0.0521729
154	0.0854132 3.90411	4.34174	0.0750723
155	0.0859678 3.79503	4.25121	-0.0154608
156	0.0865225 3.80384	4.25737	-0.00929369
157	0.0870771 3.6492	4.14912	-0.117544
158	0.0876317 3.7803	4.24089	-0.0257741
159	0.0881864 3.70462	4.20209	-0.064574
160	0.088741 3.671	4.16438	-0.102286
161	0.0892956 3.64946	4.14931	-0.117359
162	0.0898502 3.48579	4.04891	-0.217755
163	0.0904049 3.74516	4.2163	-0.0503698
164	0.0909595 3.65717	4.1547	-0.111965
165	0.0915141 3.5604	4.08696	-0.179703
166	0.0920688 3.52002	4.07287	-0.193792
167	0.0926234 3.51393	4.05443	-0.212232
168	0.093178 3.39087	3.98247	-0.284196
169	0.0937327 3.42892	3.99493	-0.271739
170	0.0942873 3.34974	3.9395	-0.327167
171	0.0948419 3.26797	3.88226	-0.384407
172	0.0953966 4.29118	4.59851	0.331844
173	0.0959512 4.26224	4.57825	0.311588
174	0.0965058 4.22959	4.56957	0.302906
175	0.0970605 4.20319	4.53691	0.270248
176	0.0976151 4.20682	4.53945	0.272788
177	0.0981697 4.14522	4.51052	0.24385
178	0.0987243 4.07748	4.44892	0.182255
179	0.099279 4.12932	4.48521	0.21854
180	0.0998336 4.08267	4.45255	0.185882
181	0.100388 4.04495	4.42615	0.159484
182	0.100943 4.11901	4.47799	0.211321
183	0.101498 4.05741	4.44905	0.182383
184	0.102052 3.98967	4.38745	0.120788
185	0.102607 3.97558	4.37759	0.110926
186	0.103161 3.94929	4.37337	0.106699
187	0.103716 3.89386	4.33457	0.0678989
188	0.104271 4.04522	4.42634	0.159668
189	0.104825 3.97494	4.37714	0.110475
190	0.10538 3.96085	4.36728	0.100612
191	0.105935 3.88154	4.32594	0.0592729
192	0.106489 3.88336	4.31303	0.0463649
193	0.107044 3.81139	4.26266	-0.00400998
194	0.107598 3.8441	4.28556	0.0188893
195	0.108153 3.78868	4.24676	-0.0199106
196	0.108708 3.73226	4.22145	-0.0452203
197	0.109262 3.58884	4.12105	-0.145616
198	0.109817 3.89061	4.33229	0.0656227
199	0.110372 3.85181	4.29095	0.0242834
200	0.110926 3.8141	4.26455	-0.00211475
201	0.111481 3.81928	4.26818	0.00151299
202	0.112035 3.71103	4.20658	-0.0600826
203	0.11259 3.60558	4.11859	-0.148076
204	0.113145 3.70857	4.19068	-0.0759832
205	0.113699 3.62421	4.13163	-0.135039
206	0.114254 3.54671	4.07738	-0.189287
207	0.114809 3.6649	4.16011	-0.106553
208	0.115363 3.60947	4.12131	-0.145353
209	0.115918 3.54438	4.07575	-0.190919
210	0.116473 3.40964	3.99561	-0.271058
211	0.117027 3.4373	4.00079	-0.265875
212	0.117582 3.29652	3.91643	-0.350241
213	0.118136 3.76028	4.22688	-0.0397908
214	0.118691 3.7099	4.20579	-0.0608739
215	0.119246 3.67591	4.16782	-0.098847
216	0.1198 3.66869	4.16277	-0.103901
217	0.120355 3.58938	4.12143	-0.14524
218	0.12091 3.49633	4.04211	-0.224552
219	0.121464 3.5265	4.07742	-0.189251
220	0.122019 3.4624	4.01836	-0.248307
221	0.122573 3.4172	4.0009	-0.265763
222	0.123128 3.52299	4.07496	-0.19171
223	0.123683 3.4226	4.00468	-0.261987
224	0.124237 3.42273	3.99059	-0.276076
225	0.124792 3.27676	3.9026	-0.36407
226	0.125347 3.25042	3.88416	-0.38251
227	0.125901 3.15015	3.79979	-0.466876
228	0.126456 3.3965	3.97223	-0.294437
229	0.127011 3.32453	3.92185	-0.344812
230	0.127565 3.25572	3.88786	-0.378803
231	0.12812 3.26566	3.88064	-0.386022
232	0.128674 3.11102	3.77239	-0.494272
233	0.129229 2.96038	3.66695	-0.599721
234	0.129784 3.07857	3.74968	-0.516987
235	0.130338 2.92539	3.65663	-0.610034
236	0.130893 2.87892	3.6241	-0.642564
237	0.131448 3.54515	4.07629	-0.190382
238	0.132002 3.51503	4.0552	-0.211465
239	0.132557 3.46946	4.03749	-0.229181
240	0.133111 3.36907	3.96721	-0.299458
241	0.133666 3.3945	3.97084	-0.295831
242	0.134221 3.27866	3.90393	-0.362741
243	0.134775 3.34031	3.94708	-0.319586
244	0.13533 3.26835	3.89671	-0.36996
245	0.135885 3.21111	3.84246	-0.424208
246	0.136439 3.32812	3.92437	-0.342301
247	0.136994 3.24013	3.86277	-0.403896
248	0.137549 3.14336	3.79503	-0.471634
249	0.138103 3.10297	3.78094	-0.485723
250	0.138658 3.09689	3.7625	-0.504163
251	0.139212 2.97383	3.69054	-0.576127
252	0.139767 3.19377	3.83032	-0.436346
253	0.140322 3.13834	3.79152	-0.475146
254	0.140876 3.07325	3.74595	-0.520712
255	0.141431 2.90957	3.64556	-0.621108
256	0.141986 2.94591	3.671	-0.595669
257	0.14254 2.8167	3.56638	-0.700291
258	0.143095 2.84741	3.58787	-0.678799
259	0.143649 2.73557	3.52376	-0.742908
260	0.144204 2.64992	3.44963	-0.817038
261	0.144759 3.04318	3.72491	-0.54176
262	0.145313 2.98775	3.68611	-0.58056
263	0.145868 2.93134	3.6608	-0.60587
264	0.146423 2.80817	3.5604	-0.706265
265	0.146977 2.81557	3.56558	-0.701083
266	0.147532 2.69505	3.48122	-0.785449
267	0.148087 2.72575	3.50271	-0.763956
268	0.148641 2.61763	3.42703	-0.839641
269	0.149196 2.52041	3.37315	-0.893514
270	0.14975 2.6794	3.47026	-0.796406
271	0.150305 2.48678	3.34961	-0.917058
272	0.15086 2.50722	3.34974	-0.916929
273	0.151414 2.2734	3.18606	-1.08061
274	0.151969 2.31291	3.21372	-1.05295
275	0.152524 2.05274	3.0316	-1.23507
276	0.153078 3.83189	4.29118	0.0245158
277	0.153633 3.79055	4.26224	-0.00442175
278	0.154187 3.77283	4.24984	-0.0168235
279	0.154742 3.76778	4.23213	-0.0345404
280	0.155297 3.72644	4.20319	-0.0634779
281	0.155851 3.66738	4.16185	-0.104817
282	0.156406 3.70268	4.18656	-0.0801064
283	0.156961 3.65231	4.16548	-0.101189
284	0.157515 3.61832	4.1275	-0.139163
285	0.15807 3.67997	4.17066	-0.096007
286	0.158625 3.63863	4.14172	-0.124945
287	0.159179 3.57957	4.10038	-0.166284
288	0.159734 3.53401	4.08267	-0.184001
289	0.160288 3.53051	4.06604	-0.200629
290	0.160843 3.43011	3.99576	-0.270906
291	0.161398 3.60618	4.11901	-0.14766
292	0.161952 3.54458	4.09007	-0.176597
293	0.162507 3.48553	4.04873	-0.217936
294	0.163062 3.43128	4.01076	-0.25591
295	0.163616 3.45672	4.01438	-0.252282
296	0.164171 3.40129	3.97558	-0.291082
297	0.164725 3.41375	3.99848	-0.268182
298	0.16528 3.33361	3.92821	-0.338459
299	0.165835 3.31348	3.91412	-0.352548
300	0.166389 3.17992	3.83481	-0.431861
301	0.166944 3.47183	4.02496	-0.241705
302	0.167499 3.42145	4.00388	-0.262788
303	0.168053 3.38746	3.96591	-0.300761
304	0.168608 3.38024	3.96085	-0.305815
305	0.169163 3.30093	3.91951	-0.347154
306	0.169717 3.21656	3.86046	-0.40621
307	0.170272 3.25831	3.8755	-0.391166
308	0.170826 3.18263	3.8367	-0.429966
309	0.171381 3.14901	3.79899	-0.467677
310	0.171936 3.23454	3.87304	-0.393624
311	0.17249 3.1544	3.80277	-0.463901
312	0.173045 3.13428	3.78868	-0.47799
313	0.1736 3.00857	3.70068	-0.565984
314	0.174154 2.97437	3.69092	-0.575743
315	0.174709 2.88279	3.62681	-0.639852
316	0.175263 3.32124	3.91955	-0.347119
317	0.175818 3.29112	3.89846	-0.368202
318	0.176373 3.24555	3.88075	-0.385919
319	0.176927 3.14516	3.81047	-0.456196
320	0.177482 3.17059	3.8141	-0.452568
321	0.178037 3.05475	3.74719	-0.519478
322	0.178591 3.1164	3.79034	-0.476323
323	0.179146 3.04444	3.73997	-0.526698
324	0.1797 2.9872	3.68572	-0.580945
325	0.180255 3.10421	3.76763	-0.499038
326	0.18081 3.01621	3.70603	-0.560634
327	0.181364 2.91945	3.6383	-0.628371
328	0.181919 2.87906	3.62421	-0.64246
329	0.182474 2.85272	3.60577	-0.6609
330	0.183028 2.74123	3.51355	-0.75312
331	0.183583 2.9496	3.67358	-0.593084
332	0.184138 2.91443	3.63478	-0.631884
333	0.184692 2.84933	3.58922	-0.67745
334	0.185247 2.68566	3.48882	-0.777845
335	0.185801 2.722	3.51426	-0.752406
336	0.186356 2.57254	3.40964	-0.857029
337	0.186911 2.6235	3.43113	-0.835536
338	0.187465 2.50297	3.34676	-0.919902
339	0.18802 2.40576	3.29289	-0.973776
340	0.188575 3.11479	3.78921	-0.477453
341	0.189129 3.04451	3.74002	-0.526647
342	0.189684 3.05068	3.73016	-0.536509
343	0.190238 2.96268	3.66856	-0.598105
344	0.190793 2.95293	3.67591	-0.590757
345	0.191348 2.88882	3.61685	-0.649813
346	0.191902 2.91367	3.64843	-0.618232
347	0.192457 2.8785	3.60963	-0.657032
348	0.193012 2.79315	3.56407	-0.702598
349	0.193566 2.63733	3.45499	-0.811675
350	0.194121 2.83002	3.5757	-0.690968
351	0.194676 2.74566	3.51664	-0.750024
352	0.19523 2.66816	3.4624	-0.804271
353	0.195785 2.65531	3.46758	-0.799089
354	0.196339 2.57612	3.41215	-0.854517
355	0.196894 2.76341	3.54325	-0.723418
356	0.197449 2.66301	3.47297	-0.793695
357	0.198003 2.66314	3.45888	-0.807784
358	0.198558 2.51718	3.37089	-0.895778
359	0.199113 2.51109	3.35245	-0.914218
360	0.199667 2.38272	3.27676	-0.989902
361	0.200222 2.45839	3.32973	-0.936933
362	0.200776 2.32664	3.23751	-1.02915
363	0.201331 2.28116	3.19149	-1.07517
364	0.201886 2.61282	3.43784	-0.828832
365	0.20244 2.53268	3.36756	-0.899108
366	0.202995 2.51255	3.35347	-0.913198
367	0.20355 2.37899	3.27416	-0.99251
368	0.204104 2.37291	3.25572	-1.01095
369	0.204659 2.28132	3.19161	-1.07506
370	0.205214 2.32805	3.22432	-1.04235
371	0.205768 2.22525	3.15236	-1.11431
372	0.206323 2.11454	3.07486	-1.19181
373	0.206877 2.26144	3.19187	-1.0748
374	0.207432 2.13827	3.09147	-1.17519
375	0.207987 2.10952	3.07135	-1.19532
376	0.208541 1.901	2.92539	-1.34128
377	0.209096 1.85097	2.89036	-1.3763
378	0.209651 1.74303	2.81481	-1.45186
379	0.210205 2.79878	3.55383	-0.712839
380	0.21076 2.7484	3.53274	-0.733922
381	0.211314 2.71441	3.49477	-0.771895
382	0.211869 2.70719	3.48972	-0.776949
383	0.212424 2.62788	3.44838	-0.818288
384	0.212978 2.53483	3.36907	-0.897601
385	0.213533 2.58526	3.40437	-0.862299
386	0.214088 2.50958	3.36557	-0.901099
387	0.214642 2.45571	3.32786	-0.938811
388	0.215197 2.56149	3.40191	-0.864758
389	0.215752 2.4611	3.33163	-0.935035
390	0.216306 2.46123	3.31754	-0.949124
391	0.216861 2.33552	3.22955	-1.03712
392	0.217415 2.30918	3.21111	-1.05556
393	0.21797 2.20106	3.13542	-1.13124
394	0.218525 2.435	3.29918	-0.967485
395	0.219079 2.36303	3.24881	-1.01786
396	0.219634 2.31448	3.21482	-1.05185
397	0.220189 2.30416	3.2076	-1.05907
398	0.220743 2.17846	3.1196	-1.14706
399	0.221298 2.01128	3.00258	-1.26409
400	0.221852 2.12575	3.09689	-1.16978
401	0.222407 1.97629	2.99227	-1.2744
402	0.222962 1.93767	2.95105	-1.31561
403	0.223516 2.27655	3.20245	-1.06422
404	0.224071 2.22112	3.16365	-1.10302
405	0.224626 2.15603	3.11808	-1.14858
406	0.22518 1.97127	2.98875	-1.27792
407	0.225735 2.04027	3.02287	-1.2438
408	0.22629 1.87841	2.90957	-1.3571
409	0.226844 1.99542	2.99147	-1.27519
410	0.227399 1.87489	2.90711	-1.35956
411	0.227953 1.73525	2.80936	-1.45731
412	0.228508 1.90409	2.92755	-1.33912
413	0.229063 1.82491	2.87212	-1.39455
414	0.229617 1.74314	2.81488	-1.45179
415	0.230172 1.7284	2.80457	-1.4621
416	0.230727 1.50749	2.64992	-1.61674
417	0.231281 2.11062	3.07211	-1.19455
418	0.231836 2.0313	3.03078	-1.23589
419	0.23239 1.93826	2.95146	-1.3152
420	0.232945 1.86076	2.89722	-1.36945
421	0.2335 1.86816	2.9024	-1.36427
422	0.234054 1.78898	2.84697	-1.4197
423	0.234609 1.82331	2.871	-1.39566
424	0.235164 1.74413	2.81557	-1.45109
425	0.235718 1.65114	2.75048	-1.51619
426	0.236273 1.39959	2.5744	-1.69227
427	0.236828 1.64594	2.74684	-1.51983
428	0.237382 1.51301	2.65379	-1.61288
429	0.237937 1.46654	2.62126	-1.64541
430	0.238491 1.40865	2.59492	-1.67175
431	0.239046 1.21177	2.44292	-1.82375
432	0.239601 1.54959	2.6794	-1.58727
433	0.240155 1.43893	2.61611	-1.65055
434	0.24071 1.34848	2.53862	-1.72805
435	0.241265 1.34243	2.54856	-1.71811
436	0.241819 1.15779	2.40514	-1.86153
437	0.242374 1.23701	2.47477	-1.7919
438	0.242928 1.0161	2.32013	-1.94654
439	0.243483 1.0113	2.3026	-1.96407
440	0.244038 0.654368	2.05274	-2.21393
441	0.244592 3.20469	3.85214	-0.414524
442	0.245147 3.1836	3.8232	-0.443462
443	0.245702 3.14563	3.8108	-0.455864
444	0.246256 3.07535	3.76161	-0.505057
445	0.246811 3.09924	3.76415	-0.502518
446	0.247366 3.03233	3.73149	-0.535176
447	0.24792 3.07548	3.74752	-0.519146
448	0.248475 3.02511	3.72644	-0.540229
449	0.249029 2.99112	3.68846	-0.578203
450	0.249584 2.87046	3.61819	-0.648479
451	0.250139 3.01143	3.70268	-0.563985
452	0.250693 2.94452	3.67002	-0.596643
453	0.251248 2.90681	3.64363	-0.623041
454	0.251803 2.91199	3.64725	-0.619413
455	0.252357 2.81159	3.57698	-0.68969
456	0.252912 2.97898	3.67997	-0.5867
457	0.253466 2.93764	3.65103	-0.615637
458	0.254021 2.87858	3.60969	-0.656976
459	0.254576 2.82433	3.57172	-0.69495
460	0.25513 2.82952	3.57534	-0.691322
461	0.255685 2.70887	3.50507	-0.761599
462	0.25624 2.8068	3.55944	-0.707222
463	0.256794 2.69855	3.49785	-0.768818
464	0.257349 2.60178	3.43011	-0.836555
465	0.257903 2.57298	3.39577	-0.870901
466	0.258458 2.84463	3.58592	-0.680745
467	0.259013 2.81451	3.56484	-0.701828
468	0.259567 2.76894	3.54712	-0.719545
469	0.260122 2.65987	3.45659	-0.810078
470	0.260677 2.69399	3.48047	-0.786194
471	0.261231 2.60962	3.42142	-0.84525
472	0.261786 2.63979	3.45672	-0.809949
473	0.262341 2.57568	3.39766	-0.869006
474	0.262895 2.49033	3.3521	-0.914572
475	0.26345 2.6276	3.434	-0.832664
476	0.264004 2.51935	3.37241	-0.89426
477	0.264559 2.4139	3.28441	-0.982254
478	0.265114 2.39377	3.27032	-0.996343
479	0.265668 2.37611	3.27214	-0.994527
480	0.266223 2.24437	3.17992	-1.08675
481	0.266778 2.70272	3.50076	-0.765903
482	0.267332 2.66392	3.45942	-0.807242
483	0.267887 2.63861	3.44171	-0.824959
484	0.268441 2.53821	3.37143	-0.895236
485	0.268996 2.51192	3.3672	-0.899462
486	0.269551 2.45649	3.3284	-0.938262
487	0.270105 2.50946	3.3513	-0.915363
488	0.27066 2.43749	3.30093	-0.965738
489	0.271215 2.38894	3.26694	-0.999729
490	0.271769 2.47701	3.32859	-0.938078
491	0.272324 2.38901	3.26699	-0.999674
492	0.272879 2.30465	3.20794	-1.05873
493	0.273433 2.27212	3.18517	-1.0815
494	0.273988 2.24578	3.16673	-1.09994
495	0.274542 2.14297	3.09476	-1.1719
496	0.275097 2.34266	3.23454	-1.03212
497	0.275652 2.28723	3.19574	-1.07092
498	0.276206 2.23082	3.17043	-1.09623
499	0.276761 2.08739	3.07004	-1.19663
500	0.277316 2.11505	3.07522	-1.19145
501	0.27787 1.99453	2.99085	-1.27581
502	0.278425 2.02523	3.01235	-1.25432
503	0.278979 1.91711	2.93666	-1.33
504	0.279534 1.8199	2.88279	-1.38388
505	0.280089 2.50784	3.35017	-0.916493
506	0.280643 2.43757	3.30098	-0.965687
507	0.281198 2.42348	3.29112	-0.975549
508	0.281753 2.34417	3.24978	-1.01689
509	0.282307 2.34598	3.23687	-1.0298
510	0.282862 2.27402	3.1865	-1.08017
511	0.283417 2.30673	3.20939	-1.05727
512	0.283971 2.2513	3.17059	-1.09607
513	0.284526 2.18621	3.12503	-1.14164
514	0.28508 2.04279	3.02463	-1.24203
515	0.285635 2.20282	3.13666	-1.13001
516	0.28619 2.08698	3.06975	-1.19692
517	0.286744 2.05336	3.03204	-1.23463
518	0.287299 2.04836	3.02854	-1.23813
519	0.287854 1.96918	2.97311	-1.29356
520	0.288408 2.13621	3.10421	-1.16246
521	0.288963 2.05607	3.03393	-1.23273
522	0.289517 2.03594	3.01984	-1.24682
523	0.290072 1.90238	2.94053	-1.32614
524	0.290627 1.8963	2.92209	-1.34458
525	0.291181 1.80471	2.85798	-1.40869
526	0.291736 1.85144	2.89069	-1.37597
527	0.292291 1.74864	2.81873	-1.44794
528	0.292845 1.63793	2.74123	-1.52543
529	0.2934 2.00587	2.9988	-1.26787
530	0.293955 1.89762	2.9372	-1.32947
531	0.294509 1.80086	2.86946	-1.3972
532	0.295064 1.78073	2.85537	-1.41129
533	0.295618 1.75439	2.83693	-1.42973
534	0.296173 1.6429	2.74471	-1.52195
535	0.296728 1.68963	2.77743	-1.48924
536	0.297282 1.61045	2.722	-1.54467
537	0.297837 1.50842	2.66476	-1.60191
538	0.298392 1.6545	2.75283	-1.51384
539	0.298946 1.50853	2.66484	-1.60183
540	0.299501 1.34921	2.53913	-1.72754
541	0.300055 1.29152	2.49875	-1.76792
542	0.30061 1.26511	2.48026	-1.78641
543	0.301165 1.09293	2.35974	-1.90693
544	0.301719 2.17158	3.11479	-1.15188
545	0.302274 2.14146	3.0937	-1.17296
546	0.302829 2.08721	3.05573	-1.21094
547	0.303383 1.98682	2.98545	-1.28121
548	0.303938 2.02094	3.00934	-1.25733
549	0.304493 1.93657	2.95028	-1.31638
550	0.305047 1.96674	2.98558	-1.28108
551	0.305602 1.90264	2.92653	-1.34014
552	0.306156 1.84876	2.88882	-1.37785
553	0.306711 1.95455	2.96287	-1.3038
554	0.307266 1.85416	2.89259	-1.37408
555	0.30782 1.7206	2.81328	-1.45339
556	0.308375 1.72072	2.79919	-1.46748
557	0.30893 1.69438	2.78075	-1.48592
558	0.309484 1.6028	2.71664	-1.55003
559	0.310039 1.79994	2.86882	-1.39784
560	0.310593 1.74452	2.83002	-1.43664
561	0.311148 1.67942	2.78446	-1.48221
562	0.311703 1.49466	2.65512	-1.61154
563	0.312257 1.56366	2.68924	-1.57742
564	0.312812 1.4018	2.57594	-1.69073
565	0.313367 1.51881	2.65785	-1.60882
566	0.313921 1.39828	2.57348	-1.69319
567	0.314476 1.25864	2.47573	-1.79094
568	0.315031 1.64935	2.76341	-1.50326
569	0.315585 1.61418	2.72461	-1.54206
570	0.31614 1.54909	2.67904	-1.58762
571	0.316694 1.38541	2.57865	-1.68802
572	0.317249 1.42175	2.60409	-1.66258
573	0.317804 1.29255	2.49946	-1.7672
574	0.318358 1.32325	2.52096	-1.74571
575	0.318913 1.21141	2.45685	-1.80982
576	0.319468 1.12576	2.38272	-1.88395
577	0.320022 1.30583	2.50876	-1.7579
578	0.320577 1.22665	2.45333	-1.81333
579	0.321131 1.10472	2.36798	-1.89868
580	0.321686 0.820515	2.18322	-2.08344
581	0.322241 0.921625	2.23982	-2.02685
582	0.322795 0.633606	2.05239	-2.21428
583	0.32335 1.42436	2.59174	-1.67493
584	0.323905 1.34	2.53268	-1.73399
585	0.324459 1.2625	2.47843	-1.78823
586	0.325014 1.24965	2.48361	-1.78305
587	0.325568 1.17046	2.42819	-1.83848
588	0.326123 1.18826	2.44064	-1.82602
589	0.326678 1.03243	2.33157	-1.9351
590	0.327232 1.03634	2.32012	-1.94655
591	0.327787 0.811194	2.1767	-2.08997
592	0.328342 1.04767	2.32805	-1.93861
593	0.328896 0.906894	2.24369	-2.02298
594	0.329451 0.775102	2.13725	-2.12941
595	0.330006 0.736485	2.1244	-2.14227
596	0.33056 0.634586	2.05307	-2.21359
597	0.331115 0.911171	2.2325	-2.03416
598	0.331669 0.840669	2.19733	-2.06934
599	0.332224 0.750216	2.11983	-2.14683
600	0.332779 0.735483	2.10952	-2.15715
601	0.333333 0.50671	1.96356	-2.30311
602	0.333888 0.63007	2.03573	-2.23094
603	0.334443 0.450491	1.91003	-2.35664
604	0.334997 0.193949	1.73045	-2.53622
605	0.335552 0.107307	1.68398	-2.58269
606	0.336106 1.73254	2.80746	-1.45921
607	0.336661 1.68216	2.78638	-1.48029
608	0.337216 1.64817	2.7484	-1.51826
609	0.33777 1.64095	2.74335	-1.52332
610	0.338325 1.56164	2.70201	-1.56466
611	0.33888 1.46859	2.6227	-1.64397
612	0.339434 1.49877	2.658	-1.60867
613	0.339989 1.43466	2.59894	-1.66772
614	0.340544 1.38947	2.58149	-1.68518
615	0.341098 1.49525	2.65554	-1.61113
616	0.341653 1.39486	2.58526	-1.6814
617	0.342207 1.39499	2.57117	-1.69549
618	0.342762 1.24903	2.48318	-1.78349
619	0.343317 1.24294	2.46474	-1.80193
620	0.343871 1.12242	2.38037	-1.88629
621	0.344426 1.36876	2.55281	-1.71385
622	0.344981 1.29679	2.50244	-1.76423
623	0.345535 1.22798	2.46845	-1.79822
624	0.34609 1.23792	2.46123	-1.80544
625	0.346644 1.09196	2.37323	-1.89343
626	0.347199 0.932638	2.24753	-2.01914
627	0.347754 1.05083	2.33026	-1.9364
628	0.348308 0.917905	2.23722	-2.02945
629	0.348863 0.871434	2.20469	-2.06198
630	0.349418 1.21817	2.4474	-1.81927
631	0.349972 1.15488	2.41728	-1.84939
632	0.350527 1.09764	2.36303	-1.90363
633	0.351082 1.08733	2.35581	-1.91085
634	0.351636 0.953772	2.2765	-1.99016
635	0.352191 0.823386	2.17105	-2.09561
636	0.352745 0.929176	2.24511	-2.02156
637	0.3533 0.788397	2.16074	-2.10593
638	0.353855 0.636349	2.05431	-2.21236
639	0.354409 0.817595	2.18118	-2.08549
640	0.354964 0.738412	2.12575	-2.14092
641	0.355519 0.656641	2.06851	-2.19816
642	0.356073 0.641907	2.0582	-2.20847
643	0.356628 0.457275	1.91478	-2.35189
644	0.357182 1.04438	2.32575	-1.94092
645	0.357737 0.965065	2.28441	-1.98226
646	0.358292 0.872017	2.20509	-2.06157
647	0.358846 0.839488	2.18232	-2.08434
648	0.359401 0.781669	2.15603	-2.11064
649	0.359956 0.702485	2.1006	-2.16606
650	0.36051 0.757073	2.12463	-2.14203
651	0.361065 0.677889	2.06921	-2.19746
652	0.36162 0.564641	2.00411	-2.26256
653	0.362174 0.300696	1.81935	-2.44732
654	0.362729 0.579695	2.00047	-2.2662
655	0.363283 0.417833	1.88717	-2.3795
656	0.363838 0.380044	1.87489	-2.39177
657	0.364393 0.33373	1.82829	-2.43837
658	0.364947 0.190493	1.72803	-2.53864
659	0.365502 0.483352	1.93303	-2.33364
660	0.366057 0.380546	1.86106	-2.4056
661	0.366611 0.261983	1.79225	-2.47442
662	0.367166 0.267506	1.78194	-2.48473
663	0.36772 0.062617	1.63851	-2.62815
664	0.368275 0.170773	1.7284	-2.53826
665	0.36883 -0.013859	1.58498	-2.68169
666	0.369384 -0.0751914	1.55623	-2.71044
667	0.369939 -0.347633	1.35134	-2.91533
668	0.370494 0.646516	2.06142	-2.20524
669	0.371048 0.582406	2.00237	-2.2643
670	0.371603 0.537214	1.98491	-2.28175
671	0.372158 0.51568	1.96984	-2.29683
672	0.372712 0.359856	1.86076	-2.40591
673	0.373267 0.470828	1.93844	-2.32822
674	0.373821 0.347662	1.83805	-2.42862
675	0.374376 0.318909	1.81792	-2.44875
676	0.374931 0.0901362	1.67196	-2.59471
677	0.375485 0.265019	1.79438	-2.47229
678	0.37604 0.164753	1.71001	-2.55666
679	0.376595 0.0675339	1.65614	-2.61053
680	0.377149 0.0603935	1.65114	-2.61553
681	0.377704 -0.0816633	1.5517	-2.71497
682	0.378258 0.193741	1.7303	-2.53637
683	0.378813 0.114557	1.67487	-2.59179
684	0.379368 0.0215653	1.60978	-2.65689
685	0.379922 -0.20104	1.45395	-2.81271
686	0.380477 -0.172747	1.47376	-2.79291
687	0.381032 -0.387949	1.32312	-2.94355
688	0.381586 -0.265759	1.40865	-2.85801
689	0.382141 -0.49699	1.24679	-3.01988
690	0.382696 -0.596034	1.19164	-3.07503
691	0.38325 -0.059362	1.56731	-2.69936
692	0.383805 -0.191105	1.47509	-2.79158
693	0.384359 -0.236591	1.42907	-2.8376
694	0.384914 -0.267354	1.40754	-2.85913
695	0.385469 -0.510216	1.25171	-3.01496
696	0.386023 -0.380622	1.34243	-2.92424
697	0.386578 -0.597912	1.19032	-3.07634
698	0.387133 -0.638988	1.16157	-3.1051
699	0.387687 -0.970486	0.915342	-3.35132
700	0.388242 -0.643881	1.14397	-3.1227
701	0.388796 -0.90405	0.961848	-3.30482
702	0.389351 -0.959215	0.923232	-3.34343
703	0.389906 -1.03829	0.867883	-3.39878
704	0.39046 -1.34331	0.654368	-3.6123
705	0.391015 2.30869	3.22494	-1.04172
706	0.39157 2.2876	3.196	-1.07066
707	0.392124 2.26989	3.1836	-1.08306
708	0.392679 2.19961	3.13441	-1.13226
709	0.393233 2.19538	3.14563	-1.12104
710	0.393788 2.15658	3.10429	-1.16238
711	0.394343 2.18816	3.14058	-1.12609
712	0.394897 2.14936	3.09924	-1.16743
713	0.395452 2.1038	3.08152	-1.18515
714	0.396007 2.02366	3.01124	-1.25542
715	0.396561 2.10757	3.08416	-1.1825
716	0.397116 2.06877	3.04282	-1.22384
717	0.397671 2.03106	3.01643	-1.25024
718	0.398225 2.03624	3.02005	-1.24661
719	0.39878 1.92799	2.95846	-1.30821
720	0.399334 1.82255	2.87046	-1.3962
721	0.399889 2.04164	3.02383	-1.24284
722	0.400444 1.97473	2.99117	-1.2755
723	0.400998 1.95727	2.96477	-1.30189
724	0.401553 1.9422	2.9684	-1.29827
725	0.402108 1.8418	2.89812	-1.36854
726	0.402662 1.9108	2.93224	-1.33442
727	0.403217 1.83149	2.8909	-1.37576
728	0.403771 1.73844	2.81159	-1.45507
729	0.404326 1.70591	2.78882	-1.47784
730	0.404881 1.95731	2.97898	-1.28769
731	0.405435 1.91851	2.93764	-1.32903
732	0.40599 1.8932	2.91992	-1.34675
733	0.406545 1.7928	2.84964	-1.41702
734	0.407099 1.76651	2.84542	-1.42125
735	0.407654 1.71108	2.80662	-1.46005
736	0.408209 1.76405	2.82952	-1.43715
737	0.408763 1.69209	2.77914	-1.48752
738	0.409318 1.64353	2.74515	-1.52152
739	0.409872 1.7316	2.8068	-1.45986
740	0.410427 1.64361	2.74521	-1.52146
741	0.410982 1.53898	2.68615	-1.58052
742	0.411536 1.52671	2.66338	-1.60329
743	0.412091 1.50037	2.64494	-1.62173
744	0.412646 1.39756	2.57298	-1.69369
745	0.4132 1.80672	2.87356	-1.3931
746	0.413755 1.73644	2.82437	-1.4423
747	0.414309 1.74261	2.81451	-1.45216
748	0.414864 1.65461	2.75291	-1.51375
749	0.415419 1.64486	2.76026	-1.50641
750	0.415973 1.58075	2.7012	-1.56546
751	0.416528 1.6056	2.73279	-1.53388
752	0.417083 1.57043	2.69399	-1.57268
753	0.417637 1.48508	2.64842	-1.61825
754	0.418192 1.32926	2.53934	-1.72732
755	0.418747 1.52195	2.66005	-1.60662
756	0.419301 1.43759	2.60099	-1.66567
757	0.419856 1.36009	2.54675	-1.71992
758	0.42041 1.34724	2.55193	-1.71474
759	0.420965 1.26805	2.4965	-1.77017
760	0.42152 1.45534	2.6276	-1.63907
761	0.422074 1.35494	2.55732	-1.70934
762	0.422629 1.35507	2.54323	-1.72343
763	0.423184 1.20911	2.45524	-1.81143
764	0.423738 1.20302	2.4368	-1.82987
765	0.424293 1.07465	2.36111	-1.90555
766	0.424847 1.15032	2.41408	-1.85258
767	0.425402 1.01857	2.32186	-1.9448
768	0.425957 0.907866	2.24437	-2.0223
769	0.426511 1.61184	2.72297	-1.54369
770	0.427066 1.55025	2.69404	-1.57263
771	0.427621 1.48251	2.63244	-1.63423
772	0.428175 1.46842	2.62258	-1.64409
773	0.42873 1.44213	2.61835	-1.64832
774	0.429285 1.3867	2.57955	-1.68712
775	0.429839 1.41941	2.60245	-1.66422
776	0.430394 1.31034	2.51192	-1.75475
777	0.430948 1.31915	2.51808	-1.74858
778	0.431503 1.1645	2.40983	-1.85683
779	0.432058 1.2956	2.5016	-1.76506
780	0.432612 1.24017	2.4628	-1.80386
781	0.433167 1.1863	2.42509	-1.84157
782	0.433722 1.16477	2.41002	-1.85665
783	0.434276 1.02134	2.30962	-1.95704
784	0.434831 1.26047	2.47701	-1.78966
785	0.435385 1.17247	2.41541	-1.85125
786	0.43594 1.0757	2.34768	-1.91899
787	0.436495 1.05558	2.33359	-1.93308
788	0.437049 1.02923	2.31515	-1.95152
789	0.437604 0.926428	2.24318	-2.02348
790	0.438159 0.952905	2.2759	-1.99077
791	0.438713 0.873722	2.22047	-2.0462
792	0.439268 0.783269	2.14297	-2.1237
793	0.439823 1.10987	2.3716	-1.89507
794	0.440377 1.03056	2.33026	-1.93641
795	0.440932 0.937515	2.25094	-2.01572
796	0.441486 0.839763	2.1967	-2.06997
797	0.442041 0.847166	2.20188	-2.06479
798	0.442596 0.767983	2.14645	-2.12022
799	0.44315 0.822571	2.17048	-2.09618
800	0.443705 0.743387	2.11505	-2.15161
801	0.44426 0.630139	2.04996	-2.21671
802	0.444814 0.38645	1.8652	-2.40147
803	0.445369 0.645193	2.04632	-2.22035
804	0.445923 0.492012	1.95327	-2.3134
805	0.446478 0.445542	1.92074	-2.34593
806	0.447033 0.399228	1.87414	-2.39252
807	0.447587 0.25599	1.77388	-2.49279
808	0.448142 1.28426	2.50784	-1.75882
809	0.448697 1.24546	2.4665	-1.80016
810	0.449251 1.19989	2.44879	-1.81788
811	0.449806 1.11975	2.37851	-1.88816
812	0.450361 1.09346	2.37428	-1.89238
813	0.450915 1.02935	2.31523	-1.95144
814	0.45147 1.091	2.35838	-1.90828
815	0.452024 1.01904	2.30801	-1.95866
816	0.452579 0.950222	2.27402	-1.99265
817	0.453134 1.05855	2.33567	-1.931
818	0.453688 0.970557	2.27407	-1.99259
819	0.454243 0.865935	2.21502	-2.05165
820	0.454798 0.853662	2.19225	-2.07442
821	0.455352 0.827319	2.17381	-2.09286
822	0.455907 0.724513	2.10184	-2.16482
823	0.456461 0.9242	2.24162	-2.02504
824	0.457016 0.868771	2.20282	-2.06384
825	0.457571 0.803677	2.15726	-2.10941
826	0.458125 0.668936	2.07712	-2.18955
827	0.45868 0.696596	2.0823	-2.18437
828	0.459235 0.555817	1.99793	-2.26873
829	0.459789 0.606777	2.01943	-2.24724
830	0.460344 0.4784	1.94374	-2.32292
831	0.460899 0.409292	1.88119	-2.38548
832	0.461453 0.773609	2.13621	-2.13046
833	0.462008 0.673214	2.06593	-2.20073
834	0.462562 0.661768	2.0721	-2.19457
835	0.463117 0.507125	1.96385	-2.30282
836	0.463672 0.501038	1.94541	-2.32126
837	0.464226 0.380516	1.86104	-2.40562
838	0.464781 0.448332	1.92269	-2.34397
839	0.465336 0.356747	1.85858	-2.40808
840	0.46589 0.279784	1.80471	-2.46196
841	0.466445 0.401975	1.89024	-2.37642
842	0.466999 0.246151	1.78117	-2.4855
843	0.467554 0.250055	1.76972	-2.49695
844	0.468109 0.0249105	1.6263	-2.64037
845	0.468663 0.0557432	1.6337	-2.63296
846	0.469218 -0.166807	1.4921	-2.77457
847	0.469773 0.496884	1.95668	-2.30999
848	0.470327 0.432774	1.89762	-2.36904
849	0.470882 0.387582	1.88017	-2.3865
850	0.471436 0.366048	1.8651	-2.40157
851	0.471991 0.201543	1.73576	-2.5309
852	0.472546 0.321196	1.8337	-2.43297
853	0.4731 0.19803	1.7333	-2.53336
854	0.473655 0.169277	1.71318	-2.55349
855	0.47421 -0.0516414	1.55853	-2.70813
856	0.474764 0.115387	1.68963	-2.57703
857	0.475319 0.0151205	1.60527	-2.6614
858	0.475874 -0.0820981	1.55139	-2.71527
859	0.476428 -0.0892385	1.5464	-2.72027
860	0.476983 -0.231295	1.44696	-2.81971
861	0.477537 0.0441087	1.62556	-2.64111
862	0.478092 -0.0350747	1.57013	-2.69654
863	0.478647 -0.128067	1.50504	-2.76163
864	0.479201 -0.350672	1.34921	-2.91745
865	0.479756 -0.322379	1.36902	-2.89765
866	0.480311 -0.537581	1.21838	-3.04829
867	0.480865 -0.435647	1.30391	-2.96276
868	0.48142 -0.646622	1.14205	-3.12462
869	0.481974 -0.745666	1.0869	-3.17977
870	0.482529 0.836538	2.18026	-2.08641
871	0.483084 0.80642	2.15918	-2.10749
872	0.483638 0.760854	2.14146	-2.12521
873	0.484193 0.651777	2.05093	-2.21574
874	0.484748 0.685897	2.07481	-2.19186
875	0.485302 0.601531	2.01575	-2.25091
876	0.485857 0.631705	2.05106	-2.21561
877	0.486412 0.567595	1.992	-2.27467
878	0.486966 0.482245	1.94643	-2.32023
879	0.487521 0.619511	2.02834	-2.23833
880	0.488075 0.511261	1.96674	-2.29992
881	0.48863 0.405812	1.87875	-2.38792
882	0.489185 0.385685	1.86466	-2.402
883	0.489739 0.359342	1.84622	-2.42044
884	0.490294 0.267757	1.78211	-2.48455
885	0.490849 0.464904	1.93429	-2.33237
886	0.491403 0.409475	1.89549	-2.37117
887	0.491958 0.344381	1.84993	-2.41674
888	0.492512 0.179876	1.7206	-2.54607
889	0.493067 0.228619	1.75472	-2.51195
890	0.493622 0.0754377	1.66167	-2.605
891	0.494176 0.183767	1.72332	-2.54335
892	0.494731 0.0632439	1.63895	-2.62771
893	0.495286 -0.0677212	1.56146	-2.70521
894	0.49584 0.334569	1.82888	-2.43779
895	0.496395 0.279141	1.79008	-2.47659
896	0.49695 0.214046	1.74452	-2.52215
897	0.497504 0.0706243	1.64412	-2.62255
898	0.498059 0.0867091	1.66956	-2.59711
899	0.498613 -0.0424949	1.56494	-2.70173
900	0.499168 -0.00310987	1.60669	-2.65998
901	0.499723 -0.123633	1.52232	-2.74435
902	0.500277 -0.209276	1.44819	-2.81848
903	0.500832 -0.029211	1.57424	-2.69243
904	0.501387 -0.108394	1.51881	-2.74786
905	0.501941 -0.221643	1.45371	-2.81295
906	0.502496 -0.485587	1.26895	-2.99772
907	0.50305 -0.413415	1.30529	-2.96137
908	0.503605 -0.672496	1.13811	-3.12855
909	0.50416 0.0893209	1.65721	-2.60946
910	0.504714 0.004955	1.59815	-2.66852
911	0.505269 -0.0725411	1.5439	-2.72276
912	0.505824 -0.0853939	1.54909	-2.71758
913	0.506378 -0.144321	1.49366	-2.77301
914	0.506933 -0.126525	1.50612	-2.76055
915	0.507488 -0.282349	1.39704	-2.86963
916	0.508042 -0.298701	1.38559	-2.88107
917	0.508597 -0.503589	1.24217	-3.0245
918	0.509151 -0.287367	1.39353	-2.87314
919	0.509706 -0.428146	1.30916	-2.95751
920	0.510261 -0.567793	1.21141	-3.05526
921	0.510815 -0.578299	1.18987	-3.07679
922	0.51137 -0.680198	1.11854	-3.14812
923	0.511925 -0.415188	1.31823	-2.94844
924	0.512479 -0.494371	1.2628	-3.00386
925	0.513034 -0.584824	1.18531	-3.08136
926	0.513588 -0.599557	1.17499	-3.09167
927	0.514143 -0.808073	1.02903	-3.23764
928	0.514698 -1.10595	0.820515	-3.44615
929	0.515252 -0.884549	0.975498	-3.29117
930	0.515807 -1.17257	0.788065	-3.4786
931	0.516362 -1.20748	0.749449	-3.51722
932	0.516916 -0.220546	1.45448	-2.81219
933	0.517471 -0.284656	1.39542	-2.87124
934	0.518026 -0.370007	1.34986	-2.91681
935	0.51858 -0.351383	1.36289	-2.90377
936	0.519135 -0.494805	1.2625	-3.00417
937	0.519689 -0.404916	1.31124	-2.95542
938	0.520244 -0.530621	1.22325	-3.04342
939	0.520799 -0.697798	1.10622	-3.16044
940	0.521353 -0.738953	1.07742	-3.18925
941	0.521908 -0.598323	1.17586	-3.09081
942	0.522463 -0.689908	1.11175	-3.15492
943	0.523017 -0.766871	1.05787	-3.20879
944	0.523572 -0.81789	1.03634	-3.23033
945	0.524126 -1.08183	0.851578	-3.41509
946	0.524681 -0.689857	1.11178	-3.15488
947	0.525236 -0.83328	1.01139	-3.25528
948	0.52579 -0.853352	1.01152	-3.25515
949	0.526345 -1.03798	0.868094	-3.39857
950	0.5269 -1.02741	0.875497	-3.39117
951	0.527454 -1.24092	0.726037	-3.54063
952	0.528009 -1.226	0.736485	-3.53018
953	0.528564 -1.32525	0.681185	-3.58548
954	0.529118 -1.55115	0.508881	-3.75779
955	0.529673 -0.935106	0.940109	-3.32656
956	0.530227 -1.04577	0.876826	-3.38984
957	0.530782 -1.13622	0.79933	-3.46734
958	0.531337 -1.14227	0.809273	-3.45739
959	0.531891 -1.3269	0.665851	-3.60082
960	0.532446 -1.24768	0.735483	-3.53118
961	0.533001 -1.4686	0.58084	-3.68583
962	0.533555 -1.47339	0.563308	-3.70336
963	0.53411 -1.83033	0.313452	-3.95321
964	0.534664 -1.49854	0.545704	-3.72096
965	0.535219 -1.71991	0.404925	-3.86174
966	0.535774 -1.79616	0.337372	-3.9293
967	0.536328 -1.89126	0.270801	-3.99587
968	0.536883 -2.14508	0.107307	-4.15936
969	0.537438 0.209338	1.74122	-2.52545
970	0.537992 0.17922	1.72014	-2.54653
971	0.538547 0.133654	1.70242	-2.56425
972	0.539101 0.0332581	1.63214	-2.63452
973	0.539656 0.0586968	1.63577	-2.6309
974	0.540211 -0.057146	1.56886	-2.69781
975	0.540765 0.00450481	1.61202	-2.65465
976	0.54132 -0.0674593	1.56164	-2.70503
977	0.541875 -0.124699	1.50739	-2.75927
978	0.542429 -0.00768907	1.5893	-2.67737
979	0.542984 -0.115939	1.5277	-2.73896
980	0.543539 -0.212707	1.45997	-2.8067
981	0.544093 -0.232834	1.44588	-2.82079
982	0.544648 -0.259177	1.42744	-2.83923
983	0.545202 -0.370664	1.33522	-2.93145
984	0.545757 -0.162296	1.49525	-2.77141
985	0.546312 -0.197469	1.45645	-2.81021
986	0.546866 -0.262563	1.41089	-2.85578
987	0.547421 -0.418387	1.30181	-2.96485
988	0.547976 -0.3899	1.33593	-2.93073
989	0.54853 -0.53936	1.23131	-3.03536
990	0.549085 -0.4884	1.2528	-3.01386
991	0.549639 -0.608923	1.16844	-3.09823
992	0.550194 -0.674665	1.12242	-3.14425
993	0.550749 -0.292631	1.38984	-2.87683
994	0.551303 -0.348059	1.35104	-2.91563
995	0.551858 -0.404472	1.32573	-2.94094
996	0.552413 -0.547894	1.22534	-3.04133
997	0.552967 -0.520235	1.23052	-3.03615
998	0.553522 -0.640757	1.14615	-3.12051
999	0.554077 -0.610054	1.16765	-3.09902
1000	0.554631 -0.738431	1.09196	-3.17471
1001	0.555186 -0.807539	1.02941	-3.23726
1002	0.55574 -0.656411	1.1352	-3.13147
1003	0.556295 -0.735594	1.07977	-3.1869
1004	0.55685 -0.828586	1.01467	-3.25199
1005	0.557404 -1.05119	0.858848	-3.40782
1006	0.557959 -1.04315	0.878654	-3.38801
1007	0.558514 -1.2381	0.728012	-3.53865
1008	0.559068 -0.537879	1.21817	-3.0485
1009	0.559623 -0.622245	1.15911	-3.10756
1010	0.560177 -0.707596	1.11355	-3.15312
1011	0.560732 -0.692338	1.11005	-3.15662
1012	0.561287 -0.771521	1.05462	-3.21205
1013	0.561841 -0.753725	1.06708	-3.19959
1014	0.562396 -0.897147	0.96668	-3.29999
1015	0.562951 -0.917219	0.966809	-3.29986
1016	0.563505 -1.10185	0.823386	-3.44328
1017	0.56406 -0.914567	0.954486	-3.31218
1018	0.564615 -1.03509	0.87012	-3.39655
1019	0.565169 -1.1458	0.792624	-3.47404
1020	0.565724 -1.17656	0.77109	-3.49558
1021	0.566278 -1.31862	0.67165	-3.59502
1022	0.566833 -1.02213	0.879191	-3.38748
1023	0.567388 -1.10131	0.823762	-3.4429
1024	0.567942 -1.22324	0.738412	-3.52825
1025	0.568497 -1.48719	0.55365	-3.71302
1026	0.569052 -1.40634	0.610248	-3.65642
1027	0.569606 -1.6741	0.422814	-3.84385
1028	0.570161 -1.51429	0.54886	-3.71781
1029	0.570715 -1.72949	0.398219	-3.86845
1030	0.57127 -1.85856	0.30787	-3.9588
1031	0.571825 -0.847746	1.01544	-3.25123
1032	0.572379 -0.919711	0.965065	-3.3016
1033	0.572934 -0.97695	0.910817	-3.35585
1034	0.573489 -0.978583	0.923854	-3.34281
1035	0.574043 -1.10175	0.823459	-3.44321
1036	0.574598 -1.03212	0.872202	-3.39446
1037	0.575153 -1.16568	0.792889	-3.47378
1038	0.575707 -1.29606	0.68744	-3.57923
1039	0.576262 -1.37401	0.647057	-3.61961
1040	0.576816 -1.21684	0.757073	-3.50959
1041	0.577371 -1.34859	0.664853	-3.60181
1042	0.577926 -1.45929	0.587356	-3.67931
1043	0.57848 -1.42483	0.597299	-3.66937
1044	0.579035 -1.64744	0.441475	-3.82519
1045	0.57959 -1.30838	0.692999	-3.57367
1046	0.580144 -1.43154	0.592603	-3.67406
1047	0.580699 -1.4603	0.572476	-3.69419
1048	0.581253 -1.68121	0.417833	-3.84883
1049	0.581808 -1.74778	0.371234	-3.89543
1050	0.582363 -1.84704	0.315935	-3.95073
1051	0.582917 -1.81186	0.326382	-3.94028
1052	0.583472 -2.01669	0.197178	-4.06949
1053	0.584027 -2.13169	0.102499	-4.16417
1054	0.584581 -1.57353	0.493214	-3.77345
1055	0.585136 -1.65271	0.437786	-3.82888
1056	0.585691 -1.73448	0.380546	-3.88612
1057	0.586245 -1.76947	0.370233	-3.89643
1058	0.5868 -1.99039	0.21559	-4.05108
1059	0.587354 -1.85463	0.296443	-3.97022
1060	0.587909 -2.06314	0.150482	-4.11618
1061	0.588464 -2.36103	-0.0580348	-4.3247
1062	0.589018 -2.41873	-0.0842486	-4.35092
1063	0.589573 -2.21024	0.0616967	-4.20497
1064	0.590128 -2.29792	-0.013859	-4.28053
1065	0.590682 -2.51513	-0.165907	-4.43257
1066	0.591237 -2.49738	-0.139301	-4.40597
1067	0.591791 -2.81626	-0.3767	-4.64337
1068	0.592346 -1.26653	0.708112	-3.55856
1069	0.592901 -1.32981	0.677993	-3.58867
1070	0.593455 -1.38705	0.623746	-3.64292
1071	0.59401 -1.39737	0.616526	-3.65014
1072	0.594565 -1.53093	0.537214	-3.72945
1073	0.595119 -1.69279	0.42391	-3.84276
1074	0.595674 -1.55552	0.505818	-3.76085
1075	0.596229 -1.6963	0.421452	-3.84522
1076	0.596783 -1.82809	0.315018	-3.95165
1077	0.597338 -1.64685	0.44189	-3.82478
1078	0.597892 -1.72603	0.386462	-3.8802
1079	0.598447 -1.82806	0.329222	-3.93744
1080	0.599002 -1.84279	0.318909	-3.94776
1081	0.599556 -2.07239	0.14401	-4.12266
1082	0.600111 -1.72716	0.385671	-3.881
1083	0.600666 -1.85287	0.297677	-3.96899
1084	0.60122 -2.01136	0.200909	-4.06576
1085	0.601775 -2.0612	0.151845	-4.11482
1086	0.602329 -2.09883	0.125502	-4.14116
1087	0.602884 -2.27886	0.0136602	-4.25301
1088	0.603439 -2.2121	0.0603935	-4.20627
1089	0.603993 -2.35534	-0.039873	-4.30654
1090	0.604548 -2.48637	-0.145773	-4.41244
1091	0.605103 -1.98363	0.206143	-4.06052
1092	0.605657 -2.06281	0.150714	-4.11595
1093	0.606212 -2.1558	0.0856197	-4.18105
1094	0.606767 -2.37841	-0.0702041	-4.33687
1095	0.607321 -2.35012	-0.0503988	-4.31707
1096	0.607876 -2.56532	-0.20104	-4.46771
1097	0.60843 -2.44313	-0.115507	-4.38217
1098	0.608985 -2.67436	-0.277369	-4.54404
1099	0.60954 -2.7734	-0.33252	-4.59919
1100	0.610094 -2.56996	-0.204292	-4.47096
1101	0.610649 -2.72974	-0.316134	-4.5828
1102	0.611204 -2.8698	-0.414179	-4.68085
1103	0.611758 -2.9292	-0.441576	-4.70824
1104	0.612313 -3.1296	-0.596034	-4.8627
1105	0.612867 -2.31121	-0.00898708	-4.27565
1106	0.613422 -2.3904	-0.0644155	-4.33108
1107	0.613977 -2.49207	-0.149766	-4.41643
1108	0.614531 -2.49558	-0.152225	-4.41889
1109	0.615086 -2.67516	-0.27793	-4.5446
1110	0.615641 -2.9317	-0.457509	-4.72418
1111	0.616195 -2.7918	-0.359574	-4.62624
1112	0.61675 -3.02725	-0.510216	-4.77688
1113	0.617304 -3.11953	-0.588989	-4.85566
1114	0.617859 -2.89501	-0.431823	-4.69849
1115	0.618414 -3.08744	-0.552346	-4.81901
1116	0.618968 -3.20244	-0.647025	-4.91369
1117	0.619523 -3.27532	-0.698044	-4.96471
1118	0.620078 -3.48249	-0.828881	-5.09555
1119	0.620632 -3.09605	-0.572552	-4.83922
1120	0.621187 -3.19795	-0.643881	-4.91055
1121	0.621742 -3.38504	-0.774846	-5.04151
1122	0.622296 -3.39741	-0.769323	-5.03599
1123	0.622851 -3.79555	-1.06221	-5.32887
1124	0.623405 -3.56908	-0.903674	-5.17034
1125	0.62396 -3.73491	-1.00557	-5.27224
1126	0.624515 -3.94059	-1.16373	-5.43039
1127	0.625069 1.04894	2.32894	-1.93772
1128	0.625624 1.02	2.30869	-1.95798
1129	0.626179 0.978666	2.27975	-1.98692
1130	0.626733 0.960949	2.26735	-1.99932
1131	0.627288 0.964576	2.26989	-1.99678
1132	0.627842 0.8943	2.22069	-2.04597
1133	0.628397 0.814987	2.17935	-2.08731
1134	0.628952 0.88708	2.21564	-2.05103
1135	0.629506 0.82017	2.18298	-2.08369
1136	0.630061 0.782458	2.15658	-2.11008
1137	0.630616 0.876767	2.20842	-2.05825
1138	0.63117 0.80649	2.15923	-2.10744
1139	0.631725 0.727178	2.11789	-2.14878
1140	0.63228 0.733345	2.10802	-2.15864
1141	0.632834 0.714905	2.09512	-2.17155
1142	0.633389 0.642941	2.04474	-2.22193
1143	0.633943 0.782721	2.15677	-2.1099
1144	0.634498 0.712445	2.10757	-2.15909
1145	0.635053 0.718612	2.09771	-2.16896
1146	0.635607 0.630618	2.03612	-2.23055
1147	0.636162 0.620859	2.04346	-2.2232
1148	0.636717 0.548895	1.99309	-2.27358
1149	0.637271 0.581608	2.01599	-2.25068
1150	0.637826 0.546436	1.97719	-2.28948
1151	0.63838 0.481342	1.93162	-2.33504
1152	0.638935 0.325518	1.82255	-2.44412
1153	0.63949 0.656225	2.05404	-2.21263
1154	0.640044 0.589314	2.02138	-2.24528
1155	0.640599 0.571859	1.99498	-2.27168
1156	0.641154 0.556785	1.99861	-2.26806
1157	0.641708 0.476646	1.92833	-2.33833
1158	0.642263 0.525389	1.96245	-2.30421
1159	0.642818 0.446076	1.92112	-2.34555
1160	0.643372 0.353029	1.8418	-2.42486
1161	0.643927 0.255277	1.78756	-2.47911
1162	0.644481 0.402405	1.89055	-2.37612
1163	0.645036 0.367233	1.85175	-2.41492
1164	0.645591 0.302139	1.80618	-2.46049
1165	0.646145 0.146315	1.6971	-2.56956
1166	0.6467 0.174802	1.73122	-2.53544
1167	0.647255 0.0331958	1.61792	-2.64875
1168	0.647809 0.49778	1.95731	-2.30936
1169	0.648364 0.45898	1.91597	-2.3507
1170	0.648918 0.413414	1.89825	-2.36841
1171	0.649473 0.426451	1.8932	-2.37347
1172	0.650028 0.338457	1.8316	-2.43506
1173	0.650582 0.241689	1.76387	-2.5028
1174	0.651137 0.315742	1.8157	-2.45096
1175	0.651692 0.231376	1.75665	-2.51002
1176	0.652246 0.146025	1.71108	-2.55559
1177	0.652801 0.272071	1.78513	-2.48153
1178	0.653356 0.151419	1.71486	-2.55181
1179	0.65391 0.160229	1.72102	-2.54564
1180	0.654465 0.0370637	1.62063	-2.64604
1181	0.655019 0.0444672	1.62581	-2.64086
1182	0.655574 -0.0760556	1.54144	-2.72522
1183	0.656129 0.133999	1.70266	-2.564
1184	0.656683 0.0698898	1.64361	-2.62306
1185	0.657238 -0.0154608	1.59804	-2.66863
1186	0.657793 0.00316337	1.61108	-2.65559
1187	0.658347 -0.120002	1.51068	-2.75599
1188	0.658902 -0.0503698	1.55942	-2.70724
1189	0.659456 -0.176075	1.47143	-2.79524
1190	0.660011 -0.334571	1.37466	-2.892
1191	0.660566 -0.384407	1.3256	-2.94107
1192	0.66112 0.302906	1.80672	-2.45995
1193	0.661675 0.272788	1.78563	-2.48103
1194	0.66223 0.21854	1.74766	-2.51901
1195	0.662784 0.118145	1.67738	-2.58928
1196	0.663339 0.152265	1.70127	-2.5654
1197	0.663894 0.0678989	1.64221	-2.62445
1198	0.664448 0.0980728	1.67751	-2.58915
1199	0.665003 0.0339631	1.61846	-2.64821
1200	0.665557 -0.0199106	1.58075	-2.68592
1201	0.666112 0.0858789	1.6548	-2.61187
1202	0.666667 -0.0145165	1.58452	-2.68215
1203	0.667221 -0.148076	1.50521	-2.76146
1204	0.667776 -0.147947	1.49112	-2.77555
1205	0.668331 -0.17429	1.47268	-2.79399
1206	0.668885 -0.265875	1.40857	-2.8581
1207	0.66944 -0.0687284	1.56075	-2.70591
1208	0.669994 -0.124157	1.52195	-2.74471
1209	0.670549 -0.189251	1.47639	-2.79028
1210	0.671104 -0.353756	1.34705	-2.91961
1211	0.671658 -0.305013	1.38117	-2.88549
1212	0.672213 -0.466876	1.26787	-2.9988
1213	0.672768 -0.349865	1.34978	-2.91689
1214	0.673322 -0.470388	1.26541	-3.00126
1215	0.673877 -0.610034	1.16766	-3.09901
1216	0.674432 -0.219319	1.45534	-2.81133
1217	0.674986 -0.254491	1.41654	-2.85013
1218	0.675541 -0.319586	1.37097	-2.89569
1219	0.676095 -0.483264	1.27058	-2.99609
1220	0.67665 -0.446923	1.29602	-2.97065
1221	0.677205 -0.576127	1.19139	-3.07527
1222	0.677759 -0.545423	1.21289	-3.05378
1223	0.678314 -0.657265	1.14878	-3.11789
1224	0.678869 -0.742908	1.07465	-3.19202
1225	0.679423 -0.562843	1.20069	-3.06597
1226	0.679978 -0.642026	1.14526	-3.1214
1227	0.680532 -0.763956	1.05991	-3.20675
1228	0.681087 -1.04816	0.875152	-3.39151
1229	0.681642 -0.947047	0.93175	-3.33492
1230	0.682196 -1.23507	0.744316	-3.52235
1231	0.682751 -0.0168235	1.58291	-2.68376
1232	0.683306 -0.0837342	1.55025	-2.71642
1233	0.68386 -0.101189	1.52385	-2.74282
1234	0.684415 -0.116263	1.52748	-2.73919
1235	0.684969 -0.216659	1.4572	-2.80947
1236	0.685524 -0.14766	1.49132	-2.77535
1237	0.686079 -0.226972	1.44998	-2.81668
1238	0.686633 -0.320019	1.37067	-2.896
1239	0.687188 -0.352548	1.3479	-2.91877
1240	0.687743 -0.270643	1.41941	-2.84725
1241	0.688297 -0.326071	1.38061	-2.88605
1242	0.688852 -0.391166	1.33505	-2.93162
1243	0.689407 -0.54699	1.22597	-3.0407
1244	0.689961 -0.506928	1.23983	-3.02683
1245	0.690516 -0.639852	1.14679	-3.11988
1246	0.69107 -0.417396	1.31669	-2.94998
1247	0.691625 -0.481505	1.25763	-3.00904
1248	0.69218 -0.526698	1.24017	-3.02649
1249	0.692734 -0.548232	1.2251	-3.04157
1250	0.693289 -0.704056	1.11602	-3.15064
1251	0.693844 -0.593084	1.1937	-3.07296
1252	0.694398 -0.71625	1.09331	-3.17336
1253	0.694953 -0.745003	1.07318	-3.19349
1254	0.695507 -0.973776	0.927219	-3.33945
1255	0.696062 -0.54773	1.21127	-3.0554
1256	0.696617 -0.603159	1.17247	-3.09419
1257	0.697171 -0.657032	1.13476	-3.13191
1258	0.697726 -0.678566	1.11969	-3.14698
1259	0.698281 -0.821988	1.01929	-3.24738
1260	0.698835 -0.723418	1.08829	-3.17838
1261	0.69939 -0.878061	0.98004	-3.28663
1262	0.699945 -1.04896	0.874591	-3.39208
1263	0.700499 -1.07517	0.842062	-3.4246
1264	0.701054 -0.937082	0.952905	-3.31376
1265	0.701608 -1.02867	0.888795	-3.37787
1266	0.702163 -1.11431	0.814665	-3.452
1267	0.702718 -1.16533	0.793131	-3.47354
1268	0.703272 -1.24697	0.721802	-3.54486
1269	0.703827 -0.712839	1.10987	-3.15679
1270	0.704382 -0.813235	1.0396	-3.22707
1271	0.704936 -0.813106	1.02551	-3.24116
1272	0.705491 -0.938811	0.937515	-3.32915
1273	0.706045 -0.965154	0.919075	-3.34759
1274	0.7066 -1.07327	0.84339	-3.42328
1275	0.707155 -1.01786	0.89636	-3.37031
1276	0.707709 -1.12935	0.80414	-3.46253
1277	0.708264 -1.24006	0.726643	-3.54002
1278	0.708819 -1.06422	0.86391	-3.40276
1279	0.709373 -1.20764	0.763514	-3.50315
1280	0.709928 -1.21614	0.743387	-3.52328
1281	0.710483 -1.45731	0.588744	-3.67792
1282	0.711037 -1.41045	0.607369	-3.6593
1283	0.711592 -1.61156	0.466589	-3.80008
1284	0.712146 -1.3152	0.68822	-3.57845
1285	0.712701 -1.41547	0.603854	-3.66281
1286	0.713256 -1.49243	0.54998	-3.71669
1287	0.71381 -1.51983	0.544982	-3.72169
1288	0.714365 -1.64163	0.445542	-3.82112
1289	0.71492 -1.60499	0.471192	-3.79547
1290	0.715474 -1.71811	0.392009	-3.87466
1291	0.716029 -1.91255	0.270079	-3.99659
1292	0.716583 -0.414524	1.30452	-2.96215
1293	0.717138 -0.455864	1.27558	-2.99109
1294	0.717693 -0.51492	1.23424	-3.03243
1295	0.718247 -0.569167	1.19627	-3.0704
1296	0.718802 -0.563985	1.19989	-3.06677
1297	0.719357 -0.684636	1.12962	-3.13705
1298	0.719911 -0.5867	1.18399	-3.08267
1299	0.720466 -0.69495	1.1224	-3.14427
1300	0.721021 -0.791717	1.05466	-3.21201
1301	0.721575 -0.811845	1.04057	-3.2261
1302	0.72213 -0.701828	1.1034	-3.16326
1303	0.722684 -0.773793	1.05303	-3.21364
1304	0.723239 -0.822351	1.01904	-3.24763
1305	0.723794 -0.832664	1.01182	-3.25485
1306	0.724348 -0.95837	0.923824	-3.34284
1307	0.724903 -1.12555	0.8068	-3.45987
1308	0.725458 -0.824959	1.01721	-3.24946
1309	0.726012 -0.909325	0.958155	-3.30851
1310	0.726567 -0.986821	0.903908	-3.36276
1311	0.727121 -0.999674	0.909091	-3.35758
1312	0.727676 -1.0586	0.853662	-3.413
1313	0.728231 -1.0408	0.866119	-3.40055
1314	0.728785 -1.19663	0.757043	-3.50962
1315	0.72934 -1.21298	0.745597	-3.52107
1316	0.729895 -1.41787	0.602174	-3.66449
1317	0.730449 -0.975549	0.911798	-3.35487
1318	0.731004 -1.09139	0.844887	-3.42178
1319	0.731559 -1.12501	0.807176	-3.45949
1320	0.732113 -1.13001	0.803677	-3.46299
1321	0.732668 -1.20919	0.748249	-3.51842
1322	0.733222 -1.1914	0.760706	-3.50596
1323	0.733777 -1.32614	0.680567	-3.5861
1324	0.734332 -1.35489	0.660439	-3.60623
1325	0.734886 -1.58449	0.48554	-3.78113
1326	0.735441 -1.3972	0.616639	-3.65003
1327	0.735996 -1.51773	0.532274	-3.73439
1328	0.73655 -1.61495	0.4784	-3.78827
1329	0.737105 -1.60183	0.473402	-3.79327
1330	0.737659 -1.72735	0.385537	-3.88113
1331	0.738214 -1.16056	0.78229	-3.48438
1332	0.738769 -1.28121	0.712014	-3.55465
1333	0.739323 -1.2724	0.718181	-3.54849
1334	0.739878 -1.39557	0.617785	-3.64888
1335	0.740433 -1.45339	0.591491	-3.67518
1336	0.740987 -1.57391	0.507125	-3.75954
1337	0.741542 -1.48584	0.568776	-3.69789
1338	0.742097 -1.57742	0.504666	-3.762
1339	0.742651 -1.66307	0.430536	-3.83613
1340	0.743206 -1.5322	0.536326	-3.73034
1341	0.74376 -1.68802	0.427249	-3.83942
1342	0.744315 -1.70437	0.415803	-3.85086
1343	0.74487 -1.9014	0.263699	-4.00297
1344	0.745424 -1.89868	0.279784	-3.98688
1345	0.745979 -2.10966	0.117922	-4.14874
1346	0.746534 -1.71796	0.392112	-3.87455
1347	0.747088 -1.83848	0.307746	-3.95892
1348	0.747643 -1.97813	0.209994	-4.05667
1349	0.748197 -2.00021	0.208716	-4.05795
1350	0.748752 -2.14227	0.109276	-4.15739
1351	0.749307 -2.09322	0.143608	-4.12306
1352	0.749861 -2.19849	0.0557432	-4.21092
1353	0.750416 -2.35664	-0.0549656	-4.32163
1354	0.750971 -1.43895	0.587417	-3.67925
1355	0.751525 -1.5472	0.525822	-3.74085
1356	0.75208 -1.64397	0.458084	-3.80858
1357	0.752634 -1.6641	0.443995	-3.82267
1358	0.753189 -1.69044	0.425555	-3.84111
1359	0.753744 -1.80193	0.333335	-3.93333
1360	0.754298 -1.75519	0.366048	-3.90062
1361	0.754853 -1.83438	0.31062	-3.95605
1362	0.755408 -1.9364	0.25338	-4.01329
1363	0.755962 -1.79033	0.341452	-3.92521
1364	0.756517 -1.93629	0.253459	-4.01321
1365	0.757072 -2.09561	0.127753	-4.13891
1366	0.757626 -2.1533	0.0873698	-4.1793
1367	0.758181 -2.17972	0.0688814	-4.19779
1368	0.758735 -2.35189	-0.0516414	-4.31831
1369	0.75929 -2.02891	0.174443	-4.09222
1370	0.759845 -2.1205	0.110334	-4.15633
1371	0.760399 -2.19746	0.0564598	-4.21021
1372	0.760954 -2.24848	0.0349258	-4.23174
1373	0.761509 -2.50002	-0.141154	-4.40782
1374	0.762063 -2.33364	-0.0388636	-4.30553
1375	0.762618 -2.58772	-0.202542	-4.46921
1376	0.763172 -2.60854	-0.231295	-4.49796
1377	0.763727 -2.91533	-0.446046	-4.71271
1378	0.764282 -2.26067	0.0263919	-4.24027
1379	0.764836 -2.41013	-0.0782303	-4.3449
1380	0.765391 -2.44875	-0.119441	-4.38611
1381	0.765946 -2.48638	-0.145784	-4.41245
1382	0.7665 -2.67459	-0.277527	-4.54419
1383	0.767055 -2.59179	-0.219573	-4.48624
1384	0.76761 -2.75892	-0.322379	-4.58905
1385	0.768164 -2.93815	-0.462025	-4.72869
1386	0.768719 -2.69936	-0.294868	-4.56153
1387	0.769273 -2.9509	-0.470948	-4.73761
1388	0.769828 -2.96304	-0.479445	-4.74611
1389	0.770383 -3.35132	-0.751244	-5.01791
1390	0.770937 -3.29488	-0.71173	-4.9784
1391	0.771492 -1.04172	0.865476	-3.40119
1392	0.772047 -1.08306	0.836538	-3.43013
1393	0.772601 -1.14212	0.795199	-3.47147
1394	0.773156 -1.18769	0.777482	-3.48918
1395	0.77371 -1.1825	0.78111	-3.48556
1396	0.774265 -1.29158	0.690577	-3.57609
1397	0.77482 -1.2139	0.744953	-3.52171
1398	0.775374 -1.30189	0.683357	-3.58331
1399	0.775929 -1.39866	0.61562	-3.65105
1400	0.776484 -1.41879	0.601531	-3.66514
1401	0.777038 -1.32903	0.664363	-3.6023
1402	0.777593 -1.39231	0.634244	-3.63242
1403	0.778148 -1.44955	0.579997	-3.68667
1404	0.778702 -1.45986	0.572778	-3.69389
1405	0.779257 -1.58557	0.484784	-3.78188
1406	0.779811 -1.72381	0.388016	-3.87865
1407	0.780366 -1.45216	0.578172	-3.6885
1408	0.780921 -1.568	0.511261	-3.75541
1409	0.781475 -1.62188	0.473549	-3.79312
1410	0.78203 -1.60662	0.470051	-3.79662
1411	0.782585 -1.6858	0.414622	-3.85204
1412	0.783139 -1.668	0.427079	-3.83959
1413	0.783694 -1.81143	0.326684	-3.93998
1414	0.784248 -1.8315	0.326813	-3.93985
1415	0.784803 -2.01613	0.183391	-4.08328
1416	0.785358 -1.63423	0.464904	-3.80176
1417	0.785912 -1.69834	0.405847	-3.86082
1418	0.786467 -1.74353	0.388392	-3.87827
1419	0.787022 -1.76506	0.373318	-3.89335
1420	0.787576 -1.92089	0.264242	-4.00243
1421	0.788131 -1.80991	0.341922	-3.92474
1422	0.788686 -1.93308	0.241527	-4.02514
1423	0.78924 -1.96183	0.221399	-4.04527
1424	0.789795 -2.17035	0.0754377	-4.19123
1425	0.790349 -2.01572	0.197856	-4.06881
1426	0.790904 -2.11599	0.11349	-4.15318
1427	0.791459 -2.19295	0.0596161	-4.20705
1428	0.792013 -2.22035	0.0546179	-4.21205
1429	0.792568 -2.34215	-0.0448218	-4.31149
1430	0.793123 -1.77908	0.363507	-3.90316
1431	0.793677 -1.88816	0.272974	-3.99369
1432	0.794232 -1.87935	0.279141	-3.98753
1433	0.794786 -2.03399	0.170891	-4.09578
1434	0.795341 -2.05165	0.172707	-4.09396
1435	0.795896 -2.15192	0.0883412	-4.17833
1436	0.79645 -2.09278	0.129736	-4.13693
1437	0.797005 -2.18437	0.0656261	-4.20104
1438	0.79756 -2.26133	0.0117524	-4.25491
1439	0.798114 -2.13914	0.0972856	-4.16938
1440	0.798669 -2.30282	-0.00310987	-4.26978
1441	0.799224 -2.31131	-0.0232372	-4.2899
1442	0.799778 -2.50752	-0.146403	-4.41307
1443	0.800333 -2.49695	-0.138999	-4.40567
1444	0.800887 -2.71914	-0.308716	-4.57538
1445	0.801442 -2.41038	-0.0784047	-4.34507
1446	0.801997 -2.5309	-0.162771	-4.42944
1447	0.802551 -2.57639	-0.20879	-4.47546
1448	0.803106 -2.61501	-0.221643	-4.48831
1449	0.803661 -2.72027	-0.309507	-4.57617
1450	0.804215 -2.69148	-0.275176	-4.54184
1451	0.80477 -2.83354	-0.374616	-4.64128
1452	0.805324 -2.96276	-0.465068	-4.73173
1453	0.805879 -2.06615	0.148377	-4.11829
1454	0.806434 -2.15414	0.0867815	-4.17989
1455	0.806988 -2.25091	0.0190441	-4.24762
1456	0.807543 -2.27104	0.004955	-4.26171
1457	0.808098 -2.29738	-0.013485	-4.28015
1458	0.808652 -2.42044	-0.0854491	-4.35212
1459	0.809207 -2.37371	-0.0527358	-4.3194
1460	0.809762 -2.45289	-0.108164	-4.37483
1461	0.810316 -2.54335	-0.18566	-4.45233
1462	0.810871 -2.41753	-0.0975877	-4.36425
1463	0.811425 -2.54323	-0.185581	-4.45225
1464	0.81198 -2.70173	-0.282349	-4.54902
1465	0.812535 -2.75157	-0.331414	-4.59808
1466	0.813089 -2.80946	-0.357757	-4.62442
1467	0.813644 -2.96137	-0.47828	-4.74495
1468	0.814199 -2.64743	-0.244341	-4.51101
1469	0.814753 -2.75892	-0.336561	-4.60323
1470	0.815308 -2.86963	-0.414057	-4.68072
1471	0.815862 -2.85542	-0.404114	-4.67078
1472	0.816417 -3.10951	-0.567793	-4.83446
1473	0.816972 -2.94844	-0.469222	-4.73589
1474	0.817526 -3.17358	-0.612644	-4.87931
1475	0.818081 -3.2068	-0.650079	-4.91675
1476	0.818636 -3.51722	-0.86737	-5.13404
1477	0.81919 -2.86762	-0.412648	-4.67931
1478	0.819745 -3.01708	-0.51727	-4.78394
1479	0.8203 -3.16044	-0.603448	-4.87011
1480	0.820854 -3.11358	-0.584824	-4.85149
1481	0.821409 -3.2807	-0.687629	-4.9543
1482	0.821963 -3.25528	-0.669834	-4.9365
1483	0.822518 -3.39734	-0.769273	-5.03594
1484	0.823073 -3.52401	-0.872128	-5.13879
1485	0.823627 -3.32656	-0.733908	-5.00057
1486	0.824182 -3.56038	-0.897586	-5.16425
1487	0.824737 -3.59278	-0.906083	-5.17275
1488	0.825291 -3.95321	-1.17257	-5.43923
1489	0.825846 -3.92942	-1.14173	-5.4084
1490	0.8264 -4.28856	-1.40731	-5.67398
1491	0.826955 -2.56425	-0.20029	-4.46696
1492	0.82751 -2.64861	-0.259346	-4.52601
1493	0.828064 -2.72611	-0.313594	-4.58026
1494	0.828619 -2.73896	-0.308411	-4.57508
1495	0.829174 -2.81815	-0.36384	-4.63051
1496	0.829728 -2.80035	-0.351383	-4.61805
1497	0.830283 -2.96485	-0.480716	-4.74738
1498	0.830837 -2.97252	-0.471905	-4.73857
1499	0.831392 -3.16956	-0.624009	-4.89068
1500	0.831947 -2.94094	-0.463972	-4.73064
1501	0.832501 -3.0904	-0.568594	-4.83526
1502	0.833056 -3.23376	-0.654771	-4.92144
1503	0.833611 -3.1869	-0.636147	-4.90281
1504	0.834165 -3.35402	-0.738953	-5.00562
1505	0.83472 -3.07744	-0.559523	-4.82619
1506	0.835275 -3.15662	-0.614951	-4.88162
1507	0.835829 -3.23839	-0.672191	-4.93886
1508	0.836384 -3.25312	-0.682505	-4.94917
1509	0.836938 -3.47404	-0.837147	-5.10381
1510	0.837493 -3.35854	-0.756294	-5.02296
1511	0.838048 -3.55837	-0.881999	-5.14867
1512	0.838602 -3.84385	-1.08183	-5.3485
1513	0.839157 -3.91024	-1.1283	-5.39497
1514	0.839712 -3.32269	-0.731197	-4.99786
1515	0.840266 -3.44321	-0.815563	-5.08223
1516	0.840821 -3.52017	-0.869436	-5.1361
1517	0.841375 -3.54757	-0.874435	-5.1411
1518	0.84193 -3.66937	-0.973874	-5.24054
1519	0.842485 -3.63272	-0.948224	-5.21489
1520	0.843039 -3.74584	-1.02741	-5.29407
1521	0.843594 -3.94028	-1.14934	-5.416
1522	0.844149 -3.72426	-1.0123	-5.27896
1523	0.844703 -3.94518	-1.16694	-5.43361
1524	0.845258 -3.97022	-1.18447	-5.45114
1525	0.845813 -4.28582	-1.40539	-5.67206
1526	0.846367 -4.24781	-1.37879	-5.64545
1527	0.846922 -4.64337	-1.64149	-5.90816
1528	0.847476 -3.61398	-0.935106	-5.20177
1529	0.848031 -3.73451	-1.01947	-5.28614
1530	0.848586 -3.84522	-1.09697	-5.36363
1531	0.84914 -3.87598	-1.1185	-5.38517
1532	0.849695 -4.00935	-1.19769	-5.46435
1533	0.85025 -3.96899	-1.18361	-5.45028
1534	0.850804 -4.10237	-1.26279	-5.52946
1535	0.851359 -4.24026	-1.3735	-5.64017
1536	0.851913 -4.06052	-1.24768	-5.51435
1537	0.852468 -4.25673	-1.37085	-5.63752
1538	0.853023 -4.30649	-1.41986	-5.68653
1539	0.853577 -4.59919	-1.62475	-5.89141
1540	0.854132 -4.62542	-1.64311	-5.90978
1541	0.854687 -4.92163	-1.85046	-6.11712
1542	0.855241 -4.41643	-1.48264	-5.74931
1543	0.855796 -4.64766	-1.6445	-5.91117
1544	0.856351 -4.73513	-1.71991	-5.98658
1545	0.856905 -4.81901	-1.77863	-6.04529
1546	0.85746 -5.07789	-1.95984	-6.2265
1547	0.858014 -4.97383	-1.87282	-6.13949
1548	0.858569 -5.32887	-2.13553	-6.40219
1549	0.859124 -5.53618	-2.28065	-6.54731
1550	0.859678 -1.95798	0.238276	-4.02839
1551	0.860233 -1.99678	0.196936	-4.06973
1552	0.860788 -2.04235	0.17922	-4.08745
1553	0.861342 -2.12249	0.108943	-4.15772
1554	0.861897 -2.14878	0.104716	-4.16195
1555	0.862451 -2.21289	0.0456599	-4.22101
1556	0.863006 -2.15124	0.0888155	-4.17785
1557	0.863561 -2.2232	0.0384406	-4.22823
1558	0.864115 -2.29202	0.00444954	-4.26222
1559	0.86467 -2.18369	0.0661004	-4.20057
1560	0.865225 -2.27168	0.00450481	-4.26216
1561	0.865779 -2.36845	-0.0632326	-4.3299
1562	0.866334 -2.38858	-0.0773217	-4.34399
1563	0.866889 -2.41492	-0.0957617	-4.36243
1564	0.867443 -2.51773	-0.167726	-4.43439
1565	0.867998 -2.31804	-0.0279453	-4.29461
1566	0.868552 -2.37347	-0.0667452	-4.33341
1567	0.869107 -2.43856	-0.112311	-4.37898
1568	0.869662 -2.58198	-0.212707	-4.47937
1569	0.870216 -2.54564	-0.187268	-4.45393
1570	0.870771 -2.68642	-0.271634	-4.5383
1571	0.871326 -2.65572	-0.250141	-4.51681
1572	0.87188 -2.75599	-0.334507	-4.60117
1573	0.872435 -2.83295	-0.388381	-4.65505
1574	0.872989 -2.46863	-0.133359	-4.40003
1575	0.873544 -2.58928	-0.203636	-4.4703
1576	0.874099 -2.58047	-0.197469	-4.46414
1577	0.874653 -2.70364	-0.297864	-4.56453
1578	0.875208 -2.76146	-0.324158	-4.59083
1579	0.875763 -2.88198	-0.408524	-4.67519
1580	0.876317 -2.79391	-0.346874	-4.61354
1581	0.876872 -2.88549	-0.410983	-4.67765
1582	0.877427 -2.97114	-0.485113	-4.75178
1583	0.877981 -2.84027	-0.379324	-4.64599
1584	0.878536 -2.99609	-0.4884	-4.75507
1585	0.87909 -3.01244	-0.499846	-4.76651
1586	0.879645 -3.20948	-0.65195	-4.91862
1587	0.8802 -3.20675	-0.635865	-4.90253
1588	0.880754 -3.41773	-0.797727	-5.06439
1589	0.881309 -2.74536	-0.312887	-4.57955
1590	0.881864 -2.80947	-0.371943	-4.63861
1591	0.882418 -2.86334	-0.409655	-4.67632
1592	0.882973 -2.87619	-0.404472	-4.67114
1593	0.883527 -3.0407	-0.533805	-4.80047
1594	0.884082 -2.92104	-0.435869	-4.70254
1595	0.884637 -3.06447	-0.536264	-4.80293
1596	0.885191 -3.07296	-0.556391	-4.82306
1597	0.885746 -3.29388	-0.711034	-4.9777
1598	0.886301 -3.13553	-0.600191	-4.86686
1599	0.886855 -3.24738	-0.664301	-4.93097
1600	0.88741 -3.33302	-0.738431	-5.0051
1601	0.887965 -3.34016	-0.743429	-5.0101
1602	0.888519 -3.47354	-0.822613	-5.08928
1603	0.889074 -3.19813	-0.644009	-4.91068
1604	0.889628 -3.27731	-0.699438	-4.9661
1605	0.890183 -3.37031	-0.764532	-5.0312
1606	0.890738 -3.61317	-0.920356	-5.18702
1607	0.891292 -3.58488	-0.90055	-5.16722
1608	0.891847 -3.80008	-1.05119	-5.31786
1609	0.892402 -3.67789	-0.965659	-5.23233
1610	0.892956 -3.90126	-1.1362	-5.40287
1611	0.893511 -3.99659	-1.20293	-5.4696
1612	0.894065 -3.00349	-0.50776	-4.77443
1613	0.89462 -3.07545	-0.558135	-4.8248
1614	0.895175 -3.14427	-0.592126	-4.85879
1615	0.895729 -3.13433	-0.599346	-4.86601
1616	0.896284 -3.28897	-0.707596	-4.97426
1617	0.896839 -3.45987	-0.813045	-5.07971
1618	0.897393 -3.32142	-0.730311	-4.99698
1619	0.897948 -3.4746	-0.823358	-5.09002
1620	0.898502 -3.52107	-0.855887	-5.12255
1621	0.899057 -3.37259	-0.766127	-5.03279
1622	0.899612 -3.49565	-0.838091	-5.10476
1623	0.900166 -3.5861	-0.915587	-5.18225
1624	0.900721 -3.60869	-0.917219	-5.18389
1625	0.901276 -3.80572	-1.06932	-5.33599
1626	0.90183 -3.48438	-0.830201	-5.09687
1627	0.902385 -3.63902	-0.938451	-5.20512
1628	0.90294 -3.6363	-0.950724	-5.21739
1629	0.903494 -3.83613	-1.07643	-5.3431
1630	0.904049 -3.88244	-1.12303	-5.3897
1631	0.904603 -4.06702	-1.25223	-5.5189
1632	0.905158 -3.95892	-1.17656	-5.44323
1633	0.905713 -4.1311	-1.29708	-5.56375
1634	0.906267 -4.33158	-1.42324	-5.68991
1635	0.906822 -3.74085	-1.00973	-5.2764
1636	0.907377 -3.82003	-1.06516	-5.33182
1637	0.907931 -3.94196	-1.15051	-5.41718
1638	0.908486 -3.92521	-1.15297	-5.41963
1639	0.90904 -4.13373	-1.29893	-5.5656
1640	0.909595 -4.42293	-1.48719	-5.75386
1641	0.91015 -4.21021	-1.35246	-5.61913
1642	0.910704 -4.47797	-1.5399	-5.80656
1643	0.911259 -4.53313	-1.57851	-5.84518
1644	0.911814 -4.3449	-1.43257	-5.69923
1645	0.912368 -4.54601	-1.57334	-5.84001
1646	0.912923 -4.66101	-1.66802	-5.93469
1647	0.913478 -4.73761	-1.70747	-5.97413
1648	0.914032 -4.9332	-1.85856	-6.12523
1649	0.914587 -3.45038	-0.806407	-5.07307
1650	0.915141 -3.48556	-0.845207	-5.11187
1651	0.915696 -3.57091	-0.890773	-5.15744
1652	0.916251 -3.72673	-0.99985	-5.26652
1653	0.916805 -3.68667	-0.985986	-5.25265
1654	0.91736 -3.81959	-1.07903	-5.3457
1655	0.917915 -3.73152	-1.01738	-5.28405
1656	0.918469 -3.85204	-1.10175	-5.36842
1657	0.919024 -3.98301	-1.17924	-5.44591
1658	0.919578 -3.81416	-1.06105	-5.32772
1659	0.920133 -3.89335	-1.11648	-5.38315
1660	0.920688 -3.9838	-1.19398	-5.46064
1661	0.921242 -3.99853	-1.20429	-5.47096
1662	0.921797 -4.20705	-1.35025	-5.61692
1663	0.922352 -4.50493	-1.55877	-5.82544
1664	0.922906 -4.01646	-1.21684	-5.48351
1665	0.923461 -4.17833	-1.33015	-5.59681
1666	0.924016 -4.2248	-1.36267	-5.62934
1667	0.92457 -4.26243	-1.38902	-5.65568
1668	0.925125 -4.40567	-1.48928	-5.75595
1669	0.925679 -4.35916	-1.44255	-5.70922
1670	0.926234 -4.54737	-1.57429	-5.84096
1671	0.926789 -4.64128	-1.64004	-5.9067
1672	0.927343 -4.16748	-1.30838	-5.57504
1673	0.927898 -4.32331	-1.41745	-5.68412
1674	0.928453 -4.3194	-1.4289	-5.69557
1675	0.929007 -4.53669	-1.581	-5.84767
1676	0.929562 -4.51371	-1.56492	-5.83158
1677	0.930116 -4.74495	-1.72678	-5.99345
1678	0.930671 -4.61045	-1.61845	-5.88512
1679	0.931226 -4.83264	-1.78817	-6.05483
1680	0.93178 -4.91675	-1.84704	-6.11371
1681	0.932335 -4.73356	-1.71881	-5.98548
1682	0.93289 -4.8768	-1.81908	-6.08574
1683	0.933444 -5.03594	-1.9163	-6.18296
1684	0.933999 -5.056	-1.94452	-6.21119
1685	0.934554 -5.28788	-2.10683	-6.3735
1686	0.935108 -4.46696	-1.53219	-5.79885
1687	0.935663 -4.54614	-1.58762	-5.85428
1688	0.936217 -4.63913	-1.65271	-5.91938
1689	0.936772 -4.89068	-1.82879	-6.09546
1690	0.937327 -4.86238	-1.80898	-6.07565
1691	0.937881 -5.07758	-1.95963	-6.22629
1692	0.938436 -4.93886	-1.86252	-6.12918
1693	0.938991 -5.19903	-2.04464	-6.3113
1694	0.939545 -5.25419	-2.08325	-6.34992
1695	0.9401 -5.08223	-1.96288	-6.22954
1696	0.940654 -5.22547	-2.06314	-6.32981
1697	0.941209 -5.38207	-2.17276	-6.43943
1698	0.941764 -5.43361	-2.20884	-6.47551
1699	0.942318 -5.65426	-2.3633	-6.62997
1700	0.942873 -5.24311	-2.0755	-6.34216
1701	0.943428 -5.38517	-2.17494	-6.4416
1702	0.943982 -5.54332	-2.28564	-6.55231
1703	0.944537 -5.56437	-2.30038	-6.56704
1704	0.945092 -5.89141	-2.51513	-6.7818
1705	0.945646 -5.70374	-2.39794	-6.6646
1706	0.946201 -6.13	-2.68214	-6.9488
1707	0.946755 -6.13949	-2.70296	-6.96962
1708	0.94731 -4.02839	-1.22519	-5.49186
1709	0.947865 -4.11638	-1.28679	-5.55345
1710	0.948419 -4.22101	-1.34584	-5.61251
1711	0.948974 -4.23328	-1.36861	-5.63528
1712	0.949529 -4.25962	-1.38705	-5.65372
1713	0.950083 -4.36243	-1.45902	-5.72568
1714	0.950638 -4.33595	-1.4263	-5.69297
1715	0.951192 -4.41513	-1.48173	-5.7484
1716	0.951747 -4.51681	-1.56708	-5.83375
1717	0.952302 -4.37977	-1.47116	-5.73782
1718	0.952856 -4.51333	-1.55047	-5.81713
1719	0.953411 -4.67519	-1.66377	-5.93044
1720	0.953966 -4.7014	-1.6963	-5.96297
1721	0.95452 -4.75929	-1.72264	-5.98931
1722	0.955075 -4.90253	-1.82291	-6.08958
1723	0.95563 -4.58942	-1.61791	-5.88458
1724	0.956184 -4.71248	-1.68987	-5.95654
1725	0.956739 -4.80293	-1.76737	-6.03404
1726	0.957293 -4.82552	-1.769	-6.03567
1727	0.957848 -5.02255	-1.9211	-6.18777
1728	0.958403 -4.91068	-1.84279	-6.10946
1729	0.958957 -5.10688	-1.96596	-6.23262
1730	0.959512 -5.15664	-2.01497	-6.28163
1731	0.960067 -5.4696	-2.21985	-6.48652
1732	0.960621 -4.82986	-1.78622	-6.05288
1733	0.961176 -4.95038	-1.87058	-6.13725
1734	0.96173 -5.09002	-1.96833	-6.235
1735	0.962285 -5.11211	-1.96961	-6.23628
1736	0.96284 -5.22269	-2.0612	-6.32786
1737	0.963394 -5.20512	-2.03472	-6.30139
1738	0.963949 -5.33064	-2.12259	-6.38925
1739	0.964504 -5.48879	-2.23329	-6.49996
1740	0.965058 -5.2764	-2.09879	-6.36546
1741	0.965613 -5.50154	-2.24222	-6.50888
1742	0.966167 -5.53476	-2.27965	-6.54632
1743	0.966722 -5.84518	-2.49694	-6.76361
1744	0.967277 -5.85032	-2.48637	-6.75303
1745	0.967831 -6.19656	-2.74291	-7.00957
1746	0.968386 -5.15744	-2.00135	-6.26801
1747	0.968941 -5.3069	-2.10597	-6.37263
1748	0.969495 -5.34552	-2.14718	-6.41384
1749	0.97005 -5.38315	-2.17352	-6.44019
1750	0.970605 -5.57135	-2.30526	-6.57193
1751	0.971159 -5.48856	-2.24731	-6.51398
1752	0.971714 -5.65568	-2.35012	-6.61678
1753	0.972268 -5.83492	-2.48976	-6.75643
1754	0.972823 -5.59613	-2.32261	-6.58927
1755	0.973378 -5.84767	-2.49869	-6.76535
1756	0.973932 -5.85981	-2.50718	-6.77385
1757	0.974487 -6.24809	-2.77898	-7.04565
1758	0.975042 -6.18296	-2.71921	-6.98588
1759	0.975596 -5.76992	-2.44426	-6.71093
1760	0.976151 -5.96975	-2.56996	-6.83663
1761	0.976705 -6.22629	-2.74954	-7.01621
1762	0.97726 -6.30136	-2.81627	-7.08294
1763	0.977815 -6.43443	-2.89524	-7.16191
1764	0.978369 -6.62997	-3.03212	-7.29878
1765	0.978924 -6.44406	-2.91616	-7.18283
1766	0.979479 -6.83961	-3.17887	-7.44553
1767	0.980033 -6.96962	-3.28405	-7.55072
1768	0.980588 -5.57985	-2.31121	-6.57788
1769	0.981143 -5.67144	-2.37532	-6.64199
1770	0.981697 -5.7484	-2.4292	-6.69586
1771	0.982252 -5.79942	-2.45073	-6.7174
1772	0.982806 -6.04311	-2.63549	-6.90216
1773	0.983361 -5.88458	-2.52452	-6.79119
1774	0.983916 -6.10718	-2.68034	-6.94701
1775	0.98447 -6.15948	-2.71695	-6.98362
1776	0.985025 -6.48652	-2.9317	-7.19837
1777	0.98558 -6.17594	-2.7143	-6.98097
1778	0.986134 -6.39115	-2.86494	-7.13161
1779	0.986689 -6.49996	-2.95529	-7.22196
1780	0.987243 -6.57903	-3.01064	-7.27731
1781	0.987798 -6.76335	-3.13966	-7.40633
1782	0.988353 -6.37263	-2.85198	-7.11865
1783	0.988907 -6.57375	-2.99276	-7.25943
1784	0.989462 -6.68875	-3.08744	-7.35411
1785	0.990017 -6.76535	-3.12688	-7.39355
1786	0.990571 -6.96094	-3.27798	-7.54464
1787	0.991126 -6.83145	-3.18733	-7.454
1788	0.991681 -7.16191	-3.40447	-7.67114
1789	0.992235 -7.32247	-3.53105	-7.79771
1790	0.99279 -6.5956	-3.00806	-7.27472
1791	0.993344 -6.7174	-3.1075	-7.37416
1792	0.993899 -6.86687	-3.19795	-7.46461
1793	0.994454 -6.91686	-3.23294	-7.4996
1794	0.995008 -7.22196	-3.44651	-7.71317
1795	0.995563 -7.07985	-3.34703	-7.6137
1796	0.996118 -7.41135	-3.59326	-7.85993
1797	0.996672 -7.454	-3.62312	-7.88978
1798	0.997227 -7.23338	-3.46869	-7.73535
1799	0.997781 -7.54898	-3.6896	-7.95627
1800	0.998336 -7.6137	-3.73491	-8.00157
1801	0.998891 -8.06196	-4.04869	-8.31535
1802	0.999445 -8.13596	-4.10049	-8.36716
