0 0
5 1.79128784747792
10 2.70156211871642
15 3.4051248379531
20 3.99999999998309
25 4.5249378102371
30 4.9999999971129
35 5.43717102757335
40 5.84428870665987
45 6.22681182288744
50 6.58872290710292
55 6.93303313838839
60 7.26208476835116
65 7.57774226177073
70 7.88151845182252
75 8.17466083304651
80 8.45821238551872
85 8.73305555760458
90 8.99994478005358
95 9.25953096893272
100 9.51238030664155
105 9.75898885504798
110 9.99979407924021
115 10.23518404523
120 10.4655048414945
125 10.6910666268376
130 10.9121486034437
135 11.1290031400018
140 11.3418592161518
145 11.5509253201219
150 11.7563919021373
155 11.9584334641619
160 12.1572103497919
165 12.3528702852777
170 12.5455497126981
175 12.7353749485441
180 12.9224631948438
185 13.1069234251147
190 13.2888571635428
195 13.4683591726779
200 13.6455180624062
205 13.8204168309089
210 13.9931333466359
215 14.1637407789371
220 14.3323079838539
225 14.4988998506182
230 14.6635776136178
235 14.8263991339163
240 14.9874191538605
245 15.1466895278318
250 15.3042594317977
255 15.4601755539776
260 15.6144822686452
265 15.7672217948395
270 15.91843434154
275 16.0681582406786
280 16.2164300691977
285 16.3632847612255
290 16.50875571132
295 16.6528748696247
300 16.795672829689
305 16.9371789096256
310 17.0774212272029
315 17.2164267694136
320 17.354221456999
325 17.4908302043656
330 17.6262769752834
335 17.7605848347195
340 17.8937759971245
345 18.0258718714612
350 18.1568931032357
355 18.2868596137685
360 18.4157906369211
365 18.543704753474
370 18.6706199233338
375 18.7965535157341
380 18.9215223375771
385 19.0455426600533
390 19.1686302436632
395 19.2908003617552
400 19.4120678226848
405 19.5324469906911
410 19.6519518055789
415 19.770595801288
420 19.8883921234251
425 20.0053535458268
430 20.1214924862176
435 20.2368210210231
440 20.3513508993909
445 20.4650935564719
450 20.5780601260066
455 20.6902614522624
460 20.8017081013588
465 20.9124103720214
470 21.0223783057965
475 21.1316216967604
480 21.2401501007525
485 21.3479728441614
490 21.4550990322876
495 21.5615375573108
500 21.6672971058806
505 21.7723861663552
510 21.8768130357051
515 21.980585826103
520 22.0837124712146
525 22.1862007322088
530 22.2880582035009
535 22.3892923182443
540 22.4899103535828
545 22.5899194356774
550 22.6893265445183
555 22.7881385185341
560 22.8863620590074
565 22.9840037343077
570 23.0810699839513
575 23.1775671224942
580 23.2735013432696
585 23.3688787219756
590 23.4637052201207
595 23.5579866883343
600 23.6517288695483
605 23.7449374020569
610 23.8376178224584
615 23.9297755684867
620 24.0214159817361
625 24.1125443102849
630 24.2031657112221
635 24.2932852530826
640 24.3829079181932
645 24.4720386049351
650 24.5606821299253
655 24.6488432301218
660 24.7365265648546
665 24.8237367177862
670 24.9104781988052
675 24.9967554458546
680 25.0825728266991
685 25.1679346406325
690 25.2528451201286
695 25.3373084324377
700 25.4213286811305
705 25.5049099075927
710 25.5880560924708
715 25.6707711570721
720 25.7530589647202
725 25.8349233220683
730 25.9163679803712
735 25.9973966367185
740 26.0780129352292
745 26.1582204682112
750 26.2380227772845
755 26.3174233544719
760 26.3964256432567
765 26.4750330396095
770 26.5532488929849
775 26.6310765072893
780 26.7085191418209
785 26.7855800121831
790 26.8622622911715
795 26.9385691096365
800 27.0145035573213
805 27.0900686836775
810 27.1652674986574
815 27.2401029734851
820 27.3145780414071
825 27.3886955984221
830 27.4624585039915
835 27.5358695817315
840 27.6089316200867
845 27.681647372986
850 27.7540195604818
855 27.8260508693726
860 27.8977439538099
865 27.9691014358897
870 28.0401259062285
875 28.1108199245263
880 28.1811860201141
885 28.251226692489
890 28.3209444118358
895 28.3903416195357
900 28.4594207286635
905 28.5281841244721
910 28.5966341648661
915 28.6647731808635
920 28.7326034770476
925 28.8001273320072
930 28.8673469987679
935 28.9342647052121
940 29.0008826544907
945 29.0672030254245
950 29.1332279728974
955 29.1989596282399
960 29.2644000996051
965 29.3295514723353
970 29.3944158093217
975 29.4589951513551
980 29.5232915174703
985 29.5873069052818
990 29.6510432913131
995 29.7145026313191
1000 29.7776868606013
1005 29.8405978943164
1010 29.9032376277787
1015 29.9656079367562
1020 30.0277106777607
1025 30.0895476883315
1030 30.1511207873139
1035 30.212431775132
1040 30.2734824340554
1045 30.3342745284616
1050 30.3948098050923
1055 30.455089993305
1060 30.51511680532
1065 30.5748919364619
1070 30.6344170653971
1075 30.693693854366
1080 30.7527239494116
1085 30.8115089806033
1090 30.8700505622561
1095 30.9283502931465
1100 30.9864097567236
1105 31.0442305213171
1110 31.1018141403403
1115 31.1591621524906
1120 31.2162760819454
1125 31.2731574385552
1130 31.3298077180323
1135 31.3862284021372
1140 31.4424209588605
1145 31.4983868426025
1150 31.5541274943496
1155 31.6096443418464
1160 31.6649387997664
1165 31.7200122698789
1170 31.7748661412127
1175 31.8295017902179
1180 31.883920580924
1185 31.9381238650959
1190 31.992112982387
1195 32.04588926049
1200 32.0994540152847
1205 32.1528085509835
1210 32.2059541602751
1215 32.2588921244646
1220 32.3116237136126
1225 32.3641501866709
1230 32.4164727916169
1235 32.4685927655852
1240 32.5205113349973
1245 32.5722297156894
1250 32.6237491130378
1255 32.6750707220826
1260 32.726195727649
1265 32.7771253044676
1270 32.8278606172918
1275 32.8784028210138
1280 32.9287530607789
1285 32.9789124720981
1290 33.0288821809584
1295 33.0786633039321
1300 33.1282569482842
1305 33.1776642120777
1310 33.2268861842782
1315 33.2759239448561
1320 33.324778564888
1325 33.3734511066556
1330 33.4219426237442
1335 33.4702541611393
1340 33.5183867553216
1345 33.5663414343605
1350 33.6141192180071
1355 33.6617211177847
1360 33.709148137079
1365 33.7564012712261
1370 33.8034815075999
1375 33.8503898256981
1380 33.8971271972268
1385 33.943694586184
1390 33.9900929489418
1395 34.0363232343281
1400 34.0823863837057
1405 34.1282833310523
1410 34.1740150030374
1415 34.2195823190997
1420 34.2649861915224
1425 34.310227525508
1430 34.3553072192518
1435 34.4002261640148
1440 34.444985244195
1445 34.4895853373985
1450 34.5340273145086
1455 34.5783120397553
1460 34.6224403707827
1465 34.6664131587159
1470 34.7102312482275
1475 34.7538954776025
1480 34.7974066788028
1485 34.8407656775305
1490 34.8839732932906
1495 34.9270303394532
1500 34.9699376233141
1505 35.0126959461554
1510 35.0553061033048
1515 35.0977688841943
1520 35.1400850724185
1525 35.1822554457913
1530 35.2242807764029
1535 35.2661618306753
1540 35.3078993694177
1545 35.3494941478804
1550 35.3909469158089
1555 35.432258417497
1560 35.4734293918389
1565 35.514460572381
1570 35.5553526873733
1575 35.5961064598195
1580 35.6367226075271
1585 35.6772018431562
1590 35.717544874269
1595 35.7577524033768
1600 35.7978251279885
1605 35.8377637406564
1610 35.8775689290236
1615 35.9172413758691
1620 35.956781759153
1625 35.9961907520618
1630 36.0354690230517
1635 36.074617235893
1640 36.1136360497126
1645 36.1525261190372
1650 36.191288093835
1655 36.2299226195571
1660 36.2684303371794
1665 36.3068118832426
1670 36.3450678898924
1675 36.3831989849197
1680 36.4212057917993
1685 36.4590889297291
1690 36.4968490136681
1695 36.5344866543747
1700 36.572002458444
1705 36.6093970283448
1710 36.6466709624565
1715 36.6838248551048
1720 36.7208592965983
1725 36.7577748732632
1730 36.7945721674786
1735 36.8312517577114
1740 36.8678142185501
1745 36.9042601207388
1750 36.9405900312109
1755 36.9768045131219
1760 37.0129041258826
1765 37.0488894251909
1770 37.0847609630644
1775 37.1205192878716
1780 37.1561649443637
1785 37.1916984737054
1790 37.2271204135055
1795 37.2624312978472
1800 37.2976316573183
1805 37.3327220190409
1810 37.3677029067007
1815 37.4025748405757
1820 37.4373383375655
1825 37.4719939112197
1830 37.5065420717654
1835 37.5409833261359
1840 37.5753181779976
1845 37.6095471277775
1850 37.6436706726903
1855 37.6776893067647
1860 37.7116035208705
1865 37.7454138027437
1870 37.7791206370133
1875 37.8127245052265
1880 37.8462258858742
1885 37.8796252544155
1890 37.9129230833034
1895 37.9461198420085
1900 37.9792159970442
1905 38.0122120119897
1910 38.0451083475147
1915 38.0779054614026
1920 38.1106038085736
1925 38.1432038411083
1930 38.1757060082703
1935 38.2081107565285
1940 38.2404185295803
1945 38.2726297683729
1950 38.3047449111259
1955 38.3367643933526
1960 38.3686886478818
1965 38.4005181048789
1970 38.4322531918673
1975 38.463894333749
1980 38.4954419528251
1985 38.5268964688169
1990 38.5582582988856
1995 38.5895278576526
