#
# Single words RandWords
#
#
0	0.0191330279945381	0.0191330279945381	e
1	0.01549415797011	0.0346271859646481	l
2	0.0153421160470838	0.0499693020117319	d
3	0.0116431532626025	0.0616124552743344	o
4	0.0116178129420981	0.0732302682164325	t
5	0.0116174509375195	0.084847719153952	i
6	0.0115964546719587	0.0964441738259107	a
7	0.0115859565391783	0.108030130365089	r
8	0.00774870800565886	0.115778838370748	n
9	0.00770888750200913	0.123487725872757	u
10	0.00768246116776885	0.131170187040526	s
11	0.00763612458170371	0.13880631162223	h
12	0.00267448982694733	0.141480801449177	eee
13	0.00265421757054383	0.144135019019721	ee
14	0.00218216360000521	0.146317182619726	lee
15	0.00213908505514778	0.148456267674874	le
16	0.00212460487200242	0.150580872546876	dee
17	0.00209890254691941	0.152679775093795	de
18	0.00168042525401861	0.154360200347814	aee
19	0.0016536369151997	0.156013837263014	et
20	0.00164965486483473	0.157663492127849	eeo
21	0.00164639682362703	0.159309888951476	eet
22	0.00162938260843123	0.160939271559907	ete
23	0.00162757258553806	0.162566844145445	oe
24	0.00162648657180216	0.164193330717247	eae
25	0.00162395253975172	0.165817283256999	iee
26	0.00162395253975172	0.16744123579675	ei
27	0.00161743645733631	0.169058672254087	eoe
28	0.0016120063886568	0.170670678642744	eo
29	0.0016076623337132	0.172278340976457	eea
30	0.0016076623337132	0.17388600331017	tee
31	0.00160693832455593	0.175492941634726	ea
32	0.00160440429250549	0.177097345927231	ree
33	0.00160259426961232	0.178699940196844	oee
34	0.00160042224214052	0.180300362438984	re
35	0.00159716420093281	0.181897526639917	eei
36	0.00159463016888238	0.183492156808799	ae
37	0.00158992410936014	0.18508208091816	te
38	0.00157906397200112	0.186661144890161	ie
39	0.00155734369728308	0.188218488587444	eie
40	0.00133905493636684	0.189557543523811	lo
41	0.00130792254260432	0.190865466066415	la
42	0.00130430249681798	0.192169768563233	loe
43	0.00129851042355984	0.193468278986793	let
44	0.00129452837319486	0.194762807359988	dte
45	0.00129344235945896	0.196056249719447	lt
46	0.00129308035488033	0.197349330074327	dt
47	0.00128982231367262	0.198639152388	di
48	0.00128946030909399	0.199928612697093	dae
49	0.00128475424957175	0.201213366946665	dea
50	0.00128366823583585	0.202497035182501	lie
51	0.00128222021752131	0.203779255400022	li
52	0.00127896217631361	0.205058217576336	da
53	0.00127642814426317	0.206334645720599	lea
54	0.0012735321076341	0.207608177828233	lte
55	0.00127063607100503	0.208878813899238	lei
56	0.00126774003437595	0.210146553933614	leo
57	0.00126629201606142	0.211412845949676	lae
58	0.00126158595653918	0.212674431906215	die
59	0.00126122395196054	0.213935655858175	dei
60	0.00126122395196054	0.215196879810136	det
61	0.00125362185580923	0.216450501665945	doe
62	0.00124927780086563	0.217699779466811	do
63	0.00124384773218612	0.218943627198997	deo
64	0.00110194193736162	0.220045569136359	eeh
65	0.00109976990988982	0.221145339046248	ese
66	0.00109723587783938	0.222242574924088	nee
67	0.00109325382747441	0.223335828751562	een
68	0.0010856517313231	0.224421480482885	es
69	0.00108492772216583	0.225506408205051	ehe
70	0.00108275569469403	0.226589163899745	se
71	0.00108239369011539	0.227671557589861	eel
72	0.00108203168553676	0.228753589275397	ere
73	0.00107949765348632	0.229833086928884	el
74	0.00107804963517179	0.230911136564055	eue
75	0.00107660161685725	0.231987738180913	eu
76	0.00107587760769998	0.233063615788613	ede
77	0.00107479159396408	0.234138407382577	er
78	0.00107442958938545	0.235212836971962	ene
79	0.00107334357564954	0.236286180547612	ees
80	0.00107225756191364	0.237358438109525	see
81	0.00107117154817774	0.238429609657703	ed
82	0.00106936152528457	0.239498971182988	ne
83	0.00106718949781277	0.2405661606808	ue
84	0.00106682749323413	0.241632988174035	eh
85	0.0010653794749196	0.242698367648954	eed
86	0.0010642934611837	0.243762661110138	eeu
87	0.00106175942913326	0.244824420539271	he
88	0.00105886339250419	0.245883283931775	ele
89	0.00105777737876829	0.246941061310544	eer
90	0.00105451933756058	0.247995580648104	hee
91	0.00104836525972381	0.249043945907828	uee
92	0.0010248349621126	0.250068780869941	roe
93	0.00101288881101768	0.251081669680958	en
94	0.00100782074691681	0.252089490427875	eit
95	0.00100637272860227	0.253095863156477	eat
96	0.0010023906782373	0.254098253834715	to
97	0.00099696060955779	0.255095214444272	oa
98	0.000996598604979156	0.256091813049252	ite
99	0.000991530540878281	0.25708334359013	tie
100	0.000990444527142379	0.258073788117272	eii
101	0.000989720517985112	0.259063508635257	tei
102	0.000989358513406478	0.260052867148664	teo
103	0.00098863450424921	0.261041501652913	rae
104	0.000987548490513308	0.262029050143426	oeo
105	0.00098682448135604	0.263015874624782	toe
106	0.00098682448135604	0.264002699106138	eaa
107	0.00098682448135604	0.264989523587495	aae
108	0.000985376463041504	0.265974900050536	oea
109	0.000985014458462871	0.266959914508999	ieo
110	0.000984290449305603	0.267944204958305	eoo
111	0.000983928444726969	0.268928133403031	aei
112	0.000982480426412433	0.269910613829444	iet
113	0.000981756417255165	0.270892370246699	ii
114	0.000981756417255165	0.271874126663954	oie
115	0.00098030839894063	0.272854435062895	ate
116	0.000979946394361996	0.273834381457257	eot
117	0.000979946394361996	0.274814327851619	aa
118	0.000979222385204728	0.275793550236824	oae
119	0.000978860380626094	0.27677241061745	eto
120	0.000977774366890192	0.27775018498434	eti
121	0.000977774366890192	0.27872795935123	reo
122	0.000977050357732925	0.279705009708963	ra
123	0.000974154321103853	0.280679164030067	oi
124	0.000973792316525219	0.281652956346592	oei
125	0.000973792316525219	0.282626748663117	rei
126	0.00097198229363205	0.283598730956749	tea
127	0.000971620289053416	0.284570351245803	tte
128	0.000971620289053416	0.285541971534856	at
129	0.000970896279896148	0.286512867814752	io
130	0.000970534275317514	0.28748340209007	ai
131	0.000969448261581613	0.288452850351651	eai
132	0.000968362247845711	0.289421212599497	tet
133	0.000965828215795273	0.290387040815292	ta
134	0.000964742202059372	0.291351783017352	aie
135	0.00096365618832347	0.292315439205675	eoi
136	0.000962932179166202	0.293278371384841	eta
137	0.000962932179166202	0.294241303564008	aet
138	0.0009618461654303	0.295203149729438	tae
139	0.0009618461654303	0.296164995894868	ret
140	0.000961484160851666	0.29712648005572	tt
141	0.000958226119643961	0.298084706175364	ri
142	0.000957864115065327	0.299042570290429	iea
143	0.000956416096750792	0.29999898638718	rie
144	0.000955692087593524	0.300954678474774	eao
145	0.000954606073857622	0.301909284548631	ioe
146	0.000954244069278988	0.30286352861791	it
147	0.000952796050964453	0.303816324668875	ti
148	0.000951348032649917	0.304767672701524	eia
149	0.000950986028071283	0.305718658729596	ooe
150	0.000948451996020846	0.306667110725617	iie
151	0.000948089991442212	0.307615200717059	rte
152	0.000945917963970408	0.308561118681029	ao
153	0.000945555959391774	0.309506674640421	ro
154	0.00094519395481314	0.310451868595234	ote
155	0.000944107941077239	0.311395976536311	eio
156	0.000944107941077239	0.312340084477389	oet
157	0.000943745936498605	0.313283830413887	rea
158	0.000943745936498605	0.314227576350386	ett
159	0.000943021927341337	0.315170598277727	aeo
160	0.000941211904448167	0.316111810182175	iei
161	0.000936867849504561	0.31704867803168	iae
162	0.000936867849504561	0.317985545881185	ia
163	0.000936143840347293	0.318921689721532	ot
164	0.000933609808296855	0.319855299529829	aoe
165	0.000930713771667784	0.320786013301496	eoa
166	0.000926731721302811	0.321712745022799	rt
167	0.000926007712145543	0.322638752734945	aea
168	0.000920215638887401	0.323558968373832	oo
169	0.000886549213074447	0.324445517586907	ls
170	0.000886549213074447	0.325332066799981	dle
171	0.000877137094029965	0.326209203894011	leh
172	0.000876413084872697	0.327085616978884	lr
173	0.000874965066558162	0.327960582045442	leu
174	0.000872793039086358	0.328833375084528	deu
175	0.000872069029929091	0.329705444114457	lh
176	0.000868448984142751	0.3305738930986	dl
177	0.000866638961249582	0.33144053205985	lre
178	0.000864828938356412	0.332305360998206	ds
179	0.000862656910884609	0.333168017909091	du
180	0.000860846887991439	0.334028864797082	len
181	0.000859398869676904	0.334888263666759	led
182	0.000858312855941002	0.3357465765227	lel
183	0.000857588846783734	0.336604165369484	dne
184	0.000856864837626466	0.33746103020711	ded
185	0.000856864837626466	0.338317895044737	den
186	0.000854692810154663	0.339172587854891	dn
187	0.000852882787261493	0.340025470642153	ler
188	0.000851796773525592	0.340877267415678	lde
189	0.00085071075978969	0.341727978175468	lue
190	0.000849624746053788	0.342577602921522	des
191	0.00084890073689652	0.343426503658418	dde
192	0.000847814723160619	0.344274318381579	der
193	0.000847090714003351	0.345121409095582	lse
194	0.000847090714003351	0.345968499809586	dh
195	0.000844556681952913	0.346813056491539	lle
196	0.000844556681952913	0.347657613173492	del
197	0.000844556681952913	0.348502169855445	ln
198	0.000841660645323842	0.349343830500768	due
199	0.000840936636166574	0.350184767136935	dhe
200	0.000839850622430672	0.351024617759366	lu
201	0.000839126613273405	0.351863744372639	dse
202	0.000837678594958869	0.352701422967598	dre
203	0.000837678594958869	0.353539101562557	lhe
204	0.000836592581222967	0.35437569414378	deh
205	0.0008358685720657	0.355211562715846	dd
206	0.00083224852627936	0.356043811242125	ld
207	0.000831162512543459	0.356874973754668	lne
208	0.000821388388920343	0.357696362143589	les
209	0.000820302375184441	0.358516664518773	dr
210	0.000809442237825424	0.359326106756598	ll
211	0.000809442237825424	0.360135548994424	dit
212	0.000808356224089522	0.360943905218513	lot
213	0.000804736178303183	0.361748641396817	dat
214	0.000804012169145915	0.362552653565963	dtt
215	0.000801840141674112	0.363354493707637	lio
216	0.000798220095887773	0.364152713803524	lia
217	0.000797858091309139	0.364950571894834	lii
218	0.000796410072994603	0.365746981967828	dii
219	0.000796410072994603	0.366543392040823	dao
220	0.000793514036365532	0.367336906077188	doi
221	0.000793152031786898	0.368130058108975	lti
222	0.000788083967686023	0.368918142076661	dta
223	0.000783739912742416	0.369701881989404	lta
224	0.000780481871534711	0.370482363860938	loi
225	0.00077758583490564	0.371259949695844	lit
226	0.000777223830327006	0.372037173526171	dti
227	0.000771793761647497	0.372808967287818	laa
228	0.00077106975249023	0.373580037040309	daa
229	0.000768535720439792	0.374348572760749	lao
230	0.000768173715861158	0.37511674647661	dto
231	0.000764915674653453	0.375881662151263	doo
232	0.000763829660917551	0.376645491812181	ltt
233	0.000760571619709846	0.37740606343189	lat
234	0.000760571619709846	0.3781666350516	dio
235	0.000759847610552578	0.378926482662153	dot
236	0.000758761596816677	0.37968524425897	loa
237	0.000758399592238043	0.380443643851208	loo
238	0.000756589569344873	0.381200233420553	doa
239	0.000755141551030337	0.381955374971583	dia
240	0.000752245514401266	0.382707620485984	lai
241	0.000749711482350829	0.383457331968335	dai
242	0.000748625468614927	0.38420595743695	lto
243	0.000685636671932627	0.384891594108883	ua
244	0.000675138539152243	0.385566732648035	esi
245	0.000673690520837708	0.386240423168872	ent
246	0.000670432479630002	0.386910855648502	eou
247	0.000666812433843663	0.387577668082346	eth
248	0.000665726420107762	0.388243394502454	eas
249	0.000665726420107762	0.388909120922562	rre
250	0.000665364415529128	0.389574485338091	is
251	0.000665364415529128	0.39023984975362	oue
252	0.000665002410950494	0.39090485216457	uie
253	0.00066464040637186	0.391569492570942	uei
254	0.000663192388057324	0.392232684959	eut
255	0.00066283038347869	0.392895515342478	ade
256	0.000661744369742788	0.393557259712221	ted
257	0.000661744369742788	0.394219004081964	oeu
258	0.000661020360585521	0.394880024442549	eno
259	0.000660658356006887	0.395540682798556	iue
260	0.000660658356006887	0.396201341154563	ise
261	0.000660658356006887	0.39686199951057	sa
262	0.000660296351428253	0.397522295861998	rer
263	0.000659934346849619	0.398182230208848	ear
264	0.000659572342270985	0.398841802551119	ha
265	0.000659210337692351	0.399501012888811	eid
266	0.000658848333113717	0.400159861221925	rel
267	0.000658848333113717	0.400818709555039	eah
268	0.000658848333113717	0.401477557888152	rle
269	0.000658848333113717	0.402136406221266	oel
270	0.000658486328535083	0.402794892549801	hae
271	0.000658124323956449	0.403453016873758	hea
272	0.000658124323956449	0.404111141197714	eis
273	0.000657038310220548	0.404768179507935	rue
274	0.000657038310220548	0.405425217818155	uoe
275	0.000656676305641914	0.406081894123797	rd
276	0.000656676305641914	0.406738570429439	aeh
277	0.000655952296484646	0.407394522725924	set
278	0.000655952296484646	0.408050475022408	sei
279	0.000655952296484646	0.408706427318893	od
280	0.000655952296484646	0.409362379615378	ies
281	0.000655952296484646	0.410018331911862	ts
282	0.000655590291906012	0.410673922203768	uae
283	0.000655590291906012	0.411329512495674	nte
284	0.000655590291906012	0.41198510278758	tde
285	0.000655228287327378	0.412640331074908	eos
286	0.000654866282748744	0.413295197357656	ile
287	0.00065450427817011	0.413949701635827	tl
288	0.00065450427817011	0.414604205913997	ieu
289	0.00065450427817011	0.415258710192167	nt
290	0.000654142273591476	0.415912852465758	ih
291	0.000653780269012842	0.416566632734771	reh
292	0.000653418264434209	0.417220050999205	hei
293	0.000653418264434209	0.417873469263639	eih
294	0.000653056259855575	0.418526525523495	eol
295	0.000652694255276941	0.419179219778772	ru
296	0.000652694255276941	0.419831914034049	hoe
297	0.000651970246119673	0.420483884280169	si
298	0.000651970246119673	0.421135854526288	nea
299	0.000651970246119673	0.421787824772408	ert
300	0.000651970246119673	0.422439795018528	tu
301	0.000651608241541039	0.423091403260069	eil
302	0.000651608241541039	0.42374301150161	edo
303	0.000651608241541039	0.424394619743151	edt
304	0.000650522227805137	0.425045141970956	hte
305	0.000650522227805137	0.425695664198761	ien
306	0.000650160223226503	0.426345824421988	tse
307	0.000650160223226503	0.426995984645214	ueo
308	0.000649798218647869	0.427645782863862	neo
309	0.000649798218647869	0.42829558108251	uet
310	0.000649798218647869	0.428945379301158	eau
311	0.000648712204911968	0.42959409150607	are
312	0.000648712204911968	0.430242803710982	ni
313	0.000648350200333334	0.430891153911315	ste
314	0.000648350200333334	0.431539504111648	ein
315	0.000647626191176066	0.432187130302824	oer
316	0.000647626191176066	0.432834756494	il
317	0.000647264186597432	0.433482020680598	ht
318	0.000647264186597432	0.434129284867195	eoh
319	0.000646902182018798	0.434776187049214	hi
320	0.000646902182018798	0.435423089231233	aes
321	0.000646540177440164	0.436069629408673	iu
322	0.000646540177440164	0.436716169586113	nei
323	0.00064617817286153	0.437362347758975	eni
324	0.000645816168282896	0.438008163927258	oes
325	0.000645816168282896	0.438653980095541	au
326	0.000645816168282896	0.439299796263823	rse
327	0.000645816168282896	0.439945612432106	tel
328	0.000645454163704263	0.440591066595811	tne
329	0.000645454163704263	0.441236520759515	ets
330	0.000645454163704263	0.441881974923219	ole
331	0.000645454163704263	0.442527429086923	net
332	0.000644730154546995	0.44317215924147	id
333	0.000644730154546995	0.443816889396017	st
334	0.000644730154546995	0.444461619550564	oen
335	0.000644730154546995	0.445106349705111	eli
336	0.000644368149968361	0.44575071785508	ol
337	0.000644006145389727	0.446394724000469	as
338	0.000644006145389727	0.447038730145859	ead
339	0.000644006145389727	0.447682736291249	elo
340	0.000644006145389727	0.448326742436639	ase
341	0.000643644140811093	0.44897038657745	al
342	0.000643644140811093	0.449614030718261	etl
343	0.000643282136232459	0.450257312854493	noe
344	0.000643282136232459	0.450900594990726	eua
345	0.000643282136232459	0.451543877126958	teu
346	0.000642920131653825	0.452186797258612	on
347	0.000642920131653825	0.452829717390266	ho
348	0.000642920131653825	0.45347263752192	etn
349	0.000642558127075191	0.454115195648995	edi
350	0.000642558127075191	0.45475775377607	ide
351	0.000642558127075191	0.455400311903145	ten
352	0.000642196122496557	0.456042508025642	elt
353	0.000642196122496557	0.456684704148138	ose
354	0.000642196122496557	0.457326900270635	os
355	0.000641472113339289	0.457968372383974	sae
356	0.000641472113339289	0.458609844497313	td
357	0.000640386099603388	0.459250230596917	het
358	0.000640386099603388	0.45989061669652	na
359	0.000640386099603388	0.460531002796124	hie
360	0.000640024095024754	0.461171026891148	soe
361	0.000640024095024754	0.461811050986173	ode
362	0.00063966209044612	0.462450713076619	th
363	0.000638938081288852	0.463089651157908	ah
364	0.000638938081288852	0.463728589239197	eda
365	0.000638576076710218	0.464367165315907	ane
366	0.000638214072131584	0.465005379388039	nie
367	0.000638214072131584	0.46564359346017	etr
368	0.000638214072131584	0.466281807532302	ero
369	0.00063785206755295	0.466919659599855	or
370	0.00063785206755295	0.467557511667408	so
371	0.00063785206755295	0.468195363734961	teh
372	0.00063785206755295	0.468833215802514	rne
373	0.00063785206755295	0.469471067870067	ore
374	0.000637490062974317	0.470108557933041	ute
375	0.000637128058395683	0.470745685991437	eor
376	0.000637128058395683	0.471382814049832	the
377	0.000637128058395683	0.472019942108228	ied
378	0.000636766053817049	0.472656708162045	seo
379	0.000636404049238415	0.473293112211283	in
380	0.000636042044659781	0.473929154255943	iel
381	0.000635680040081147	0.474564834296024	eui
382	0.000635680040081147	0.475200514336105	ad
383	0.000635680040081147	0.475836194376187	heo
384	0.000635318035502513	0.476471512411689	tre
385	0.000635318035502513	0.477106830447192	aed
386	0.000635318035502513	0.477742148482694	tn
387	0.000634956030923879	0.478377104513618	ou
388	0.000634956030923879	0.479012060544542	ihe
389	0.000634594026345245	0.479646654570887	reu
390	0.000634594026345245	0.480281248597232	ter
391	0.000634594026345245	0.480915842623578	oed
392	0.000634594026345245	0.481550436649923	one
393	0.000634232021766611	0.482184668671689	ale
394	0.000634232021766611	0.482818900693456	ir
395	0.000633870017187977	0.483452770710644	etd
396	0.000633870017187977	0.484086640727832	esa
397	0.00063314600803071	0.484719786735863	aeu
398	0.00063314600803071	0.485352932743893	eri
399	0.000632784003452076	0.485985716747345	nae
400	0.000632421998873442	0.486618138746219	eod
401	0.000632421998873442	0.487250560745092	rh
402	0.000632059994294808	0.487882620739387	ier
403	0.000631697989716174	0.488514318729103	ieh
404	0.000631697989716174	0.48914601671882	rs
405	0.000631697989716174	0.489777714708536	eha
406	0.00063133598513754	0.490409050693673	eho
407	0.00063133598513754	0.491040386678811	ren
408	0.000630611975980272	0.491670998654791	tes
409	0.000630249971401638	0.492301248626193	ire
410	0.000630249971401638	0.492931498597594	est
411	0.000630249971401638	0.493561748568996	eiu
412	0.000629887966823004	0.494191636535819	no
413	0.00062952596224437	0.494821162498063	oh
414	0.000629163957665737	0.495450326455729	tle
415	0.000628801953087103	0.496079128408816	ar
416	0.000628801953087103	0.496707930361903	rr
417	0.000628077943929835	0.497336008305833	rn
418	0.000627353934772567	0.497963362240606	ui
419	0.000626991930193933	0.4985903541708	aen
420	0.000626991930193933	0.499217346100994	res
421	0.000626629925615299	0.499843976026609	tr
422	0.000626629925615299	0.500470605952224	ut
423	0.000626267921036665	0.501096873873261	era
424	0.000625905916458031	0.501722779789719	tue
425	0.000625905916458031	0.502348685706177	rde
426	0.000625543911879397	0.502974229618056	eal
427	0.000625543911879397	0.503599773529936	oeh
428	0.000625181907300764	0.504224955437237	eon
429	0.000625181907300764	0.504850137344537	rhe
430	0.000624457898143496	0.505474595242681	rl
431	0.000624095893564862	0.506098691136246	an
432	0.000624095893564862	0.506722787029811	ael
433	0.000624095893564862	0.507346882923375	sea
434	0.000623733888986228	0.507970616812362	red
435	0.000623733888986228	0.508594350701348	eso
436	0.000622647875250326	0.509216998576598	ine
437	0.000621923866093058	0.509838922442691	uo
438	0.000621923866093058	0.510460846308784	eht
439	0.000619751838621255	0.511080598147405	eir
440	0.000619389834042621	0.511699987981448	ean
441	0.000619389834042621	0.512319377815491	uea
442	0.000619027829463987	0.512938405644955	etu
443	0.000618665824885353	0.51355707146984	sie
444	0.000617579811149451	0.514174651280989	ehi
445	0.000617217806570817	0.51479186908756	rao
446	0.000616855801992184	0.515408724889553	euo
447	0.00061649379741355	0.516025218686966	aer
448	0.000614321769941746	0.516639540456908	aue
449	0.000613959765363112	0.517253500222271	ena
450	0.000609977714998139	0.517863477937269	ahe
451	0.000609977714998139	0.518473455652267	ela
452	0.00060816769210497	0.519081623344372	iaa
453	0.000605995664633166	0.519687619009005	oit
454	0.000603099628004095	0.520290718637009	tao
455	0.000602737623425461	0.520893456260435	ioi
456	0.000600565595953658	0.521494021856389	rtt
457	0.00059984158679639	0.522093863443185	ttt
458	0.000599479582217756	0.522693343025403	tia
459	0.000598755573060488	0.523292098598463	ata
460	0.000598393568481854	0.523890492166945	rai
461	0.000598393568481854	0.524488885735427	oaa
462	0.000597307554745952	0.525086193290173	toi
463	0.000596945550167318	0.52568313884034	ohe
464	0.000596945550167318	0.526280084390508	aai
465	0.000596583545588685	0.526876667936096	tii
466	0.000594411518116881	0.527471079454213	roo
467	0.000593687508959613	0.528064766963173	iti
468	0.000592963499802346	0.528657730462975	roa
469	0.00059151548148781	0.529249245944463	oii
470	0.000590429467751908	0.529839675412215	aio
471	0.000590067463173274	0.530429742875388	iot
472	0.000588619444858739	0.531018362320247	ria
473	0.000587895435701471	0.531606257755948	itt
474	0.000587895435701471	0.53219415319165	oot
475	0.000586809421965569	0.532780962613615	oat
476	0.000586447417386935	0.533367410031002	aoo
477	0.000586447417386935	0.533953857448389	rii
478	0.000586085412808301	0.534539942861197	rot
479	0.000586085412808301	0.535126028274006	rat
480	0.000585723408229667	0.535711751682235	tai
481	0.000585361403651033	0.536297113085886	aii
482	0.000585361403651033	0.536882474489537	aoa
483	0.000584999399072399	0.53746747388861	ioo
484	0.000584637394493766	0.538052111283104	ito
485	0.000584275389915132	0.538636386673019	rti
486	0.000583913385336498	0.539220300058355	iai
487	0.00058318937617923	0.539803489434534	iao
488	0.000582827371600596	0.540386316806135	aaa
489	0.000582827371600596	0.540969144177736	ita
490	0.000582827371600596	0.541551971549336	aot
491	0.000582103362443328	0.54213407491178	roi
492	0.000581741357864694	0.542715816269644	tta
493	0.00058137935328606	0.54329719562293	oto
494	0.00058137935328606	0.543878574976217	oia
495	0.000580293339550159	0.544458868315767	tio
496	0.000580293339550159	0.545039161655317	taa
497	0.000578483316656989	0.545617644971974	rio
498	0.000578121312078355	0.546195766284052	aoi
499	0.000578121312078355	0.54677388759613	oti
500	0.000578121312078355	0.547352008908209	iit
501	0.000577759307499721	0.547929768215708	tat
502	0.00057667329376382	0.548506441509472	ooi
503	0.00057667329376382	0.549083114803236	tot
504	0.00057667329376382	0.549659788097	rit
505	0.000576311289185186	0.550236099386185	toa
506	0.000576311289185186	0.550812410675371	ioa
507	0.000575949284606552	0.551388359959977	iat
508	0.000575225275449284	0.551963585235426	tit
509	0.00057486327087065	0.552538448506297	ooo
510	0.000574501266292016	0.553112949772589	tto
511	0.000574139261713382	0.553687089034302	rta
512	0.00057305324797748	0.55426014228228	iii
513	0.000572329238820213	0.5548324715211	aat
514	0.000571967234241579	0.555404438755342	tti
515	0.000571605229662945	0.555976043985005	oai
516	0.000571605229662945	0.556547649214668	too
517	0.000571605229662945	0.557119254444331	ota
518	0.000571243225084311	0.557690497669415	raa
519	0.000567985183876606	0.558258482853291	ait
520	0.000566899170140704	0.558825382023432	ooa
521	0.00056653716556207	0.559391919188994	ato
522	0.000565813156404802	0.559957732345399	att
523	0.000565089147247534	0.560522821492647	iia
524	0.0005647271426689	0.561087548635315	oao
525	0.000564365138090267	0.561651913773406	aia
526	0.000564365138090267	0.562216278911496	rto
527	0.000562917119775731	0.562779196031272	aao
528	0.000562555115197097	0.563341751146469	iio
529	0.000558573064832124	0.563900324211301	oio
530	0.000557849055674856	0.564458173266976	ati
531	0.000556401037360321	0.565014574304336	ott
532	0.000544092881686768	0.565558667186023	loh
533	0.000542282858793598	0.566100950044816	dsa
534	0.00054155884963633	0.566642508894453	dor
535	0.000538662813007259	0.56718117170746	dni
536	0.000537938803849991	0.56771911051131	dir
537	0.000536490785535455	0.568255601296845	lis
538	0.00053504276722092	0.568790644064066	das
539	0.000534680762642286	0.569325324826709	lro
540	0.000534680762642286	0.569860005589351	dil
541	0.00053323274432775	0.570393238333679	ddi
542	0.000531422721434581	0.570924661055113	lin
543	0.000531060716855947	0.571455721771969	las
544	0.000530336707698679	0.571986058479668	dla
545	0.000529250693962777	0.572515309173631	drt
546	0.000528888689384143	0.573044197863015	ldo
547	0.000528888689384143	0.573573086552399	lui
548	0.000527802675648242	0.574100889228047	dna
549	0.000527802675648242	0.574628691903695	lad
550	0.000527440671069608	0.575156132574765	lni
551	0.000527440671069608	0.575683573245835	dha
552	0.000527078666490974	0.576210651912326	lts
553	0.00052671666191234	0.576737368574238	dol
554	0.00052671666191234	0.57726408523615	dan
555	0.000526354657333706	0.577790439893484	dts
556	0.000525992652755072	0.578316432546239	duo
557	0.000525268643597804	0.578841701189837	dth
558	0.000525268643597804	0.579366969833435	lir
559	0.00052490663901917	0.579891876472454	lol
560	0.000524544634440536	0.580416421106894	lan
561	0.000524544634440536	0.580940965741335	dtr
562	0.000524182629861903	0.581465148371197	diu
563	0.000523820625283269	0.58198896899648	dlt
564	0.000523820625283269	0.582512789621763	lau
565	0.000523820625283269	0.583036610247046	dtd
566	0.000523458620704635	0.583560068867751	lod
567	0.000523458620704635	0.584083527488456	dua
568	0.000523458620704635	0.58460698610916	ltn
569	0.000522010602390099	0.58512899671155	dui
570	0.000521286593232831	0.585650283304783	did
571	0.000520924588654197	0.586171207893437	liu
572	0.000520562584075563	0.586691770477513	lna
573	0.000519838574918296	0.587211609052431	dst
574	0.000519114565761028	0.587730723618192	dho
575	0.000518752561182394	0.588249476179375	dar
576	0.000518752561182394	0.588768228740557	lri
577	0.00051839055660376	0.589286619297161	don
578	0.00051839055660376	0.589805009853765	lid
579	0.000518028552025126	0.59032303840579	dhi
580	0.000517304542867858	0.590840342948658	ltr
581	0.00051658053371059	0.591356923482368	lon
582	0.00051658053371059	0.591873504016079	ltd
583	0.000516218529131956	0.592389722545211	dad
584	0.000515856524553323	0.592905579069764	lho
585	0.000515856524553323	0.593421435594317	lra
586	0.000514770510817421	0.593936206105135	dod
587	0.000512960487924251	0.594449166593059	dso
588	0.000512960487924251	0.594962127080983	dtl
589	0.000512598483345617	0.595474725564329	lht
590	0.000512236478766983	0.595986962043096	lhi
591	0.00051187447418835	0.596498836517284	ltu
592	0.00051187447418835	0.597010710991473	lil
593	0.000511150465031082	0.597521861456504	dis
594	0.000511150465031082	0.598033011921535	lli
595	0.000511150465031082	0.598544162386566	ddt
596	0.000510788460452448	0.599054950847018	llt
597	0.00051006445129518	0.599565015298313	din
598	0.000509702446716546	0.60007471774503	llo
599	0.000509340442137912	0.600584058187168	dou
600	0.000508616432980644	0.601092674620148	dli
601	0.000508616432980644	0.601601291053129	dsi
602	0.000508616432980644	0.60210990748611	lno
603	0.000507892423823376	0.602617799909933	lla
604	0.000507892423823376	0.603125692333756	lut
605	0.000507530419244743	0.603633222753001	lah
606	0.000507530419244743	0.604140753172246	lih
607	0.000507530419244743	0.604648283591491	lha
608	0.000507530419244743	0.605155814010736	dnt
609	0.000507168414666109	0.605662982425402	doh
610	0.000506806410087475	0.606169788835489	ltl
611	0.000506806410087475	0.606676595245577	luo
612	0.000506806410087475	0.607183401655664	dri
613	0.000506806410087475	0.607690208065752	lrt
614	0.000506444405508841	0.608196652471261	dut
615	0.000505720396351573	0.608702372867612	ldi
616	0.000505358391772939	0.609207731259385	ldt
617	0.000505358391772939	0.609713089651158	lou
618	0.000505358391772939	0.610218448042931	dtu
619	0.000504634382615671	0.610723082425547	dht
620	0.000503910373458404	0.611226992799005	lsi
621	0.00050354836887977	0.611730541167885	lsa
622	0.000503186364301136	0.612233727532186	lda
623	0.000503186364301136	0.612736913896487	lar
624	0.000502824359722502	0.613239738256209	dau
625	0.0005017383459866	0.613741476602196	dno
626	0.000500652332250698	0.614242128934447	lst
627	0.000500652332250698	0.614742781266697	dos
628	0.00049992832309343	0.615242709589791	ddo
629	0.000498480304778895	0.61574118989457	lso
630	0.000498118300200261	0.61623930819477	lor
631	0.000497394291042993	0.616736702485813	dro
632	0.000494860258992556	0.617231562744806	dih
633	0.000493774245256654	0.617725336990062	dah
634	0.000493050236099386	0.618218387226162	lth
635	0.000493050236099386	0.618711437462261	dra
636	0.000491964222363484	0.619203401684625	lal
637	0.000489792194891681	0.619693193879516	dlo
638	0.000488706181155779	0.620181900060672	dal
639	0.000488344176577145	0.620670244237249	lnt
640	0.000487258162841244	0.62115750240009	lua
641	0.00048689615826261	0.621644398558353	dda
642	0.000485448139948074	0.622129846698301	dtn
643	0.000484000121633538	0.622613846819935	los
644	0.000465899892701843	0.623079746712637	sh
645	0.000461555837758236	0.623541302550395	eul
646	0.000455039755342826	0.623996342305738	sn
647	0.000455039755342826	0.62445138206108	nle
648	0.000454677750764192	0.624906059811845	hde
649	0.000452505723292388	0.625358565535137	erl
650	0.00045178171413512	0.625810347249272	eus
651	0.000451419709556486	0.626261766958829	esn
652	0.000449247682084683	0.626711014640913	ers
653	0.000448885677506049	0.627159900318419	hn
654	0.000448161668348781	0.627608061986768	edr
655	0.000447437659191513	0.62805549964596	hu
656	0.000446713650034246	0.628502213295994	ehh
657	0.000446713650034246	0.628948926946028	hre
658	0.000446713650034246	0.629395640596062	hel
659	0.000445989640876978	0.629841630236939	un
660	0.00044526563171971	0.630286895868659	seh
661	0.00044345560882654	0.630730351477485	enn
662	0.000443093604247907	0.631173445081733	end
663	0.000442731599669273	0.631616176681403	nu
664	0.000441645585933371	0.632057822267336	ur
665	0.000441645585933371	0.632499467853269	su
666	0.000441645585933371	0.632941113439203	heu
667	0.000441283581354737	0.633382397020558	nes
668	0.000441283581354737	0.633823680601912	nr
669	0.000440921576776103	0.634264602178688	uel
670	0.000440559572197469	0.634705161750886	esr
671	0.000439835563040201	0.635144997313926	neh
672	0.000439473558461567	0.635584470872388	seu
673	0.000439473558461567	0.636023944430849	hen
674	0.0004387495493043	0.636462693980153	nse
675	0.00043693952641113	0.636899633506565	edl
676	0.00043693952641113	0.637336573032976	hs
677	0.00043693952641113	0.637773512559387	sre
678	0.00043693952641113	0.638210452085798	ule
679	0.00043693952641113	0.638647391612209	ses
680	0.00043693952641113	0.63908433113862	ues
681	0.000436577521832496	0.639520908660453	sen
682	0.000435853512675228	0.639956762173128	nel
683	0.000435853512675228	0.640392615685803	enl
684	0.000435491508096594	0.6408281071939	sue
685	0.000435491508096594	0.641263598701996	elh
686	0.00043512950351796	0.641698728205514	enr
687	0.00043512950351796	0.642133857709032	sr
688	0.000434767498939327	0.642568625207972	erh
689	0.000434767498939327	0.643003392706911	hh
690	0.000434043489782059	0.643437436196693	ued
691	0.000434043489782059	0.643871479686475	ude
692	0.000433319480624791	0.6443047991671	ens
693	0.000433319480624791	0.644738118647725	esd
694	0.000433319480624791	0.645171438128349	euh
695	0.000432957476046157	0.645604395604395	ehd
696	0.000432595471467523	0.646036991075863	edn
697	0.000432595471467523	0.646469586547331	ueh
698	0.000431509457731621	0.646901096005062	ss
699	0.000431147453152987	0.647332243458215	use
700	0.000430785448574354	0.647763028906789	uue
701	0.00043042344399572	0.648193452350785	esl
702	0.00043042344399572	0.648623875794781	nue
703	0.00043042344399572	0.649054299238777	nd
704	0.000430061439417086	0.649484360678194	elu
705	0.000429699434838452	0.649914060113032	eur
706	0.000429699434838452	0.650343759547871	us
707	0.000429337430259818	0.65077309697813	hed
708	0.000428975425681184	0.651202072403812	sde
709	0.000428975425681184	0.651631047829493	hse
710	0.000428251416523916	0.652059299246017	ehs
711	0.000428251416523916	0.652487550662541	sd
712	0.000427889411945282	0.652915440074486	nn
713	0.000426803398209381	0.653342243472695	ess
714	0.000426803398209381	0.653769046870905	els
715	0.000426803398209381	0.654195850269114	heh
716	0.000426441393630747	0.654622291662745	edh
717	0.000426079389052113	0.655048371051797	euu
718	0.000426079389052113	0.655474450440849	nh
719	0.000425717384473479	0.655900167825323	eld
720	0.000425717384473479	0.656325885209796	uhe
721	0.000424993375316211	0.656750878585112	edd
722	0.000424631370737577	0.65717550995585	ehr
723	0.000424269366158943	0.657599779322009	she
724	0.000423907361580309	0.658023686683589	eds
725	0.000423907361580309	0.658447594045169	ehu
726	0.000423907361580309	0.65887150140675	nhe
727	0.000423545357001675	0.659295046763751	sl
728	0.000423545357001675	0.659718592120753	eud
729	0.000423183352423041	0.660141775473176	elr
730	0.000422821347844408	0.66056459682102	hd
731	0.000422459343265774	0.660987056164286	nen
732	0.00042209733868714	0.661409153502973	uer
733	0.00042209733868714	0.66183125084166	nre
734	0.00042209733868714	0.662253348180348	esu
735	0.000421011324951238	0.662674359505299	ner
736	0.000421011324951238	0.66309537083025	ehl
737	0.000420649320372604	0.663516020150622	ehn
738	0.000420649320372604	0.663936669470995	ueu
739	0.000420649320372604	0.664357318791368	enh
740	0.000420649320372604	0.66477796811174	ell
741	0.000420649320372604	0.665198617432113	ure
742	0.000420649320372604	0.665619266752485	hl
743	0.00042028731579397	0.666039554068279	neu
744	0.00042028731579397	0.666459841384073	uh
745	0.00042028731579397	0.666880128699867	err
746	0.000419925311215336	0.667300054011083	hes
747	0.000419925311215336	0.667719979322298	une
748	0.000419925311215336	0.668139904633513	ns
749	0.000419201302058068	0.668559105935572	hue
750	0.000418839297479435	0.668977945233051	eru
751	0.000418839297479435	0.66939678453053	ned
752	0.000418839297479435	0.66981562382801	sel
753	0.000418477292900801	0.670234101120911	ul
754	0.000418115288322167	0.670652216409233	uen
755	0.000418115288322167	0.671070331697555	uu
756	0.000417753283743533	0.671488084981298	sse
757	0.000417391279164899	0.671905476260463	ud
758	0.000417029274586265	0.67232250553505	esh
759	0.000417029274586265	0.672739534809636	enu
760	0.000416667270007631	0.673156202079644	hne
761	0.000416305265428997	0.673572507345073	hhe
762	0.000415581256271729	0.673988088601344	edu
763	0.000415581256271729	0.674403669857616	hr
764	0.000415581256271729	0.674819251113888	ida
765	0.000415219251693095	0.675234470365581	nde
766	0.000414857247114462	0.675649327612695	sed
767	0.000414857247114462	0.67606418485981	ern
768	0.00041377123337856	0.676477956093188	hti
769	0.00041377123337856	0.676891727326567	itl
770	0.000412323215064024	0.677304050541631	eun
771	0.00041196121048539	0.677716011752116	erd
772	0.00041196121048539	0.678127972962602	sne
773	0.000411599205906756	0.678539572168508	hle
774	0.000411237201328122	0.678950809369836	idt
775	0.000410875196749488	0.679361684566586	oal
776	0.000410513192170855	0.679772197758757	sle
777	0.000410151187592221	0.680182348946349	oah
778	0.000409789183013587	0.680592138129363	eln
779	0.000409427178434953	0.681001565307798	aoh
780	0.000409065173856319	0.681410630481654	aas
781	0.000407979160120417	0.681818609641774	tos
782	0.000407617155541783	0.682226226797316	odo
783	0.000407617155541783	0.682633843952858	tra
784	0.000407617155541783	0.6830414611084	ros
785	0.000407617155541783	0.683449078263942	nne
786	0.000407255150963149	0.683856333414905	nto
787	0.000407255150963149	0.684263588565868	her
788	0.000406893146384515	0.684670481712253	ara
789	0.000406531141805882	0.685077012854058	otd
790	0.000406169137227248	0.685483181991286	haa
791	0.000406169137227248	0.685889351128513	ira
792	0.000406169137227248	0.68629552026574	iri
793	0.000405807132648614	0.686701327398389	oan
794	0.000405083123491346	0.68710641052188	hto
795	0.000405083123491346	0.687511493645371	oau
796	0.000404721118912712	0.687916214764284	tna
797	0.000404721118912712	0.688320935883197	toh
798	0.000404721118912712	0.68872565700211	nl
799	0.00040363510517681	0.689129292107286	rts
800	0.00040363510517681	0.689532927212463	hat
801	0.000403273100598176	0.689936200313061	ani
802	0.000402549091440909	0.690338749404502	rni
803	0.000401825082283641	0.690740574486786	noo
804	0.000401463077705007	0.691142037564491	ont
805	0.000401463077705007	0.691543500642196	auo
806	0.000401101073126373	0.691944601715322	aor
807	0.000401101073126373	0.692345702788449	oad
808	0.000401101073126373	0.692746803861575	oht
809	0.000401101073126373	0.693147904934702	iht
810	0.000401101073126373	0.693549006007828	ino
811	0.000401101073126373	0.693950107080955	trt
812	0.000400739068547739	0.694350846149502	ior
813	0.000400739068547739	0.69475158521805	iil
814	0.000400739068547739	0.695152324286598	nio
815	0.000400739068547739	0.695553063355146	uot
816	0.000400739068547739	0.695953802423693	uoi
817	0.000400377063969105	0.696354179487662	ttn
818	0.000400377063969105	0.696754556551632	tho
819	0.000400015059390471	0.697154571611022	rah
820	0.000400015059390471	0.697554586670412	rrt
821	0.000400015059390471	0.697954601729803	tad
822	0.000399653054811837	0.698354254784615	ser
823	0.000399653054811837	0.698753907839427	tal
824	0.000398929045654569	0.699152836885081	ron
825	0.000398929045654569	0.699551765930736	iso
826	0.000398929045654569	0.69995069497639	osa
827	0.000398929045654569	0.700349624022045	ouo
828	0.000397843031918668	0.700747467053963	rod
829	0.000397481027340034	0.701144948081303	iau
830	0.000397481027340034	0.701542429108644	uoa
831	0.000397481027340034	0.701939910135984	tri
832	0.0003971190227614	0.702337029158745	rol
833	0.0003971190227614	0.702734148181506	tau
834	0.000396757018182766	0.703130905199689	sat
835	0.000396395013604132	0.703527300213293	air
836	0.000396395013604132	0.703923695226897	ail
837	0.000396395013604132	0.704320090240501	ahi
838	0.000396395013604132	0.704716485254106	iho
839	0.000396033009025498	0.705112518263131	tlt
840	0.000396033009025498	0.705508551272157	idi
841	0.000395671004446864	0.705904222276603	ada
842	0.000395671004446864	0.70629989328105	tsa
843	0.000395671004446864	0.706695564285497	tut
844	0.00039530899986823	0.707090873285365	oro
845	0.00039530899986823	0.707486182285234	uto
846	0.000394946995289596	0.707881129280523	uaa
847	0.000394946995289596	0.708276076275813	iih
848	0.000394946995289596	0.708671023271102	otr
849	0.000394584990710963	0.709065608261813	tno
850	0.000394584990710963	0.709460193252524	ora
851	0.000394584990710963	0.709854778243235	aid
852	0.000394584990710963	0.710249363233946	ala
853	0.000394222986132329	0.710643586220079	tah
854	0.000394222986132329	0.711037809206211	soo
855	0.000394222986132329	0.711432032192343	ali
856	0.000394222986132329	0.711826255178476	rtu
857	0.000393860981553695	0.712220116160029	ots
858	0.000393860981553695	0.712613977141583	oli
859	0.000393860981553695	0.713007838123137	aah
860	0.000393860981553695	0.713401699104691	tol
861	0.000393498976975061	0.713795198081666	atd
862	0.000393136972396427	0.714188335054062	tso
863	0.000393136972396427	0.714581472026458	rri
864	0.000393136972396427	0.714974608998855	aon
865	0.000393136972396427	0.715367745971251	tuo
866	0.000392774967817793	0.715760520939069	rsi
867	0.000392774967817793	0.716153295906887	ost
868	0.000392774967817793	0.716546070874704	ido
869	0.000392774967817793	0.716938845842522	adt
870	0.000392412963239159	0.717331258805761	oda
871	0.000392412963239159	0.717723671769	ori
872	0.000392412963239159	0.71811608473224	sot
873	0.000392412963239159	0.718508497695479	itr
874	0.000392050958660525	0.718900548654139	uta
875	0.000392050958660525	0.7192925996128	art
876	0.000392050958660525	0.71968465057146	ias
877	0.000391688954081891	0.720076339525542	tdo
878	0.000391688954081891	0.720468028479624	atu
879	0.000391688954081891	0.720859717433706	oar
880	0.000391326949503257	0.721251044383209	aua
881	0.000390964944924623	0.721642009328134	not
882	0.000390964944924623	0.722032974273059	ana
883	0.000390964944924623	0.722423939217983	ttr
884	0.000390964944924623	0.722814904162908	aal
885	0.000390602940345989	0.723205507103254	rui
886	0.000390240935767356	0.723595748039021	hia
887	0.000390240935767356	0.723985988974789	oil
888	0.000390240935767356	0.724376229910556	tth
889	0.000389878931188722	0.724766108841745	rut
890	0.000389878931188722	0.725155987772933	nat
891	0.000389878931188722	0.725545866704122	nit
892	0.000389516926610088	0.725935383630732	asi
893	0.000389516926610088	0.726324900557342	iou
894	0.000389516926610088	0.726714417483952	tha
895	0.000389154922031454	0.727103572405984	hii
896	0.000389154922031454	0.727492727328015	iuo
897	0.000389154922031454	0.727881882250047	rir
898	0.000389154922031454	0.728271037172078	tiu
899	0.000389154922031454	0.72866019209411	ilo
900	0.00038879291745282	0.729048985011563	atl
901	0.00038879291745282	0.729437777929015	aso
902	0.00038879291745282	0.729826570846468	tht
903	0.00038879291745282	0.730215363763921	iut
904	0.000388430912874186	0.730603794676795	alo
905	0.000388068908295552	0.730991863585091	iod
906	0.000388068908295552	0.731379932493387	ort
907	0.000387706903716918	0.731767639397103	itu
908	0.000387706903716918	0.73215534630082	ois
909	0.000387706903716918	0.732543053204537	oth
910	0.000387344899138284	0.732930398103676	ris
911	0.000387344899138284	0.733317743002814	ios
912	0.000387344899138284	0.733705087901952	isi
913	0.00038698289455965	0.734092070796512	ruo
914	0.00038698289455965	0.734479053691071	tid
915	0.00038698289455965	0.734866036585631	utt
916	0.00038698289455965	0.735253019480191	rha
917	0.00038698289455965	0.73564000237475	out
918	0.00038698289455965	0.73602698526931	oua
919	0.00038698289455965	0.73641396816387	aou
920	0.00038698289455965	0.736800951058429	sta
921	0.00038698289455965	0.737187933952989	rsa
922	0.00038698289455965	0.737574916847548	ntt
923	0.000386620889981016	0.737961537737529	ina
924	0.000386620889981016	0.73834815862751	ilt
925	0.000386620889981016	0.738734779517491	tdt
926	0.000386620889981016	0.739121400407472	hoo
927	0.000386620889981016	0.739508021297453	hao
928	0.000386620889981016	0.739894642187434	tar
929	0.000386258885402383	0.740280901072837	nii
930	0.000386258885402383	0.740667159958239	aho
931	0.000386258885402383	0.741053418843641	sii
932	0.000385896880823749	0.741439315724465	rno
933	0.000385896880823749	0.741825212605289	iis
934	0.000385896880823749	0.742211109486113	oha
935	0.000385896880823749	0.742597006366936	ral
936	0.000385534876245115	0.742982541243182	uio
937	0.000385534876245115	0.743368076119427	iro
938	0.000385534876245115	0.743753610995672	aod
939	0.000385172871666481	0.744138783867338	stt
940	0.000385172871666481	0.744523956739005	ili
941	0.000385172871666481	0.744909129610671	hai
942	0.000384810867087847	0.745293940477759	aih
943	0.000384810867087847	0.745678751344847	oon
944	0.000384810867087847	0.746063562211935	rli
945	0.000384810867087847	0.746448373079023	sai
946	0.000384810867087847	0.746833183946111	uit
947	0.000384810867087847	0.747217994813199	rua
948	0.000384810867087847	0.747602805680286	odt
949	0.000384448862509213	0.747987254542796	sao
950	0.000384448862509213	0.748371703405305	rtn
951	0.000384086857930579	0.748755790263235	odi
952	0.000384086857930579	0.749139877121166	irt
953	0.000384086857930579	0.749523963979097	int
954	0.000383724853351945	0.749907688832449	ais
955	0.000383724853351945	0.7502914136858	tlo
956	0.000383724853351945	0.750675138539152	ial
957	0.000383724853351945	0.751058863392504	tis
958	0.000383724853351945	0.751442588245856	rlt
959	0.000383724853351945	0.751826313099208	aau
960	0.000383362848773311	0.752209675947981	rth
961	0.000383362848773311	0.752593038796755	rdt
962	0.000383362848773311	0.752976401645528	iin
963	0.000383000844194677	0.753359402489723	tro
964	0.000383000844194677	0.753742403333917	hot
965	0.000382638839616043	0.754125042173533	naa
966	0.000382638839616043	0.754507681013149	iol
967	0.000382638839616043	0.754890319852765	soa
968	0.000382638839616043	0.755272958692382	oni
969	0.000382638839616043	0.755655597531998	aad
970	0.000382638839616043	0.756038236371614	tou
971	0.00038227683503741	0.756420513206651	ras
972	0.00038227683503741	0.756802790041689	hoi
973	0.000381914830458776	0.757184704872147	rad
974	0.000381914830458776	0.757566619702606	rih
975	0.000381914830458776	0.757948534533065	rhi
976	0.000381914830458776	0.758330449363524	rdo
977	0.000381914830458776	0.758712364193983	rou
978	0.000381914830458776	0.759094279024441	aol
979	0.000381552825880142	0.759475831850322	ttu
980	0.000381552825880142	0.759857384676202	ian
981	0.000381552825880142	0.760238937502082	nao
982	0.000381552825880142	0.760620490327962	iiu
983	0.000381190821301508	0.761001681149263	rst
984	0.000381190821301508	0.761382871970565	ttd
985	0.000381190821301508	0.761764062791866	ooh
986	0.000381190821301508	0.762145253613168	ist
987	0.000380828816722874	0.762526082429891	tda
988	0.000380828816722874	0.762906911246614	hta
989	0.000380828816722874	0.763287740063337	iha
990	0.000380828816722874	0.763668568880059	itd
991	0.00038046681214424	0.764049035692204	oso
992	0.00038046681214424	0.764429502504348	rho
993	0.00038046681214424	0.764809969316492	rna
994	0.000380104807565606	0.765190074124058	rht
995	0.000380104807565606	0.765570178931623	oho
996	0.000380104807565606	0.765950283739189	ihi
997	0.000380104807565606	0.766330388546754	rso
998	0.000380104807565606	0.76671049335432	oui
999	0.000379742802986972	0.767090236157307	iah
1000	0.000379742802986972	0.767469978960294	uao
1001	0.000379742802986972	0.767849721763281	oid
1002	0.000379742802986972	0.768229464566268	ono
1003	0.000379380798408338	0.768608845364676	atr
1004	0.000379380798408338	0.768988226163085	iir
1005	0.000379380798408338	0.769367606961493	aos
1006	0.000379018793829704	0.769746625755323	oou
1007	0.000379018793829704	0.770125644549153	ith
1008	0.000379018793829704	0.770504663342982	ola
1009	0.00037865678925107	0.770883320132233	iad
1010	0.00037865678925107	0.771261976921484	rda
1011	0.00037865678925107	0.771640633710736	oos
1012	0.00037865678925107	0.772019290499987	riu
1013	0.00037865678925107	0.772397947289238	uoo
1014	0.00037865678925107	0.772776604078489	ohi
1015	0.00037865678925107	0.77315526086774	uai
1016	0.000378294784672437	0.773533555652412	aut
1017	0.000378294784672437	0.773911850437085	rin
1018	0.000378294784672437	0.774290145221757	ast
1019	0.000378294784672437	0.77466844000643	ona
1020	0.000378294784672437	0.775046734791102	rau
1021	0.000378294784672437	0.775425029575775	oir
1022	0.000378294784672437	0.775803324360447	ain
1023	0.000377932780093803	0.776181257140541	tua
1024	0.000377932780093803	0.776559189920635	hio
1025	0.000377570775515169	0.77693676069615	aha
1026	0.000377570775515169	0.777314331471665	sto
1027	0.000377570775515169	0.77769190224718	ant
1028	0.000377570775515169	0.778069473022695	rla
1029	0.000377570775515169	0.77844704379821	ton
1030	0.000377570775515169	0.778824614573725	rtr
1031	0.000377570775515169	0.779202185349241	its
1032	0.000377570775515169	0.779579756124756	ath
1033	0.000377208770936535	0.779956964895692	ror
1034	0.000377208770936535	0.780334173666629	til
1035	0.000377208770936535	0.780711382437565	aiu
1036	0.000377208770936535	0.781088591208502	sti
1037	0.000377208770936535	0.781465799979438	tnt
1038	0.000376846766357901	0.781842646745796	iid
1039	0.000376846766357901	0.782219493512154	rro
1040	0.000376484761779267	0.782595978273933	soi
1041	0.000376484761779267	0.782972463035713	oiu
1042	0.000376484761779267	0.783348947797492	tli
1043	0.000376484761779267	0.783725432559271	rtl
1044	0.000376122757200633	0.784101555316472	noi
1045	0.000376122757200633	0.784477678073673	sit
1046	0.000376122757200633	0.784853800830873	isa
1047	0.000376122757200633	0.785229923588074	ari
1048	0.000375760752621999	0.785605684340696	tui
1049	0.000375760752621999	0.785981445093318	rid
1050	0.000375398748043365	0.786356843841361	nai
1051	0.000375398748043365	0.786732242589405	uii
1052	0.000375036743464731	0.787107279332869	nti
1053	0.000375036743464731	0.787482316076334	rtd
1054	0.000374674738886097	0.78785699081522	uia
1055	0.000374674738886097	0.788231665554106	tts
1056	0.000374674738886097	0.788606340292992	oas
1057	0.000374674738886097	0.788981015031878	iar
1058	0.000374674738886097	0.789355689770765	oin
1059	0.000374312734307464	0.789730002505072	rlo
1060	0.000374312734307464	0.790104315239379	noa
1061	0.000374312734307464	0.790478627973687	tin
1062	0.000374312734307464	0.790852940707994	iua
1063	0.000374312734307464	0.791227253442302	asa
1064	0.00037395072972883	0.791601204172031	tan
1065	0.00037395072972883	0.791975154901759	roh
1066	0.00037395072972883	0.792349105631488	tni
1067	0.000373588725150196	0.792722694356638	rnt
1068	0.000373588725150196	0.793096283081788	otn
1069	0.000373588725150196	0.793469871806939	rdi
1070	0.000373588725150196	0.793843460532089	ats
1071	0.000373588725150196	0.794217049257239	hoa
1072	0.000373588725150196	0.794590637982389	ran
1073	0.000373226720571562	0.794963864702961	ion
1074	0.000373226720571562	0.795337091423532	rra
1075	0.000372864715992928	0.795709956139525	ioh
1076	0.000372502711414294	0.796082458850939	otl
1077	0.000372502711414294	0.796454961562354	aht
1078	0.000372502711414294	0.796827464273768	oih
1079	0.00037214070683566	0.797199604980604	otu
1080	0.00037214070683566	0.797571745687439	sia
1081	0.00037214070683566	0.797943886394275	thi
1082	0.00037214070683566	0.798316027101111	saa
1083	0.00037214070683566	0.798688167807946	aui
1084	0.000371778702257026	0.799059946510203	nia
1085	0.000371778702257026	0.79943172521246	ila
1086	0.000371778702257026	0.799803503914717	rar
1087	0.000371416697678392	0.800174920612396	ado
1088	0.000371054693099758	0.800545975305496	olt
1089	0.000370692688521124	0.800916667994017	adi
1090	0.000370692688521124	0.801287360682538	itn
1091	0.000370330683942491	0.80165769136648	olo
1092	0.000369968679363857	0.802027660045844	aro
1093	0.000369968679363857	0.802397628725208	lsn
1094	0.000369606674785223	0.802767235399993	tla
1095	0.000369606674785223	0.803136842074779	oor
1096	0.000369244670206589	0.803506086744985	uat
1097	0.000369244670206589	0.803875331415192	iui
1098	0.000368520661049321	0.804243852076241	ldu
1099	0.000368520661049321	0.80461237273729	tst
1100	0.000368520661049321	0.80498089339834	hit
1101	0.000368520661049321	0.805349414059389	dnh
1102	0.000368158656470687	0.80571757271586	ool
1103	0.000367434647313419	0.806085007363173	aar
1104	0.000367434647313419	0.806452442010486	ood
1105	0.000367434647313419	0.8068198766578	ano
1106	0.000367072642734785	0.807186949300535	tor
1107	0.000366710638156151	0.807553659938691	tih
1108	0.000366348633577518	0.807920008572268	tod
1109	0.000365986628998884	0.808285995201267	tas
1110	0.000365986628998884	0.808651981830266	osi
1111	0.00036562462442025	0.809017606454686	ini
1112	0.000364900615262982	0.809382507069949	nta
1113	0.000364900615262982	0.809747407685212	drn
1114	0.000364538610684348	0.810111946295897	lss
1115	0.00036381460152708	0.810475760897424	aan
1116	0.000363452596948446	0.810839213494372	htt
1117	0.000361642574055277	0.811200856068427	atn
1118	0.000361642574055277	0.811562498642483	alt
1119	0.000360556560319375	0.811923055202802	dur
1120	0.000360556560319375	0.812283611763121	tdi
1121	0.000360194555740741	0.812643806318862	lhh
1122	0.000359108542004839	0.813002914860867	ril
1123	0.000358384532847571	0.813361299393715	lds
1124	0.000357660523690304	0.813718959917405	dhl
1125	0.000356574509954402	0.814075534427359	lrr
1126	0.000356212505375768	0.814431746932735	lnn
1127	0.000355850500797134	0.814787597433532	lhs
1128	0.000355126491639866	0.815142723925172	uti
1129	0.000355126491639866	0.815497850416812	tir
1130	0.000353316468746697	0.815851166885559	duh
1131	0.000351868450432161	0.816203035335991	dss
1132	0.000351506445853527	0.816554541781844	drh
1133	0.000351144441274893	0.816905686223119	sio
1134	0.000350782436696259	0.817256468659815	lul
1135	0.000350420432117625	0.817606889091933	dhd
1136	0.000350420432117625	0.817957309524051	ldr
1137	0.000350058427538992	0.81830736795159	lsl
1138	0.000349696422960358	0.81865706437455	dlu
1139	0.000349696422960358	0.81900676079751	ldn
1140	0.000349334418381724	0.819356095215892	llr
1141	0.000349334418381724	0.819705429634274	lsh
1142	0.00034897241380309	0.820054402048077	tsi
1143	0.00034897241380309	0.82040337446188	ttl
1144	0.000348610409224456	0.820751984871104	dls
1145	0.000348248404645822	0.82110023327575	ddn
1146	0.000348248404645822	0.821448481680396	ldl
1147	0.000347524395488554	0.821796006075885	dlh
1148	0.00034716239090992	0.822143168466795	lhr
1149	0.00034716239090992	0.822490330857705	lnl
1150	0.00034716239090992	0.822837493248614	lls
1151	0.000346076377174018	0.823183569625788	dud
1152	0.000346076377174018	0.823529646002962	llh
1153	0.000346076377174018	0.823875722380136	lrs
1154	0.000346076377174018	0.82422179875731	dlr
1155	0.000346076377174018	0.824567875134484	ddd
1156	0.000346076377174018	0.824913951511658	dds
1157	0.000345714372595385	0.825259665884254	drs
1158	0.000345714372595385	0.825605380256849	dsd
1159	0.000345352368016751	0.825950732624866	lnu
1160	0.000345352368016751	0.826296084992883	lns
1161	0.000344990363438117	0.826641075356321	dnn
1162	0.000343904349702215	0.826984979706023	dul
1163	0.000343904349702215	0.827328884055725	lll
1164	0.000343904349702215	0.827672788405427	dns
1165	0.000343542345123581	0.828016330750551	lld
1166	0.000343542345123581	0.828359873095675	luu
1167	0.000343180340544947	0.82870305343622	dru
1168	0.000342818335966313	0.829045871772186	lsu
1169	0.000342456331387679	0.829388328103573	dhs
1170	0.000342094326809045	0.829730422430383	dsn
1171	0.000341370317651778	0.830071792748034	lhl
1172	0.000341370317651778	0.830413163065686	dnl
1173	0.00034064630849451	0.830753809374181	lhd
1174	0.00034064630849451	0.831094455682675	lrh
1175	0.000340284303915876	0.831434739986591	ldh
1176	0.000339922299337242	0.831774662285928	lus
1177	0.000339198290179974	0.832113860576108	lhn
1178	0.000338112276444072	0.832451972852552	ldd
1179	0.000338112276444072	0.832790085128996	dhr
1180	0.000337750271865439	0.833127835400862	dhn
1181	0.000337026262708171	0.83346486166357	lun
1182	0.000336664258129537	0.833801525921699	dnd
1183	0.000336302253550903	0.83413782817525	dus
1184	0.000336302253550903	0.834474130428801	dnr
1185	0.000336302253550903	0.834810432682352	lln
1186	0.000336302253550903	0.835146734935903	lur
1187	0.000336302253550903	0.835483037189454	dsl
1188	0.000335940248972269	0.835818977438426	ddh
1189	0.000335940248972269	0.836154917687398	lsd
1190	0.000335578244393635	0.836490495931792	dsh
1191	0.000334854235236367	0.836825350167028	lhu
1192	0.000334492230657733	0.837159842397686	lrl
1193	0.000334492230657733	0.837494334628344	duu
1194	0.000334130226079099	0.837828464854423	dhh
1195	0.000333768221500466	0.838162233075923	luh
1196	0.000333768221500466	0.838496001297424	drr
1197	0.000333768221500466	0.838829769518924	lnh
1198	0.000333406216921832	0.839163175735846	lnd
1199	0.000333406216921832	0.839496581952768	lrd
1200	0.000333406216921832	0.83982998816969	lnr
1201	0.000333044212343198	0.840163032382033	lsr
1202	0.00033232020318593	0.840495352585219	dll
1203	0.000331958198607296	0.840827310783826	llu
1204	0.000331596194028662	0.841158906977855	dnu
1205	0.000331234189450028	0.841490141167305	lud
1206	0.000329062161978225	0.841819203329283	lru
1207	0.000328700157399591	0.842147903486683	ddl
1208	0.000328338152820957	0.842476241639504	dhu
1209	0.000326890134506421	0.84280313177401	dln
1210	0.000326890134506421	0.843130021908516	dun
1211	0.000326528129927787	0.843456550038444	drd
1212	0.000325080111613252	0.843781630150057	dld
1213	0.000324718107034618	0.844106348257092	lrn
1214	0.000323632093298716	0.844429980350391	ddu
1215	0.000323270088720082	0.844753250439111	drl
1216	0.000322908084141448	0.845076158523252	dsr
1217	0.000320374052091011	0.845396532575343	dsu
1218	0.00031566799256877	0.845712200567912	ddr
1219	0.000284535598806254	0.845996736166718	niu
1220	0.000282725575913084	0.846279461742632	nal
1221	0.000282001566755816	0.846561463309387	iru
1222	0.000280191543862647	0.84684165485325	rus
1223	0.000278381520969477	0.84712003637422	hal
1224	0.000278019516390843	0.84739805589061	ndi
1225	0.000277295507233576	0.847675351397844	iul
1226	0.000276571498076308	0.84795192289592	nih
1227	0.00027584748891904	0.848227770384839	idh
1228	0.000275485484340406	0.84850325586918	sut
1229	0.000275485484340406	0.84877874135352	ald
1230	0.000275485484340406	0.849054226837861	osn
1231	0.000275123479761772	0.849329350317622	nda
1232	0.000275123479761772	0.849604473797384	ahu
1233	0.000274761475183138	0.849879235272567	anu
1234	0.000274399470604504	0.850153634743172	ntn
1235	0.000274399470604504	0.850428034213776	rhr
1236	0.00027403746602587	0.850702071679802	sla
1237	0.00027403746602587	0.850976109145828	trr
1238	0.000273675461447236	0.851249784607275	tnh
1239	0.000273675461447236	0.851523460068722	uil
1240	0.000273313456868602	0.851796773525591	ihh
1241	0.000273313456868602	0.85207008698246	rdn
1242	0.000273313456868602	0.852343400439328	rll
1243	0.000273313456868602	0.852616713896197	tns
1244	0.000273313456868602	0.852890027353066	hut
1245	0.000272951452289969	0.853162978805356	uua
1246	0.000272951452289969	0.853435930257646	str
1247	0.000272589447711335	0.853708519705357	isd
1248	0.000271503433975433	0.853980023139332	hir
1249	0.000271141429396799	0.854251164568729	rsl
1250	0.000271141429396799	0.854522305998126	ann
1251	0.000271141429396799	0.854793447427523	ntr
1252	0.000271141429396799	0.855064588856919	sih
1253	0.000270779424818165	0.855335368281738	hla
1254	0.000270779424818165	0.855606147706556	ash
1255	0.000270417420239531	0.855876565126795	inn
1256	0.000270417420239531	0.856146982547035	nua
1257	0.000270417420239531	0.856417399967274	tru
1258	0.000270417420239531	0.856687817387514	hah
1259	0.000270055415660897	0.856957872803174	ohu
1260	0.000270055415660897	0.857227928218835	thn
1261	0.000270055415660897	0.857497983634496	sda
1262	0.000270055415660897	0.857768039050157	stu
1263	0.000269693411082263	0.85803773246124	hon
1264	0.000269693411082263	0.858307425872322	rdl
1265	0.000269331406503629	0.858576757278826	uso
1266	0.000269331406503629	0.858846088685329	sir
1267	0.000269331406503629	0.859115420091833	rur
1268	0.000269331406503629	0.859384751498336	onu
1269	0.000269331406503629	0.85965408290484	rnn
1270	0.000269331406503629	0.859923414311344	hht
1271	0.000268969401924996	0.860192383713269	rhu
1272	0.000268969401924996	0.860461353115194	snt
1273	0.000268969401924996	0.860730322517119	sil
1274	0.000268607397346362	0.860998929914465	olh
1275	0.000268607397346362	0.861267537311811	utr
1276	0.000268607397346362	0.861536144709158	nad
1277	0.000268607397346362	0.861804752106504	asd
1278	0.000268607397346362	0.862073359503851	osu
1279	0.000268245392767728	0.862341604896618	onr
1280	0.000268245392767728	0.862609850289386	nnt
1281	0.000268245392767728	0.862878095682154	hin
1282	0.000267883388189094	0.863145979070343	ohs
1283	0.000267883388189094	0.863413862458532	nar
1284	0.000267883388189094	0.863681745846721	har
1285	0.000267883388189094	0.86394962923491	odu
1286	0.000267883388189094	0.864217512623099	tlr
1287	0.000267883388189094	0.864485396011288	ntu
1288	0.00026752138361046	0.864752917394898	nid
1289	0.00026752138361046	0.865020438778509	inr
1290	0.00026752138361046	0.865287960162119	nlo
1291	0.00026752138361046	0.86555548154573	sso
1292	0.00026752138361046	0.86582300292934	sor
1293	0.000267159379031826	0.866090162308372	ans
1294	0.000267159379031826	0.866357321687404	tdl
1295	0.000267159379031826	0.866624481066436	nol
1296	0.000267159379031826	0.866891640445468	oll
1297	0.000267159379031826	0.8671587998245	trh
1298	0.000267159379031826	0.867425959203531	htd
1299	0.000267159379031826	0.867693118582563	sro
1300	0.000267159379031826	0.867960277961595	trs
1301	0.000266797374453192	0.868227075336048	iur
1302	0.000266797374453192	0.868493872710502	adn
1303	0.000266797374453192	0.868760670084955	odh
1304	0.000266797374453192	0.869027467459408	han
1305	0.000266435369874558	0.869293902829283	ish
1306	0.000266435369874558	0.869560338199157	tdd
1307	0.000266435369874558	0.869826773569032	odn
1308	0.000266435369874558	0.870093208938906	hro
1309	0.000266073365295924	0.870359282304202	ual
1310	0.000266073365295924	0.870625355669498	isn
1311	0.000266073365295924	0.870891429034794	ndo
1312	0.000266073365295924	0.87115750240009	nro
1313	0.000266073365295924	0.871423575765386	sar
1314	0.000266073365295924	0.871689649130682	oud
1315	0.000266073365295924	0.871955722495978	ars
1316	0.00026571136071729	0.872221433856695	ssi
1317	0.00026571136071729	0.872487145217413	utn
1318	0.00026571136071729	0.87275285657813	nso
1319	0.00026571136071729	0.873018567938847	aln
1320	0.00026571136071729	0.873284279299564	ohn
1321	0.00026571136071729	0.873549990660282	rls
1322	0.00026571136071729	0.873815702020999	idn
1323	0.00026571136071729	0.874081413381716	tdh
1324	0.00026571136071729	0.874347124742434	ihu
1325	0.00026571136071729	0.874612836103151	old
1326	0.000265349356138656	0.87487818545929	ihl
1327	0.000265349356138656	0.875143534815428	hso
1328	0.000265349356138656	0.875408884171567	tnr
1329	0.000265349356138656	0.875674233527705	non
1330	0.000265349356138656	0.875939582883844	ihn
1331	0.000264987351560023	0.876204570235404	rsd
1332	0.000264987351560023	0.876469557586964	ahr
1333	0.000264987351560023	0.876734544938524	anh
1334	0.000264987351560023	0.876999532290084	ahl
1335	0.000264987351560023	0.877264519641644	sha
1336	0.000264625346981389	0.877529144988625	isr
1337	0.000264625346981389	0.877793770335607	siu
1338	0.000264625346981389	0.878058395682588	oun
1339	0.000264625346981389	0.878323021029569	thd
1340	0.000264625346981389	0.878587646376551	hlo
1341	0.000264263342402755	0.878851909718954	sho
1342	0.000264263342402755	0.879116173061356	uuo
1343	0.000264263342402755	0.879380436403759	tuh
1344	0.000264263342402755	0.879644699746162	tun
1345	0.000264263342402755	0.879908963088564	rnh
1346	0.000263901337824121	0.880172864426389	ord
1347	0.000263901337824121	0.880436765764213	rrl
1348	0.000263901337824121	0.880700667102037	rhl
1349	0.000263539333245487	0.880964206435282	tsu
1350	0.000263539333245487	0.881227745768528	oss
1351	0.000263539333245487	0.881491285101773	sos
1352	0.000263539333245487	0.881754824435019	ihs
1353	0.000263539333245487	0.882018363768264	osl
1354	0.000263539333245487	0.88228190310151	rrs
1355	0.000263177328666853	0.882545080430177	hlt
1356	0.000263177328666853	0.882808257758844	nst
1357	0.000263177328666853	0.883071435087511	soh
1358	0.000262815324088219	0.883334250411599	tsh
1359	0.000262815324088219	0.883597065735687	sad
1360	0.000262815324088219	0.883859881059775	usi
1361	0.000262815324088219	0.884122696383864	auh
1362	0.000262815324088219	0.884385511707952	aru
1363	0.000262453319509585	0.884647965027461	arl
1364	0.000262453319509585	0.884910418346971	uih
1365	0.000262453319509585	0.885172871666481	nir
1366	0.000262453319509585	0.88543532498599	sdt
1367	0.000262453319509585	0.8856977783055	ouh
1368	0.000262453319509585	0.885960231625009	uni
1369	0.000262453319509585	0.886222684944519	aus
1370	0.000262453319509585	0.886485138264028	ill
1371	0.000262091314930951	0.886747229578959	sdi
1372	0.000262091314930951	0.88700932089389	sra
1373	0.000262091314930951	0.887271412208821	rrn
1374	0.000262091314930951	0.887533503523752	aun
1375	0.000262091314930951	0.887795594838683	als
1376	0.000262091314930951	0.888057686153614	ths
1377	0.000262091314930951	0.888319777468545	nra
1378	0.000261729310352317	0.888581506778897	uan
1379	0.000261729310352317	0.88884323608925	thh
1380	0.000261729310352317	0.889104965399602	stl
1381	0.000261367305773683	0.889366332705375	ild
1382	0.000261367305773683	0.889627700011149	arh
1383	0.000261367305773683	0.889889067316923	slt
1384	0.000261367305773683	0.890150434622696	tds
1385	0.00026100530119505	0.890411439923891	rsu
1386	0.00026100530119505	0.890672445225087	ruu
1387	0.00026100530119505	0.890933450526282	inl
1388	0.00026100530119505	0.891194455827477	rdh
1389	0.00026100530119505	0.891455461128672	rhs
1390	0.00026100530119505	0.891716466429867	hhi
1391	0.00026100530119505	0.891977471731062	nli
1392	0.00026100530119505	0.892238477032257	rnu
1393	0.00026100530119505	0.892499482333452	and
1394	0.00026100530119505	0.892760487634647	tld
1395	0.00026100530119505	0.893021492935843	hha
1396	0.000260643296616416	0.893282136232459	adr
1397	0.000260643296616416	0.893542779529075	thl
1398	0.000260643296616416	0.893803422825692	hil
1399	0.000260643296616416	0.894064066122308	orh
1400	0.000260643296616416	0.894324709418925	uli
1401	0.000260643296616416	0.894585352715541	irr
1402	0.000260643296616416	0.894845996012158	nho
1403	0.000260281292037782	0.895106277304196	osh
1404	0.000260281292037782	0.895366558596233	ohd
1405	0.000260281292037782	0.895626839888271	ahh
1406	0.000260281292037782	0.895887121180309	hih
1407	0.000260281292037782	0.896147402472347	sno
1408	0.000260281292037782	0.896407683764385	hno
1409	0.000260281292037782	0.896667965056422	oul
1410	0.000260281292037782	0.89692824634846	ust
1411	0.000260281292037782	0.897188527640498	uos
1412	0.000260281292037782	0.897448808932536	tnn
1413	0.000260281292037782	0.897709090224574	ilh
1414	0.000260281292037782	0.897969371516611	hst
1415	0.000259919287459148	0.898229290804071	sid
1416	0.000259919287459148	0.89848921009153	ntl
1417	0.000259919287459148	0.898749129378989	nin
1418	0.000259919287459148	0.899009048666448	rdd
1419	0.000259919287459148	0.899268967953907	son
1420	0.000259919287459148	0.899528887241366	anr
1421	0.000259919287459148	0.899788806528826	rlu
1422	0.000259557282880514	0.900048363811706	htr
1423	0.000259557282880514	0.900307921094587	htu
1424	0.000259557282880514	0.900567478377467	oln
1425	0.000259557282880514	0.900827035660348	iun
1426	0.000259557282880514	0.901086592943228	ntd
1427	0.000259557282880514	0.901346150226109	asn
1428	0.000259557282880514	0.901605707508989	nut
1429	0.000259557282880514	0.90186526479187	tul
1430	0.000259557282880514	0.90212482207475	ods
1431	0.000259557282880514	0.902384379357631	nla
1432	0.00025919527830188	0.902643574635933	nou
1433	0.00025919527830188	0.902902769914235	tln
1434	0.00025919527830188	0.903161965192536	sol
1435	0.00025919527830188	0.903421160470838	hrt
1436	0.00025919527830188	0.90368035574914	onh
1437	0.00025919527830188	0.903939551027442	hli
1438	0.000258833273723246	0.904198384301165	rsn
1439	0.000258833273723246	0.904457217574889	uts
1440	0.000258833273723246	0.904716050848612	uah
1441	0.000258471269144612	0.904974522117756	rns
1442	0.000258471269144612	0.905232993386901	sri
1443	0.000258471269144612	0.905491464656045	rnr
1444	0.000258471269144612	0.90574993592519	uon
1445	0.000258471269144612	0.906008407194335	hdt
1446	0.000258109264565978	0.906266516458901	ult
1447	0.000258109264565978	0.906524625723466	uha
1448	0.000258109264565978	0.906782734988032	rhd
1449	0.000258109264565978	0.907040844252598	irl
1450	0.000258109264565978	0.907298953517164	utl
1451	0.000258109264565978	0.90755706278173	ihd
1452	0.000257747259987344	0.907814810041718	huo
1453	0.000257747259987344	0.908072557301705	trl
1454	0.000257747259987344	0.908330304561692	nlt
1455	0.000257747259987344	0.90858805182168	hth
1456	0.000257747259987344	0.908845799081667	ilu
1457	0.000257747259987344	0.909103546341655	rru
1458	0.000257747259987344	0.909361293601642	sau
1459	0.000257747259987344	0.909619040861629	nsi
1460	0.000257747259987344	0.909876788121617	sod
1461	0.000257747259987344	0.910134535381604	nah
1462	0.000257747259987344	0.910392282641592	sas
1463	0.00025738525540871	0.910649667897	asu
1464	0.00025738525540871	0.910907053152409	ils
1465	0.00025738525540871	0.911164438407818	ads
1466	0.00025738525540871	0.911421823663227	sht
1467	0.00025738525540871	0.911679208918635	iuu
1468	0.000257023250830076	0.911936232169465	uho
1469	0.000257023250830076	0.912193255420296	tur
1470	0.000257023250830076	0.912450278671126	auu
1471	0.000257023250830076	0.912707301921956	hdo
1472	0.000257023250830076	0.912964325172786	rdr
1473	0.000257023250830076	0.913221348423616	hid
1474	0.000257023250830076	0.913478371674446	tnl
1475	0.000257023250830076	0.913735394925276	uiu
1476	0.000257023250830076	0.913992418176106	irs
1477	0.000257023250830076	0.914249441426936	uad
1478	0.000257023250830076	0.914506464677766	nha
1479	0.000257023250830076	0.914763487928597	tls
1480	0.000257023250830076	0.915020511179427	nts
1481	0.000256661246251443	0.915277172425678	ahs
1482	0.000256661246251443	0.91553383367193	ols
1483	0.000256661246251443	0.915790494918181	sdo
1484	0.000256661246251443	0.916047156164432	add
1485	0.000256661246251443	0.916303817410684	aud
1486	0.000256661246251443	0.916560478656935	ohl
1487	0.000256299241672809	0.916816777898608	hui
1488	0.000256299241672809	0.917073077140281	ird
1489	0.000256299241672809	0.917329376381954	all
1490	0.000256299241672809	0.917585675623627	hri
1491	0.000256299241672809	0.917841974865299	ruh
1492	0.000256299241672809	0.918098274106972	alr
1493	0.000255937237094175	0.918354211344066	alh
1494	0.000255937237094175	0.918610148581161	uod
1495	0.000255937237094175	0.918866085818255	uda
1496	0.000255937237094175	0.919122023055349	tss
1497	0.000255937237094175	0.919377960292443	ons
1498	0.000255575232515541	0.919633535524959	hou
1499	0.000255575232515541	0.919889110757474	olr
1500	0.000255575232515541	0.92014468598999	tsn
1501	0.000255213227936907	0.920399899217926	inu
1502	0.000255213227936907	0.920655112445863	rrh
1503	0.000255213227936907	0.9209103256738	san
1504	0.000255213227936907	0.921165538901737	rds
1505	0.000255213227936907	0.921420752129674	rsr
1506	0.000254851223358273	0.921675603353032	slo
1507	0.000254851223358273	0.92193045457639	uoh
1508	0.000254851223358273	0.922185305799749	ass
1509	0.000254851223358273	0.922440157023107	hsa
1510	0.000254851223358273	0.922695008246465	ouu
1511	0.000254851223358273	0.922949859469823	sli
1512	0.000254851223358273	0.923204710693181	irh
1513	0.000254851223358273	0.92345956191654	nuo
1514	0.000254489218779639	0.923714051135319	adh
1515	0.000254489218779639	0.923968540354099	ins
1516	0.000254489218779639	0.924223029572879	tud
1517	0.000254489218779639	0.924477518791658	hra
1518	0.000254127214201005	0.924731646005859	tnu
1519	0.000254127214201005	0.92498577322006	hsi
1520	0.000253765209622371	0.925239538429683	uri
1521	0.000253765209622371	0.925493303639305	uin
1522	0.000253765209622371	0.925747068848928	nod
1523	0.000253765209622371	0.92600083405855	sal
1524	0.000253403205043737	0.926254237263594	orr
1525	0.000253403205043737	0.926507640468638	ssa
1526	0.000253403205043737	0.926761043673681	rln
1527	0.000253041200465103	0.927014084874146	nno
1528	0.000253041200465103	0.927267126074611	nth
1529	0.000253041200465103	0.927520167275077	asr
1530	0.000253041200465103	0.927773208475542	sui
1531	0.000253041200465103	0.928026249676007	uht
1532	0.000253041200465103	0.928279290876472	nri
1533	0.000253041200465103	0.928532332076937	ula
1534	0.000253041200465103	0.928785373277402	sah
1535	0.000253041200465103	0.929038414477867	uis
1536	0.000253041200465103	0.929291455678332	rlh
1537	0.00025267919588647	0.929544134874219	hoh
1538	0.00025267919588647	0.929796814070105	adu
1539	0.00025267919588647	0.930049493265992	had
1540	0.00025267919588647	0.930302172461878	uor
1541	0.00025267919588647	0.930554851657765	adl
1542	0.000252317191307836	0.930807168849072	hol
1543	0.000252317191307836	0.93105948604038	uui
1544	0.000252317191307836	0.931311803231688	usa
1545	0.000252317191307836	0.931564120422996	htn
1546	0.000252317191307836	0.931816437614304	rrr
1547	0.000251955186729202	0.932068392801033	sin
1548	0.000251955186729202	0.932320347987762	trn
1549	0.000251955186729202	0.932572303174491	hos
1550	0.000251955186729202	0.93282425836122	nui
1551	0.000251955186729202	0.933076213547949	nas
1552	0.000251593182150568	0.9333278067301	hua
1553	0.000251593182150568	0.933579399912251	idl
1554	0.000251593182150568	0.933830993094401	ura
1555	0.000251593182150568	0.934082586276552	nos
1556	0.000251593182150568	0.934334179458702	urt
1557	0.000251593182150568	0.934585772640853	sst
1558	0.000251231177571934	0.934837003818425	tsl
1559	0.000251231177571934	0.935088234995997	nhi
1560	0.000251231177571934	0.935339466173569	tsd
1561	0.000251231177571934	0.935590697351141	sis
1562	0.000251231177571934	0.935841928528713	sth
1563	0.000251231177571934	0.936093159706285	tlu
1564	0.000251231177571934	0.936344390883857	inh
1565	0.000251231177571934	0.936595622061429	rhh
1566	0.000251231177571934	0.936846853239001	hna
1567	0.0002508691729933	0.937097722411994	nor
1568	0.0002508691729933	0.937348591584988	unt
1569	0.0002508691729933	0.937599460757981	rlr
1570	0.0002508691729933	0.937850329930974	suo
1571	0.0002508691729933	0.938101199103967	anl
1572	0.0002508691729933	0.938352068276961	iuh
1573	0.0002508691729933	0.938602937449954	uno
1574	0.000250507168414666	0.938853444618369	iln
1575	0.000250507168414666	0.939103951786784	ors
1576	0.000250507168414666	0.939354458955198	hod
1577	0.000250507168414666	0.939604966123613	idu
1578	0.000250507168414666	0.939855473292028	arr
1579	0.000250507168414666	0.940105980460442	stn
1580	0.000250507168414666	0.940356487628857	una
1581	0.000250145163836032	0.940606632792693	tuu
1582	0.000250145163836032	0.940856777956529	utu
1583	0.000250145163836032	0.941106923120365	ulo
1584	0.000249783159257398	0.941356706279622	hts
1585	0.000249783159257398	0.94160648943888	arn
1586	0.000249783159257398	0.941856272598137	rss
1587	0.000249783159257398	0.942106055757395	sou
1588	0.000249421154678764	0.942355476912073	irn
1589	0.000249421154678764	0.942604898066752	udo
1590	0.000249421154678764	0.942854319221431	shi
1591	0.00024905915010013	0.943103378371531	ndt
1592	0.00024905915010013	0.943352437521631	odr
1593	0.00024905915010013	0.943601496671731	onl
1594	0.00024905915010013	0.943850555821831	has
1595	0.00024905915010013	0.944099614971931	ohr
1596	0.00024905915010013	0.944348674122031	uhi
1597	0.00024905915010013	0.944597733272131	hnt
1598	0.00024905915010013	0.944846792422232	srt
1599	0.000248697145521497	0.945095489567753	rld
1600	0.000248697145521497	0.945344186713274	thu
1601	0.000248697145521497	0.945592883858796	ous
1602	0.000248697145521497	0.945841581004317	trd
1603	0.000248697145521497	0.946090278149839	tdr
1604	0.000248335140942863	0.946338613290782	uut
1605	0.000248335140942863	0.946586948431725	rnl
1606	0.000248335140942863	0.946835283572668	ard
1607	0.000247973136364229	0.947083256709032	run
1608	0.000247973136364229	0.947331229845396	ind
1609	0.000247973136364229	0.94757920298176	iss
1610	0.000247973136364229	0.947827176118125	hiu
1611	0.000247973136364229	0.948075149254489	hho
1612	0.000247973136364229	0.948323122390853	tnd
1613	0.000247973136364229	0.948571095527217	onn
1614	0.000247611131785595	0.948818706659003	tdn
1615	0.000247611131785595	0.949066317790789	ahn
1616	0.000247611131785595	0.949313928922574	his
1617	0.000247611131785595	0.94956154005436	nna
1618	0.000247249127206961	0.949808789181567	our
1619	0.000247249127206961	0.950056038308774	hau
1620	0.000246887122628327	0.950302925431402	iud
1621	0.000246887122628327	0.95054981255403	udi
1622	0.000246525118049693	0.95079633767208	osd
1623	0.000246525118049693	0.95104286279013	sna
1624	0.000246525118049693	0.95128938790818	oru
1625	0.000246525118049693	0.951535913026229	tdu
1626	0.000246525118049693	0.951782438144279	sua
1627	0.000246163113471059	0.95202860125775	uth
1628	0.000246163113471059	0.952274764371221	thr
1629	0.000246163113471059	0.952520927484692	aur
1630	0.000246163113471059	0.952767090598163	uid
1631	0.000246163113471059	0.953013253711634	idd
1632	0.000246163113471059	0.953259416825105	ahd
1633	0.000245801108892425	0.953505217933997	ond
1634	0.000245801108892425	0.95375101904289	odd
1635	0.000245801108892425	0.953996820151782	hdi
1636	0.000245801108892425	0.954242621260675	nau
1637	0.000245801108892425	0.954488422369567	uas
1638	0.000245439104313791	0.954733861473881	rul
1639	0.000245439104313791	0.954979300578194	sts
1640	0.000245077099735157	0.95522437767793	nil
1641	0.000245077099735157	0.955469454777665	osr
1642	0.000245077099735157	0.9557145318774	tsr
1643	0.000245077099735157	0.955959608977135	uol
1644	0.000245077099735157	0.95620468607687	hda
1645	0.000245077099735157	0.956449763176606	tus
1646	0.000244715095156524	0.956694478271762	nni
1647	0.000244715095156524	0.956939193366919	uir
1648	0.00024435309057789	0.957183546457497	noh
1649	0.000243991085999256	0.957427537543496	utd
1650	0.000243991085999256	0.957671528629495	odl
1651	0.000242905072263354	0.957914433701759	nsa
1652	0.000242905072263354	0.958157338774022	nis
1653	0.000242905072263354	0.958400243846285	asl
1654	0.000242905072263354	0.958643148918549	htl
1655	0.00024254306768472	0.958885691986233	olu
1656	0.00024254306768472	0.959128235053918	ihr
1657	0.00024254306768472	0.959370778121603	nht
1658	0.00024254306768472	0.959613321189287	uro
1659	0.00024254306768472	0.959855864256972	idr
1660	0.000242181063106086	0.960098045320078	isl
1661	0.000242181063106086	0.960340226383184	std
1662	0.000242181063106086	0.96058240744629	ius
1663	0.000242181063106086	0.960824588509396	isu
1664	0.000241819058527452	0.961066407567924	orl
1665	0.000241819058527452	0.961308226626451	tlh
1666	0.000241457053948818	0.9615496836804	hor
1667	0.000241457053948818	0.961791140734349	aul
1668	0.000240371040212917	0.962031511774562	hni
1669	0.000240009035634283	0.962271520810196	nrt
1670	0.000240009035634283	0.962511529845831	alu
1671	0.000240009035634283	0.962751538881465	rud
1672	0.000238561017319747	0.962990099898785	rsh
1673	0.000238199012741113	0.963228298911526	rdu
1674	0.000238199012741113	0.963466497924267	uar
1675	0.000237837008162479	0.963704334932429	ilr
1676	0.000237475003583845	0.963941809936013	uou
1677	0.000237475003583845	0.964179284939597	ids
1678	0.000237475003583845	0.964416759943181	uau
1679	0.000237112999005211	0.964653872942186	rhn
1680	0.000237112999005211	0.964890985941191	rrd
1681	0.000236388989847944	0.965127374931039	orn
1682	0.00023602698526931	0.965363401916308	udt
1683	0.000235302976112042	0.965598704892421	sni
1684	0.000235302976112042	0.965834007868533	ohh
1685	0.000235302976112042	0.966069310844645	nan
1686	0.00023421696237614	0.966303527807021	tll
1687	0.000233492953218872	0.96653702076024	rnd
1688	0.000194034454147776	0.966731055214387	ull
1689	0.000192948440411874	0.966924003654799	nsd
1690	0.000187518371732366	0.967111522026532	sdl
1691	0.000186794362575098	0.967298316389107	udr
1692	0.000186432357996464	0.967484748747103	hnr
1693	0.000184984339681928	0.967669733086785	sdn
1694	0.000184984339681928	0.967854717426467	usl
1695	0.00018426033052466	0.968038977756992	hdl
1696	0.00018426033052466	0.968223238087516	snu
1697	0.00018426033052466	0.968407498418041	nrr
1698	0.00018426033052466	0.968591758748566	hhu
1699	0.000183536321367393	0.968775295069933	huu
1700	0.000183536321367393	0.9689588313913	uhu
1701	0.000182812312210125	0.969141643703511	ndl
1702	0.000182450307631491	0.969324094011142	uln
1703	0.000182450307631491	0.969506544318774	uhs
1704	0.000182450307631491	0.969688994626405	nul
1705	0.000182088303052857	0.969871082929458	hur
1706	0.000182088303052857	0.970053171232511	urh
1707	0.000181002289316955	0.970234173521828	hhd
1708	0.000180640284738321	0.970414813806566	slr
1709	0.000180640284738321	0.970595454091304	ulh
1710	0.000180640284738321	0.970776094376043	udn
1711	0.000180640284738321	0.970956734660781	ssr
1712	0.000180278280159687	0.971137012940941	urs
1713	0.000180278280159687	0.9713172912211	nns
1714	0.000180278280159687	0.97149756950126	sdu
1715	0.000180278280159687	0.97167784778142	sun
1716	0.000179916275581054	0.971857764057001	hrr
1717	0.00017955427100242	0.972037318328003	hnn
1718	0.000179192266423786	0.972216510594427	hdu
1719	0.000179192266423786	0.972395702860851	shh
1720	0.000178830261845152	0.972574533122696	sur
1721	0.000178468257266518	0.972753001379962	hnh
1722	0.000178468257266518	0.972931469637229	uss
1723	0.000178106252687884	0.973109575889917	nhs
1724	0.000178106252687884	0.973287682142605	uds
1725	0.000178106252687884	0.973465788395293	hlh
1726	0.00017774424810925	0.973643532643402	hnl
1727	0.00017774424810925	0.973821276891511	hdr
1728	0.00017774424810925	0.97399902113962	url
1729	0.00017774424810925	0.97417676538773	ush
1730	0.00017774424810925	0.974354509635839	nls
1731	0.000177382243530616	0.974531891879369	sll
1732	0.000177382243530616	0.9747092741229	hsu
1733	0.000177020238951982	0.974886294361852	urn
1734	0.000176658234373348	0.975062952596225	uld
1735	0.000176658234373348	0.975239610830599	nnn
1736	0.000176296229794714	0.975415907060393	nll
1737	0.000175934225216081	0.975591841285609	hsd
1738	0.000175934225216081	0.975767775510825	hnu
1739	0.000175572220637447	0.975943347731463	urd
1740	0.000175210216058813	0.976118557947522	nhr
1741	0.000175210216058813	0.976293768163581	shn
1742	0.000175210216058813	0.976468978379639	hdh
1743	0.000174848211480179	0.97664382659112	hrd
1744	0.000174848211480179	0.9768186748026	slu
1745	0.000174848211480179	0.97699352301408	hud
1746	0.000174848211480179	0.97716837122556	hld
1747	0.000174848211480179	0.97734321943704	huh
1748	0.000174486206901545	0.977517705643942	hul
1749	0.000174124202322911	0.977691829846265	udu
1750	0.000174124202322911	0.977865954048588	srr
1751	0.000173762197744277	0.978039716246332	hlu
1752	0.000173762197744277	0.978213478444076	nnd
1753	0.000173762197744277	0.97838724064182	uhl
1754	0.000173762197744277	0.978561002839564	srh
1755	0.000173400193165643	0.97873440303273	nud
1756	0.000173400193165643	0.978907803225896	sru
1757	0.000173400193165643	0.979081203419062	hrh
1758	0.000173400193165643	0.979254603612227	udd
1759	0.000173038188587009	0.979427641800814	uhd
1760	0.000173038188587009	0.979600679989401	nru
1761	0.000173038188587009	0.979773718177988	hss
1762	0.000172676184008375	0.979946394361997	hls
1763	0.000172676184008375	0.980119070546005	snl
1764	0.000172676184008375	0.980291746730014	sld
1765	0.000172676184008375	0.980464422914022	shd
1766	0.000172676184008375	0.98063709909803	nrl
1767	0.000172314179429741	0.98080941327746	nur
1768	0.000172314179429741	0.98098172745689	ulu
1769	0.000172314179429741	0.98115404163632	nuu
1770	0.000172314179429741	0.981326355815749	shs
1771	0.000172314179429741	0.981498669995179	hrl
1772	0.000171952174851108	0.98167062217003	nhh
1773	0.000171952174851108	0.981842574344881	nsr
1774	0.000171952174851108	0.982014526519733	sdh
1775	0.000171952174851108	0.982186478694584	usd
1776	0.000171952174851108	0.982358430869435	ssn
1777	0.000171952174851108	0.982530383044286	hhs
1778	0.000171590170272474	0.982701973214558	uuu
1779	0.000171590170272474	0.982873563384831	sud
1780	0.00017122816569384	0.983044791550525	hln
1781	0.00017122816569384	0.983216019716218	hrn
1782	0.00017122816569384	0.983387247881912	uuh
1783	0.000170866161115206	0.983558114043027	uhn
1784	0.000170866161115206	0.983728980204143	srn
1785	0.000170866161115206	0.983899846365258	nhd
1786	0.000170866161115206	0.984070712526373	nnh
1787	0.000170504156536572	0.984241216682909	nlh
1788	0.000170504156536572	0.984411720839446	ndn
1789	0.000170142151957938	0.984581862991404	snd
1790	0.000170142151957938	0.984752005143362	hsh
1791	0.000170142151957938	0.98492214729532	nln
1792	0.000170142151957938	0.985092289447278	nnu
1793	0.000170142151957938	0.985262431599236	ndr
1794	0.000170142151957938	0.985432573751194	udh
1795	0.000169780147379304	0.985602353898573	uud
1796	0.000169780147379304	0.985772134045953	nrn
1797	0.000169780147379304	0.985941914193332	und
1798	0.000169780147379304	0.986111694340711	nnr
1799	0.00016941814280067	0.986281112483512	hll
1800	0.00016941814280067	0.986450530626313	hnd
1801	0.00016941814280067	0.986619948769113	sls
1802	0.00016941814280067	0.986789366911914	hhl
1803	0.00016941814280067	0.986958785054715	nhu
1804	0.00016941814280067	0.987128203197515	sln
1805	0.00016941814280067	0.987297621340316	uns
1806	0.00016941814280067	0.987467039483117	hsl
1807	0.000169056138222036	0.987636095621339	nrs
1808	0.000169056138222036	0.987805151759561	snr
1809	0.000169056138222036	0.987974207897783	hdn
1810	0.000168694133643402	0.988142902031426	ndh
1811	0.000168694133643402	0.98831159616507	hsr
1812	0.000168694133643402	0.988480290298713	usu
1813	0.000168694133643402	0.988648984432356	hun
1814	0.000168694133643402	0.988817678566	sus
1815	0.000168694133643402	0.988986372699643	nsn
1816	0.000167970124486134	0.989154342824129	nss
1817	0.000167970124486134	0.989322312948616	nus
1818	0.000167608119907501	0.989489921068523	nrh
1819	0.000167608119907501	0.98965752918843	usn
1820	0.000167608119907501	0.989825137308338	uun
1821	0.000167246115328867	0.989992383423667	hdd
1822	0.000167246115328867	0.990159629538996	suh
1823	0.000166884110750233	0.990326513649746	unl
1824	0.000166884110750233	0.990493397760496	ssd
1825	0.000166522106171599	0.990659919866668	hus
1826	0.000166522106171599	0.990826441972839	nhl
1827	0.000166522106171599	0.990992964079011	ndu
1828	0.000166522106171599	0.991159486185183	nsh
1829	0.000166522106171599	0.991326008291354	ssu
1830	0.000166522106171599	0.991492530397526	sds
1831	0.000166522106171599	0.991659052503697	sdd
1832	0.000166522106171599	0.991825574609869	nnl
1833	0.000166160101592965	0.991991734711462	hds
1834	0.000166160101592965	0.992157894813055	srs
1835	0.000165798097014331	0.992323692910069	unn
1836	0.000165436092435697	0.992489129002505	hru
1837	0.000165074087857063	0.992654203090362	ndd
1838	0.000165074087857063	0.992819277178219	slh
1839	0.000165074087857063	0.992984351266076	nun
1840	0.000164712083278429	0.993149063349355	nlr
1841	0.000164712083278429	0.993313775432633	uul
1842	0.000163626069542528	0.993477401502176	udl
1843	0.000163264064963894	0.993640665567139	hhh
1844	0.00016290206038526	0.993803567627525	sns
1845	0.000162540055806626	0.993966107683331	nld
1846	0.000162540055806626	0.994128647739138	hhn
1847	0.000162540055806626	0.994291187794945	shu
1848	0.000162540055806626	0.994453727850751	hsn
1849	0.000162178051227992	0.994615905901979	ssh
1850	0.000161816046649358	0.994777721948629	uus
1851	0.000161454042070724	0.994939175990699	usr
1852	0.000161454042070724	0.99510063003277	hns
1853	0.000161454042070724	0.995262084074841	ssl
1854	0.00016109203749209	0.995423176112333	snh
1855	0.00016109203749209	0.995584268149825	nlu
1856	0.00016109203749209	0.995745360187317	srl
1857	0.00016109203749209	0.995906452224809	uhr
1858	0.000160730032913456	0.996067182257722	unr
1859	0.000160730032913456	0.996227912290636	urr
1860	0.000160730032913456	0.996388642323549	uur
1861	0.000160368028334822	0.996549010351884	nds
1862	0.000160368028334822	0.996709378380219	sdr
1863	0.000160368028334822	0.996869746408554	nuh
1864	0.000160006023756188	0.99702975243231	shl
1865	0.000159644019177555	0.997189396451488	ulr
1866	0.000159644019177555	0.997349040470665	snn
1867	0.000159644019177555	0.997508684489843	suu
1868	0.000158558005441653	0.997667242495284	sul
1869	0.000158196000863019	0.997825438496147	hrs
1870	0.000158196000863019	0.99798363449701	unu
1871	0.000157471991705751	0.998141106488716	nsl
1872	0.000157471991705751	0.998298578480422	nrd
1873	0.000156747982548483	0.99845532646297	unh
1874	0.000156747982548483	0.998612074445519	hlr
1875	0.000156385977969849	0.998768460423489	hhr
1876	0.000156023973391215	0.99892448439688	srd
1877	0.000155661968812582	0.999080146365693	sss
1878	0.000155299964233948	0.999235446329926	nsu
1879	0.000154937959655314	0.999390384289582	uhh
1880	0.000153851945919412	0.999544236235501	uls
1881	0.000152403927604876	0.999696640163106	nhn
1882	0.000152403927604876	0.999849044090711	shr
1883	0.000150955909290341	1	uru
