#
# decimal precision = 25
#
# num steps = 1146501
# Computed using newtonian integration.
#
1	0	-1.48972	0
2	0.1	-1.41232	-0.365873
3	0.2	-1.21107	-0.651302
4	0.3	-0.952019	-0.824455
5	0.4	-0.692617	-0.900033
6	0.5	-0.463533	-0.909057
7	0.6	-0.27298	-0.878647
8	0.7	-0.117221	-0.828142
9	0.8	0.0101602	-0.770929
10	0.9	0.113545	-0.71483
11	1	0.195973	-0.661987
12	1.1	0.261785	-0.611351
13	1.2	0.316593	-0.562673
14	1.3	0.36439	-0.517882
15	1.4	0.405898	-0.478775
16	1.5	0.44048	-0.444719
17	1.6	0.468902	-0.413627
18	1.7	0.493273	-0.384539
19	1.8	0.514837	-0.358043
20	1.9	0.533284	-0.334294
21	2	0.548571	-0.312071
22	2.1	0.562125	-0.290452
23	2.2	0.575279	-0.270345
24	2.3	0.587277	-0.253074
25	2.4	0.596305	-0.237847
26	2.5	0.602506	-0.222106
27	2.6	0.608557	-0.204799
28	2.7	0.616494	-0.188051
29	2.8	0.624927	-0.174518
30	2.9	0.630706	-0.163703
31	3	0.633087	-0.152277
32	3.1	0.63489	-0.138192
33	3.2	0.639026	-0.123198
34	3.3	0.644944	-0.110514
35	3.4	0.649501	-0.100749
36	3.5	0.650946	-0.091239
37	3.6	0.650935	-0.0793149
38	3.7	0.652468	-0.0652342
39	3.8	0.656668	-0.0515818
40	3.9	0.661996	-0.0404796
41	4	0.665986	-0.0318301
42	4.1	0.667258	-0.0236999
43	4.2	0.666361	-0.0137682
44	4.3	0.665499	-0.000842837
45	4.4	0.667178	0.0140734
46	4.5	0.672128	0.0281692
47	4.6	0.678287	0.0391895
48	4.7	0.682619	0.0478189
49	4.8	0.684401	0.0569959
50	4.9	0.685897	0.0683778
51	5	0.689095	0.0803996
52	5.1	0.692723	0.0909605
53	5.2	0.694185	0.101322
54	5.3	0.694346	0.11519
55	5.4	0.698118	0.133145
56	5.5	0.708597	0.149947
57	5.6	0.721843	0.159707
58	5.7	0.730074	0.163425
59	5.8	0.730524	0.168937
60	5.9	0.729032	0.18231
61	6	0.733347	0.201062
62	6.1	0.744383	0.217761
63	6.2	0.756413	0.229214
64	6.3	0.765375	0.239224
65	6.4	0.773776	0.251894
66	6.5	0.78579	0.265343
67	6.6	0.80004	0.274829
68	6.7	0.810844	0.2807
69	6.8	0.816631	0.289366
70	6.9	0.823572	0.305048
71	7	0.838508	0.323304
72	7.1	0.860042	0.33571
73	7.2	0.879822	0.340166
74	7.3	0.892778	0.343431
75	7.4	0.903156	0.352495
76	7.5	0.918715	0.36597
77	7.6	0.940872	0.376408
78	7.7	0.963428	0.380003
79	7.8	0.980856	0.381022
80	7.9	0.99505	0.385928
81	8	1.01246	0.39547
82	8.1	1.03635	0.404459
83	8.2	1.064	0.408121
84	8.3	1.09091	0.406307
85	8.4	1.11504	0.401605
86	8.5	1.13651	0.396052
87	8.6	1.15563	0.391175
88	8.7	1.17375	0.389176
89	8.8	1.19499	0.390866
90	8.9	1.22362	0.392198
91	9	1.25828	0.385863
92	9.1	1.29084	0.368738
93	9.2	1.31386	0.346802
94	9.3	1.3291	0.329967
95	9.4	1.34646	0.321231
96	9.5	1.37306	0.312854
97	9.6	1.40485	0.295015
98	9.7	1.43124	0.267324
99	9.8	1.44767	0.239292
100	9.9	1.46126	0.218674
101	10	1.48202	0.201579
102	10.1	1.51008	0.176707
103	10.2	1.5345	0.139178
104	10.3	1.54586	0.0972796
105	10.4	1.54778	0.0633856
106	10.5	1.55319	0.0394055
107	10.6	1.56925	0.0142991
108	10.7	1.58897	-0.0230387
109	10.8	1.59966	-0.0710284
110	10.9	1.59779	-0.118296
111	11	1.59162	-0.158183
112	11.1	1.58877	-0.196047
113	11.2	1.58552	-0.239891
114	11.3	1.57263	-0.287153
115	11.4	1.55044	-0.326558
116	11.5	1.53185	-0.354236
117	11.6	1.52673	-0.382745
118	11.7	1.52645	-0.428502
119	11.8	1.51016	-0.491011
120	11.9	1.46786	-0.550217
121	12	1.41267	-0.587389
122	12.1	1.36657	-0.605229
123	12.2	1.33647	-0.623026
124	12.3	1.30938	-0.653617
125	12.4	1.27072	-0.691016
126	12.5	1.22093	-0.722212
127	12.6	1.16997	-0.744833
128	12.7	1.12042	-0.766704
129	12.8	1.06424	-0.790244
130	12.9	0.99712	-0.806009
131	13	0.928364	-0.805635
132	13.1	0.870321	-0.795428
133	13.2	0.821443	-0.789754
134	13.3	0.767464	-0.792041
135	13.4	0.700374	-0.789818
136	13.5	0.629213	-0.771419
137	13.6	0.567429	-0.741428
138	13.7	0.514423	-0.713196
139	13.8	0.457397	-0.689023
140	13.9	0.391016	-0.656315
141	14	0.326769	-0.605579
142	14.1	0.278197	-0.544822
143	14.2	0.242486	-0.489547
144	14.3	0.204479	-0.441986
145	14.4	0.157674	-0.388588
146	14.5	0.112895	-0.319027
147	14.6	0.0831427	-0.239821
148	14.7	0.0667814	-0.16418
149	14.8	0.0524279	-0.0938969
150	14.9	0.0367183	-0.0194258
151	15	0.0281665	0.0637548
152	15.1	0.0326355	0.14834
153	15.2	0.0443382	0.227975
154	15.3	0.0572325	0.308233
155	15.4	0.0784065	0.396372
156	15.5	0.119445	0.484643
157	15.6	0.175624	0.555821
158	15.7	0.225938	0.607985
159	15.8	0.260122	0.662625
160	15.9	0.296679	0.738736
161	16	0.362386	0.824915
162	16.1	0.456722	0.890346
163	16.2	0.550607	0.924212
164	16.3	0.625177	0.950063
165	16.4	0.698639	0.991853
166	16.5	0.800716	1.03609
167	16.6	0.925873	1.04547
168	16.7	1.03135	1.01138
169	16.8	1.09003	0.974856
170	16.9	1.13169	0.981105
171	17	1.21427	1.02073
172	17.1	1.35525	1.03378
173	17.2	1.50764	0.976194
174	17.3	1.61136	0.868774
175	17.4	1.65747	0.770471
176	17.5	1.68951	0.712011
177	17.6	1.7472	0.670474
178	17.7	1.82589	0.607584
179	17.8	1.8951	0.515263
180	17.9	1.94087	0.41341
181	18	1.9743	0.314911
182	18.1	2.00408	0.211653
183	18.2	2.01997	0.0962154
184	18.3	2.01071	-0.0194797
185	18.4	1.98565	-0.118693
186	18.5	1.96483	-0.205211
187	18.6	1.9506	-0.300183
188	18.7	1.92223	-0.413036
189	18.8	1.86217	-0.527029
190	18.9	1.77806	-0.619169
191	19	1.69165	-0.686431
192	19.1	1.61251	-0.743999
193	19.2	1.53219	-0.802464
194	19.3	1.44169	-0.857656
195	19.4	1.34264	-0.902983
196	19.5	1.23804	-0.939736
197	19.6	1.12285	-0.968207
198	19.7	0.994055	-0.977269
199	19.8	0.864905	-0.955184
200	19.9	0.755989	-0.909587
201	20	0.669692	-0.86428
202	20.1	0.584365	-0.830741
203	20.2	0.481486	-0.791797
204	20.3	0.371562	-0.722928
205	20.4	0.2822	-0.624819
206	20.5	0.222847	-0.522565
207	20.6	0.174515	-0.43167
208	20.7	0.119232	-0.337986
209	20.8	0.0680155	-0.220174
210	20.9	0.0472732	-0.0834297
211	21	0.0619136	0.0437372
212	21.1	0.0872517	0.14638
213	21.2	0.102215	0.242363
214	21.3	0.118194	0.356439
215	21.4	0.163302	0.484648
216	21.5	0.243751	0.59824
217	21.6	0.335788	0.681284
218	21.7	0.418645	0.74955
219	21.8	0.502061	0.825066
220	21.9	0.610396	0.902649
221	22	0.746243	0.954916
222	22.1	0.884021	0.968093
223	22.2	1.00138	0.959181
224	22.3	1.10483	0.952554
225	22.4	1.21675	0.949571
226	22.5	1.34467	0.930841
227	22.6	1.4745	0.88321
228	22.7	1.59145	0.812373
229	22.8	1.69485	0.728237
230	22.9	1.78813	0.630401
231	23	1.86522	0.51593
232	23.1	1.91758	0.393273
233	23.2	1.95027	0.275992
234	23.3	1.97802	0.16362
235	23.4	2.00332	0.0410148
236	23.5	2.00956	-0.0984314
237	23.6	1.98336	-0.238972
238	23.7	1.93524	-0.36169
239	23.8	1.88574	-0.471519
240	23.9	1.83293	-0.590563
241	24	1.74944	-0.721939
242	24.1	1.61942	-0.834415
243	24.2	1.46778	-0.895294
244	24.3	1.33782	-0.912619
245	24.4	1.24061	-0.929242
246	24.5	1.14105	-0.971404
247	24.6	1.0013	-1.01563
248	24.7	0.828175	-1.01665
249	24.8	0.66515	-0.961146
250	24.9	0.540878	-0.879994
251	25	0.440328	-0.806412
252	25.1	0.332291	-0.736244
253	25.2	0.213667	-0.639461
254	25.3	0.113394	-0.503266
255	25.4	0.0553458	-0.349316
256	25.5	0.031245	-0.206427
257	25.6	0.0158075	-0.0781789
258	25.7	-0.000704192	0.0543883
259	25.8	-0.00471028	0.204785
260	25.9	0.0203615	0.366717
261	26	0.0778785	0.526161
262	26.1	0.163976	0.675451
263	26.2	0.278035	0.809461
264	26.3	0.417407	0.917016
265	26.4	0.566795	0.988695
266	26.5	0.706125	1.0331
267	26.6	0.833427	1.0738
268	26.7	0.971338	1.12256
269	26.8	1.14214	1.16097
270	26.9	1.33879	1.15727
271	27	1.52906	1.10116
272	27.1	1.68962	1.01353
273	27.2	1.82767	0.919047
274	27.3	1.96335	0.816685
275	27.4	2.09695	0.686488
276	27.5	2.20489	0.522519
277	27.6	2.27038	0.347112
278	27.7	2.30744	0.185493
279	27.8	2.34423	0.0329567
280	27.9	2.38428	-0.140761
281	28	2.39559	-0.351556
282	28.1	2.3452	-0.574247
283	28.2	2.23905	-0.764651
284	28.3	2.11769	-0.906458
285	28.4	2.01082	-1.02658
286	28.5	1.9046	-1.15934
287	28.6	1.76156	-1.30212
288	28.7	1.56924	-1.41618
289	28.8	1.35828	-1.47168
290	28.9	1.16819	-1.48164
291	29	1.00315	-1.48357
292	29.1	0.832117	-1.49216
293	29.2	0.631895	-1.48178
294	29.3	0.418902	-1.4191
295	29.4	0.231263	-1.30332
296	29.5	0.0867247	-1.16438
297	29.6	-0.0294762	-1.02512
298	29.7	-0.13494	-0.879383
299	29.8	-0.222629	-0.712788
300	29.9	-0.273712	-0.533167
301	30	-0.290297	-0.364946
302	30.1	-0.297904	-0.214258
303	30.2	-0.309751	-0.0561488
304	30.3	-0.301549	0.132527
305	30.4	-0.235897	0.335485
306	30.5	-0.108725	0.506966
307	30.6	0.0426821	0.619947
308	30.7	0.181445	0.691217
309	30.8	0.307976	0.752187
310	30.9	0.445269	0.80714
311	31	0.597756	0.835361
312	31.1	0.74414	0.829336
313	31.2	0.87287	0.809091
314	31.3	1.00392	0.788672
315	31.4	1.15809	0.744773
316	31.5	1.31395	0.640852
317	31.6	1.41905	0.481312
318	31.7	1.45041	0.31966
319	31.8	1.44542	0.200534
320	31.9	1.4565	0.107651
321	32	1.48436	-0.0114427
322	32.1	1.47809	-0.173379
323	32.2	1.40291	-0.334541
324	32.3	1.28515	-0.446566
325	32.4	1.17455	-0.515916
326	32.5	1.07677	-0.586401
327	32.6	0.950229	-0.670211
328	32.7	0.771171	-0.724728
329	32.8	0.575194	-0.708538
330	32.9	0.415534	-0.638441
331	33	0.295297	-0.566454
332	33.1	0.169061	-0.507485
333	33.2	0.0131232	-0.419051
334	33.3	-0.133659	-0.263144
335	33.4	-0.217547	-0.064771
336	33.5	-0.241704	0.116333
337	33.6	-0.26134	0.26459
338	33.7	-0.305366	0.429359
339	33.8	-0.330197	0.65581
340	33.9	-0.270582	0.91673
341	34	-0.122422	1.13699
342	34.1	0.0506116	1.27985
343	34.2	0.194085	1.38391
344	34.3	0.323297	1.50657
345	34.4	0.494041	1.65085
346	34.5	0.728897	1.76633
347	34.6	0.994111	1.81267
348	34.7	1.24602	1.79868
349	34.8	1.47665	1.75493
350	34.9	1.70271	1.68939
351	35	1.92662	1.58702
352	35.1	2.12913	1.44276
353	35.2	2.29753	1.27334
354	35.3	2.44108	1.09279
355	35.4	2.57016	0.893287
356	35.5	2.67312	0.661644
357	35.6	2.72698	0.405868
358	35.7	2.72573	0.151909
359	35.8	2.68501	-0.0836277
360	35.9	2.61868	-0.304735
361	36	2.52351	-0.518095
362	36.1	2.39176	-0.716214
363	36.2	2.22789	-0.885771
364	36.3	2.04306	-1.02353
365	36.4	1.83986	-1.1323
366	36.5	1.61575	-1.2053
367	36.6	1.38063	-1.22871
368	36.7	1.15686	-1.20212
369	36.8	0.95646	-1.14337
370	36.9	0.770054	-1.06517
371	37	0.58876	-0.957552
372	37.1	0.428062	-0.80671
373	37.2	0.313508	-0.62499
374	37.3	0.244895	-0.443147
375	37.4	0.195018	-0.269651
376	37.5	0.153254	-0.0778155
377	37.6	0.152572	0.151057
378	37.7	0.231987	0.384897
379	37.8	0.378749	0.566024
380	37.9	0.534398	0.679602
381	38	0.666258	0.770982
382	38.1	0.808713	0.879899
383	38.2	1.01101	0.977981
384	38.3	1.2583	1.00092
385	38.4	1.47877	0.937646
386	38.5	1.63517	0.85172
387	38.6	1.77587	0.796587
388	38.7	1.96687	0.736849
389	38.8	2.1908	0.589665
390	38.9	2.35356	0.338648
391	39	2.39797	0.0663472
392	39.1	2.37382	-0.144364
393	39.2	2.36701	-0.309947
394	39.3	2.38234	-0.511086
395	39.4	2.34047	-0.770521
396	39.5	2.19358	-1.01343
397	39.6	1.99771	-1.16691
398	39.7	1.83782	-1.25945
399	39.8	1.70838	-1.37734
400	39.9	1.52018	-1.53439
401	40	1.23088	-1.63835
402	40.1	0.919515	-1.60892
403	40.2	0.694917	-1.48934
404	40.3	0.556707	-1.39377
405	40.4	0.400345	-1.35514
406	40.5	0.165915	-1.27981
407	40.6	-0.0688129	-1.07619
408	40.7	-0.181419	-0.787525
409	40.8	-0.163933	-0.547335
410	40.9	-0.134576	-0.411994
411	41	-0.182645	-0.292081
412	41.1	-0.250226	-0.0753293
413	41.2	-0.206929	0.219808
414	41.3	-0.0190866	0.460914
415	41.4	0.207481	0.564154
416	41.5	0.362282	0.589075
417	41.6	0.462036	0.647285
418	41.7	0.610904	0.752224
419	41.8	0.850652	0.806713
420	41.9	1.10102	0.735749
421	42	1.26177	0.583784
422	42.1	1.33418	0.453224
423	42.2	1.40443	0.374446
424	42.3	1.52087	0.279455
425	42.4	1.63173	0.10428
426	42.5	1.65816	-0.123257
427	42.6	1.59559	-0.322676
428	42.7	1.50854	-0.46417
429	42.8	1.43488	-0.593943
430	42.9	1.33492	-0.752951
431	43	1.15297	-0.904978
432	43.1	0.905334	-0.973252
433	43.2	0.674481	-0.937172
434	43.3	0.514641	-0.861051
435	43.4	0.389723	-0.815729
436	43.5	0.222688	-0.790861
437	43.6	-0.00447826	-0.706216
438	43.7	-0.221305	-0.50711
439	43.8	-0.342624	-0.229429
440	43.9	-0.356233	0.0391443
441	44	-0.324847	0.251553
442	44.1	-0.306899	0.440614
443	44.2	-0.290741	0.666633
444	44.3	-0.213186	0.939571
445	44.4	-0.0340992	1.20338
446	44.5	0.219512	1.39368
447	44.6	0.484591	1.49923
448	44.7	0.727048	1.56082
449	44.8	0.967111	1.61576
450	44.9	1.24258	1.65453
451	45	1.55798	1.63479
452	45.1	1.87701	1.52939
453	45.2	2.15956	1.34988
454	45.3	2.39317	1.12422
455	45.4	2.58355	0.864919
456	45.5	2.72592	0.570571
457	45.6	2.80241	0.252774
458	45.7	2.8105	-0.0568311
459	45.8	2.7786	-0.337185
460	45.9	2.73724	-0.606629
461	46	2.6757	-0.903708
462	46.1	2.54271	-1.23352
463	46.2	2.30041	-1.54385
464	46.3	1.97208	-1.76618
465	46.4	1.62578	-1.87843
466	46.5	1.31101	-1.91756
467	46.6	1.02174	-1.92971
468	46.7	0.724946	-1.9195
469	46.8	0.413831	-1.8565
470	46.9	0.119515	-1.72306
471	47	-0.127156	-1.5391
472	47.1	-0.328989	-1.33526
473	47.2	-0.5076	-1.11454
474	47.3	-0.662881	-0.854648
475	47.4	-0.761974	-0.547489
476	47.5	-0.773075	-0.224058
477	47.6	-0.701999	0.0675167
478	47.7	-0.587215	0.304162
479	47.8	-0.460675	0.500865
480	47.9	-0.320748	0.682226
481	48	-0.145759	0.848094
482	48.1	0.0712862	0.971611
483	48.2	0.307102	1.02835
484	48.3	0.526906	1.0219
485	48.4	0.714605	0.97842
486	48.5	0.881199	0.918039
487	48.6	1.04315	0.83478
488	48.7	1.19464	0.707081
489	48.8	1.3043	0.528083
490	48.9	1.34144	0.323162
491	49	1.30473	0.134795
492	49.1	1.22277	-0.00995869
493	49.2	1.12668	-0.114944
494	49.3	1.02577	-0.199193
495	49.4	0.910474	-0.271837
496	49.5	0.77188	-0.326223
497	49.6	0.61003	-0.351738
498	49.7	0.427096	-0.338762
499	49.8	0.228198	-0.270513
500	49.9	0.0378551	-0.12634
501	50	-0.0971306	0.0903362
502	50.1	-0.142952	0.33281
503	50.2	-0.120305	0.542685
504	50.3	-0.0900134	0.711803
505	50.4	-0.0799429	0.896022
506	50.5	-0.0376995	1.14475
507	50.6	0.117029	1.42123
508	50.7	0.388329	1.62189
509	50.8	0.679383	1.69
510	50.9	0.895691	1.68812
511	51	1.05946	1.72611
512	51.1	1.28598	1.81962
513	51.2	1.63661	1.85565
514	51.3	2.02627	1.71976
515	51.4	2.30704	1.43508
516	51.5	2.43108	1.13912
517	51.6	2.49225	0.924721
518	51.7	2.59662	0.742763
519	51.8	2.72792	0.484525
520	51.9	2.77519	0.131859
521	52	2.67772	-0.217077
522	52.1	2.49608	-0.469974
523	52.2	2.3251	-0.643395
524	52.3	2.17443	-0.816769
525	52.4	1.97404	-1.01125
526	52.5	1.68507	-1.15934
527	52.6	1.35908	-1.19665
528	52.7	1.07144	-1.14122
529	52.8	0.831293	-1.05464
530	52.9	0.593946	-0.949657
531	53	0.349829	-0.778652
532	53.1	0.158151	-0.515319
533	53.2	0.0776053	-0.209433
534	53.3	0.0935151	0.0629498
535	53.4	0.141647	0.282771
536	53.5	0.190816	0.492034
537	53.6	0.270523	0.722421
538	53.7	0.417065	0.952739
539	53.8	0.625653	1.14479
540	53.9	0.872834	1.28952
541	54	1.15909	1.39087
542	54.1	1.49388	1.42245
543	54.2	1.84401	1.33997
544	54.3	2.13521	1.14514
545	54.4	2.32353	0.90585
546	54.5	2.44302	0.689665
547	54.6	2.55806	0.492479
548	54.7	2.67979	0.258409
549	54.8	2.75742	-0.0378848
550	54.9	2.74875	-0.35987
551	55	2.66473	-0.663504
552	55.1	2.52932	-0.946472
553	55.2	2.32865	-1.21634
554	55.3	2.03928	-1.43445
555	55.4	1.69659	-1.53856
556	55.5	1.38702	-1.52735
557	55.6	1.1521	-1.47946
558	55.7	0.934449	-1.45809
559	55.8	0.657115	-1.42177
560	55.9	0.341231	-1.27312
561	56	0.0981173	-0.992432
562	56.1	-0.00410611	-0.675079
563	56.2	-0.0204571	-0.41474
564	56.3	-0.0419688	-0.189871
565	56.4	-0.0601678	0.0863993
566	56.5	0.0237331	0.419847
567	56.6	0.251785	0.701732
568	56.7	0.532402	0.84519
569	56.8	0.753018	0.903665
570	56.9	0.933646	0.995435
571	57	1.20059	1.12598
572	57.1	1.60031	1.15563
573	57.2	2.00364	0.973682
574	57.3	2.24324	0.653951
575	57.4	2.31367	0.377399
576	57.5	2.36899	0.213704
577	57.6	2.51648	0.0467831
578	57.7	2.67639	-0.258157
579	57.8	2.69042	-0.668582
580	57.9	2.52973	-1.02453
581	58	2.32445	-1.2447
582	58.1	2.18063	-1.41873
583	58.2	2.03637	-1.66391
584	58.3	1.75212	-1.94333
585	58.4	1.31392	-2.09222
586	58.5	0.87823	-2.02015
587	58.6	0.598402	-1.82536
588	58.7	0.456406	-1.67694
589	58.8	0.307638	-1.62044
590	58.9	0.0686028	-1.54795
591	59	-0.191699	-1.35079
592	59.1	-0.351775	-1.04946
593	59.2	-0.380202	-0.751196
594	59.3	-0.34434	-0.517485
595	59.4	-0.302476	-0.318276
596	59.5	-0.236523	-0.109891
597	59.6	-0.1013	0.0879684
598	59.7	0.095977	0.215829
599	59.8	0.295475	0.250968
600	59.9	0.451972	0.229394
601	60	0.573741	0.194476
602	60.1	0.691071	0.148945
603	60.2	0.807617	0.0664505
604	60.3	0.895116	-0.0661854
605	60.4	0.924174	-0.231894
606	60.5	0.886449	-0.399788
607	60.6	0.792153	-0.544896
608	60.7	0.65914	-0.655322
609	60.8	0.502671	-0.733231
610	60.9	0.322713	-0.788147
611	61	0.101115	-0.814749
612	61.1	-0.17124	-0.774385
613	61.2	-0.455219	-0.6181
614	61.3	-0.668429	-0.346057
615	61.4	-0.754239	-0.034601
616	61.5	-0.74711	0.222419
617	61.6	-0.746644	0.409928
618	61.7	-0.810783	0.614063
619	61.8	-0.88316	0.932271
620	61.9	-0.840845	1.36494
621	62	-0.611002	1.80778
622	62.1	-0.228331	2.14609
623	62.2	0.216268	2.33905
624	62.3	0.657651	2.41234
625	62.4	1.07601	2.39862
626	62.5	1.46191	2.31355
627	62.6	1.80192	2.17923
628	62.7	2.10702	2.02996
629	62.8	2.4227	1.87013
630	62.9	2.77726	1.64397
631	63	3.12202	1.28133
632	63.1	3.35088	0.783542
633	63.2	3.39528	0.245563
634	63.3	3.28988	-0.223716
635	63.4	3.12948	-0.597146
636	63.5	2.96562	-0.932222
637	63.6	2.76165	-1.28159
638	63.7	2.45321	-1.61814
639	63.8	2.038	-1.85851
640	63.9	1.59146	-1.95151
641	64	1.19601	-1.92879
642	64.1	0.866745	-1.86543
643	64.2	0.552325	-1.79892
644	64.3	0.204473	-1.69267
645	64.4	-0.157602	-1.47799
646	64.5	-0.450589	-1.1303
647	64.6	-0.593982	-0.706717
648	64.7	-0.57894	-0.309644
649	64.8	-0.475714	-0.00774022
650	64.9	-0.370041	0.214238
651	65	-0.285416	0.427576
652	65.1	-0.166837	0.676994
653	65.2	0.0542271	0.924427
654	65.3	0.377558	1.07934
655	65.4	0.721542	1.08695
656	65.5	0.995581	0.981043
657	65.6	1.17963	0.844502
658	65.7	1.32453	0.72263
659	65.8	1.47683	0.586796
660	65.9	1.61704	0.385518
661	66	1.68045	0.118682
662	66.1	1.63076	-0.152204
663	66.2	1.49724	-0.364708
664	66.3	1.33593	-0.510658
665	66.4	1.16792	-0.622212
666	66.5	0.97094	-0.713329
667	66.6	0.729135	-0.753719
668	66.7	0.472855	-0.707041
669	66.8	0.254943	-0.581421
670	66.9	0.0932747	-0.423639
671	67	-0.0440619	-0.260187
672	67.1	-0.185035	-0.0603845
673	67.2	-0.294739	0.223335
674	67.3	-0.291668	0.577727
675	67.4	-0.134151	0.909971
676	67.5	0.12019	1.12495
677	67.6	0.361507	1.21976
678	67.7	0.539787	1.28267
679	67.8	0.714276	1.38706
680	67.9	0.975425	1.49915
681	68	1.32589	1.51254
682	68.1	1.66482	1.37364
683	68.2	1.89937	1.14523
684	68.3	2.04599	0.925069
685	68.4	2.18897	0.720565
686	68.5	2.34421	0.445816
687	68.6	2.40897	0.0559692
688	68.7	2.27879	-0.352961
689	68.8	1.99325	-0.623291
690	68.9	1.71589	-0.712019
691	69	1.5544	-0.743082
692	69.1	1.43804	-0.856747
693	69.2	1.21053	-1.03449
694	69.3	0.828716	-1.11702
695	69.4	0.421464	-0.992965
696	69.5	0.141126	-0.721475
697	69.6	0.00238165	-0.442946
698	69.7	-0.0916109	-0.207818
699	69.8	-0.190333	0.0512145
700	69.9	-0.228302	0.384281
701	70	-0.13254	0.728443
702	70.1	0.0601163	0.986526
703	70.2	0.250703	1.16122
704	70.3	0.42397	1.34259
705	70.4	0.676177	1.5574
706	70.5	1.0698	1.69563
707	70.6	1.5117	1.63448
708	70.7	1.83528	1.40356
709	70.8	1.99216	1.16338
710	70.9	2.10058	1.01345
711	71	2.28158	0.878666
712	71.1	2.49635	0.622306
713	71.2	2.59529	0.234279
714	71.3	2.50591	-0.151106
715	71.4	2.30949	-0.418695
716	71.5	2.119	-0.591133
717	71.6	1.93889	-0.754908
718	71.7	1.6935	-0.915936
719	71.8	1.36434	-0.988892
720	71.9	1.03352	-0.919908
721	72	0.781873	-0.75623
722	72.1	0.601785	-0.569715
723	72.2	0.448551	-0.361514
724	72.3	0.337659	-0.0932974
725	72.4	0.328422	0.213616
726	72.5	0.418926	0.480715
727	72.6	0.529582	0.687048
728	72.7	0.627297	0.914321
729	72.8	0.81147	1.22056
730	72.9	1.20252	1.50264
731	73	1.75161	1.56602
732	73.1	2.23879	1.3519
733	73.2	2.50271	1.03081
734	73.3	2.62513	0.814125
735	73.4	2.82267	0.702084
736	73.5	3.16682	0.488934
737	73.6	3.48285	0.02572
738	73.7	3.55403	-0.588968
739	73.8	3.36904	-1.12477
740	73.9	3.106	-1.48173
741	74	2.89544	-1.76497
742	74.1	2.67878	-2.10078
743	74.2	2.3267	-2.45647
744	74.3	1.83232	-2.6929
745	74.4	1.31822	-2.75048
746	74.5	0.872149	-2.70513
747	74.6	0.45476	-2.6342
748	74.7	0.000617561	-2.49906
749	74.8	-0.446055	-2.21209
750	74.9	-0.760931	-1.78591
751	75	-0.89387	-1.34777
752	75.1	-0.931494	-0.99502
753	75.2	-0.980562	-0.688116
754	75.3	-1.02927	-0.32365
755	75.4	-0.967576	0.113539
756	75.5	-0.731998	0.516802
757	75.6	-0.385589	0.77461
758	75.7	-0.0447325	0.88034
759	75.8	0.237638	0.908375
760	75.9	0.490473	0.911637
761	76	0.749019	0.876109
762	76.1	0.998196	0.767112
763	76.2	1.19318	0.585301
764	76.3	1.30687	0.3661
765	76.4	1.34225	0.14632
766	76.5	1.31552	-0.0521602
767	76.6	1.2449	-0.219532
768	76.7	1.14622	-0.35812
769	76.8	1.0201	-0.478635
770	76.9	0.847766	-0.576655
771	77	0.620608	-0.614472
772	77.1	0.376318	-0.548752
773	77.2	0.183501	-0.383981
774	77.3	0.078199	-0.178241
775	77.4	0.0340859	0.01919
776	77.5	0.0145338	0.218011
777	77.6	0.0374151	0.449476
778	77.7	0.153862	0.690485
779	77.8	0.362976	0.86573
780	77.9	0.589665	0.938803
781	78	0.77407	0.963289
782	78.1	0.952825	1.00512
783	78.2	1.20368	1.03365
784	78.3	1.51465	0.944554
785	78.4	1.76523	0.702909
786	78.5	1.86727	0.409674
787	78.6	1.87932	0.179844
788	78.7	1.91963	-0.013907
789	78.8	1.9773	-0.302867
790	78.9	1.88851	-0.713883
791	79	1.54418	-1.07061
792	79.1	1.06946	-1.16958
793	79.2	0.716353	-1.02994
794	79.3	0.574782	-0.886207
795	79.4	0.465733	-0.905811
796	79.5	0.168795	-0.977333
797	79.6	-0.29133	-0.843282
798	79.7	-0.659899	-0.416633
799	79.8	-0.7484	0.115528
800	79.9	-0.635656	0.523546
801	80	-0.529188	0.796829
802	80.1	-0.48379	1.10625
803	80.2	-0.345334	1.53762
804	80.3	0.0236627	1.95661
805	80.4	0.548992	2.17358
806	80.5	1.03459	2.17525
807	80.6	1.40374	2.11564
808	80.7	1.76607	2.09192
809	80.8	2.232	2.01367
810	80.9	2.73416	1.73437
811	81	3.09354	1.25916
812	81.1	3.23367	0.750438
813	81.2	3.2559	0.332481
814	81.3	3.28532	-0.0407899
815	81.4	3.30101	-0.488067
816	81.5	3.171	-1.01472
817	81.6	2.83308	-1.48479
818	81.7	2.37939	-1.77576
819	81.8	1.94583	-1.9051
820	81.9	1.56485	-1.97353
821	82	1.16993	-2.0189
822	82.1	0.724971	-1.97791
823	82.2	0.294099	-1.79024
824	82.3	-0.0328923	-1.48992
825	82.4	-0.243809	-1.16266
826	82.5	-0.392984	-0.840159
827	82.6	-0.50055	-0.482632
828	82.7	-0.509354	-0.0699015
829	82.8	-0.361485	0.33076
830	82.9	-0.0891368	0.617982
831	83	0.20514	0.762251
832	83.1	0.454406	0.825335
833	83.2	0.681926	0.870749
834	83.3	0.938889	0.885438
835	83.4	1.21506	0.811655
836	83.5	1.44189	0.637393
837	83.6	1.57699	0.418675
838	83.7	1.64777	0.20615
839	83.8	1.69207	-0.0162275
840	83.9	1.68113	-0.287827
841	84	1.54236	-0.579017
842	84.1	1.26386	-0.784506
843	84.2	0.939796	-0.829328
844	84.3	0.680579	-0.755492
845	84.4	0.492711	-0.665941
846	84.5	0.289733	-0.58574
847	84.6	0.0336961	-0.423337
848	84.7	-0.175239	-0.0989892
849	84.8	-0.196179	0.31648
850	84.9	-0.0264356	0.646858
851	85	0.172125	0.809183
852	85.1	0.260438	0.921314
853	85.2	0.30577	1.16134
854	85.3	0.520408	1.52962
855	85.4	1.00569	1.8087
856	85.5	1.60639	1.79094
857	85.6	2.06425	1.51026
858	85.7	2.29552	1.19417
859	85.8	2.45631	0.989976
860	85.9	2.71671	0.800501
861	86	3.02571	0.431125
862	86.1	3.16098	-0.138153
863	86.2	3.00066	-0.697806
864	86.3	2.67731	-1.04034
865	86.4	2.42391	-1.191
866	86.5	2.30427	-1.35662
867	86.6	2.15511	-1.66312
868	86.7	1.79744	-2.00284
869	86.8	1.25218	-2.1614
870	86.9	0.713491	-2.05274
871	87	0.340083	-1.78586
872	87.1	0.123102	-1.51736
873	87.2	-0.0413571	-1.29305
874	87.3	-0.202706	-1.05361
875	87.4	-0.314813	-0.754388
876	87.5	-0.319566	-0.432258
877	87.6	-0.223361	-0.157053
878	87.7	-0.0792662	0.0429626
879	87.8	0.0768898	0.187395
880	87.9	0.248732	0.295566
881	88	0.448199	0.356182
882	88.1	0.663017	0.341989
883	88.2	0.855343	0.238945
884	88.3	0.980343	0.0614861
885	88.4	1.00828	-0.148219
886	88.5	0.943771	-0.33731
887	88.6	0.825242	-0.475661
888	88.7	0.68834	-0.577672
889	88.8	0.522193	-0.673505
890	88.9	0.281157	-0.747102
891	89	-0.0410113	-0.722185
892	89.1	-0.363491	-0.537781
893	89.2	-0.578622	-0.232189
894	89.3	-0.664979	0.083849
895	89.4	-0.706595	0.352957
896	89.5	-0.774683	0.639907
897	89.6	-0.814146	1.04048
898	89.7	-0.690448	1.53508
899	89.8	-0.34974	1.97893
900	89.9	0.111846	2.25099
901	90	0.561838	2.37222
902	90.1	0.978022	2.44161
903	90.2	1.43577	2.4832
904	90.3	1.96448	2.41426
905	90.4	2.48012	2.17001
906	90.5	2.88538	1.79865
907	90.6	3.18422	1.38875
908	90.7	3.43703	0.941714
909	90.8	3.62246	0.389369
910	90.9	3.62335	-0.257201
911	91	3.38197	-0.851222
912	91.1	3.00939	-1.25677
913	91.2	2.67128	-1.5123
914	91.3	2.38249	-1.77217
915	91.4	1.99406	-2.08157
916	91.5	1.41119	-2.28579
917	91.6	0.758295	-2.2126
918	91.7	0.259943	-1.89674
919	91.8	-0.0159344	-1.54488
920	91.9	-0.213565	-1.28102
921	92	-0.469428	-1.00927
922	92.1	-0.712377	-0.575014
923	92.2	-0.750516	-0.00408059
924	92.3	-0.523405	0.501333
925	92.4	-0.180247	0.798533
926	92.5	0.111551	0.952032
927	92.6	0.360157	1.10563
928	92.7	0.691057	1.2691
929	92.8	1.13672	1.31049
930	92.9	1.57121	1.14626
931	93	1.86636	0.853405
932	93.1	2.03603	0.556802
933	93.2	2.16957	0.269034
934	93.3	2.2681	-0.085329
935	93.4	2.23112	-0.508035
936	93.5	2.01289	-0.876054
937	93.6	1.71495	-1.08478
938	93.7	1.47044	-1.18239
939	93.8	1.27606	-1.29805
940	93.9	1.00774	-1.45636
941	94	0.602646	-1.53206
942	94.1	0.161885	-1.40574
943	94.2	-0.158162	-1.11003
944	94.3	-0.311856	-0.78062
945	94.4	-0.373342	-0.497364
946	94.5	-0.404522	-0.232364
947	94.6	-0.37989	0.0509726
948	94.7	-0.257031	0.313407
949	94.8	-0.0652052	0.48802
950	94.9	0.122898	0.571345
951	95	0.281971	0.615006
952	95.1	0.444135	0.639638
953	95.2	0.620669	0.610107
954	95.3	0.766161	0.50548
955	95.4	0.841004	0.363702
956	95.5	0.863873	0.22521
957	95.6	0.859153	0.0718749
958	95.7	0.782508	-0.12263
959	95.8	0.56517	-0.296431
960	95.9	0.238769	-0.324531
961	96	-0.051239	-0.16839
962	96.1	-0.203216	0.0558484
963	96.2	-0.287925	0.218508
964	96.3	-0.448514	0.359088
965	96.4	-0.678526	0.648083
966	96.5	-0.782209	1.14759
967	96.6	-0.601749	1.68494
968	96.7	-0.226193	2.03276
969	96.8	0.108839	2.1798
970	96.9	0.320062	2.33153
971	97	0.583543	2.62244
972	97.1	1.09645	2.91144
973	97.2	1.79696	2.93678
974	97.3	2.41072	2.63679
975	97.4	2.76764	2.22086
976	97.5	2.97887	1.90143
977	97.6	3.25142	1.63967
978	97.7	3.59302	1.23021
979	97.8	3.792	0.599989
980	97.9	3.68413	-0.0736364
981	98	3.34958	-0.565148
982	98.1	2.9983	-0.844517
983	98.2	2.71888	-1.05582
984	98.3	2.41962	-1.29314
985	98.4	2.00461	-1.4854
986	98.5	1.51981	-1.51757
987	98.6	1.08371	-1.3868
988	98.7	0.735373	-1.17574
989	98.8	0.430344	-0.910803
990	98.9	0.174983	-0.535288
991	99	0.0780018	-0.0422443
992	99.1	0.221203	0.438092
993	99.2	0.526344	0.747765
994	99.3	0.819907	0.875715
995	99.4	1.0282	0.95773
996	99.5	1.24724	1.09027
997	99.6	1.5923	1.20025
998	99.7	2.0259	1.14124
999	99.8	2.39019	0.884719
1000	99.9	2.59411	0.552031
1001	100	2.70138	0.251429
