#
# Simple integral summation of N=121001000 slices
#
0.1	-1.22654	-0.414752
0.2	-1.03835	-0.748154
0.3	-0.801948	-0.965805
0.4	-0.573367	-1.07922
0.5	-0.380362	-1.11795
0.6	-0.229056	-1.10941
0.7	-0.115051	-1.07284
0.8	-0.0306322	-1.0202
0.9	0.0319156	-0.958541
1	0.0791701	-0.89204
1.1	0.11636	-0.823262
1.2	0.147488	-0.753918
1.3	0.175534	-0.685274
1.4	0.202655	-0.618359
1.5	0.230345	-0.554066
1.6	0.259572	-0.493196
1.7	0.290881	-0.436468
1.8	0.32448	-0.384521
1.9	0.360306	-0.337899
2	0.398086	-0.297045
2.1	0.437386	-0.262289
2.2	0.477653	-0.233842
2.3	0.518254	-0.211789
2.4	0.558508	-0.196091
2.5	0.597721	-0.186588
2.6	0.635209	-0.183001
2.7	0.670323	-0.184943
2.8	0.702469	-0.191931
2.9	0.731127	-0.203396
3	0.755863	-0.218703
3.1	0.77634	-0.237162
3.2	0.792323	-0.258052
3.3	0.803689	-0.280632
3.4	0.810423	-0.304164
3.5	0.812615	-0.327927
3.6	0.81046	-0.351237
3.7	0.804247	-0.373457
3.8	0.794349	-0.394015
3.9	0.781215	-0.412416
4	0.765352	-0.428249
4.1	0.747314	-0.441193
4.2	0.727685	-0.451029
4.3	0.707067	-0.457632
4.4	0.686057	-0.460982
4.5	0.665239	-0.461154
4.6	0.645164	-0.458313
4.7	0.626342	-0.452715
4.8	0.609223	-0.444688
4.9	0.59419	-0.434627
5	0.581551	-0.422983
5.1	0.571529	-0.410245
5.2	0.564262	-0.396931
5.3	0.559793	-0.383569
5.4	0.558078	-0.370688
5.5	0.558983	-0.358797
5.6	0.56229	-0.348377
5.7	0.567701	-0.339866
5.8	0.57485	-0.333645
5.9	0.583309	-0.330031
6	0.592601	-0.329266
6.1	0.602212	-0.331515
6.2	0.611603	-0.336851
6.3	0.620227	-0.345265
6.4	0.627538	-0.356655
6.5	0.63301	-0.370832
6.6	0.636145	-0.387525
6.7	0.636491	-0.406382
6.8	0.633651	-0.426981
6.9	0.627292	-0.44884
7	0.617158	-0.471422
7.1	0.603074	-0.494152
7.2	0.584951	-0.516429
7.3	0.562793	-0.537636
7.4	0.536694	-0.557158
7.5	0.506841	-0.574393
7.6	0.473509	-0.588767
7.7	0.437058	-0.599744
7.8	0.397924	-0.606844
7.9	0.356614	-0.609648
8	0.313694	-0.60781
8.1	0.269778	-0.601066
8.2	0.225516	-0.589241
8.3	0.181582	-0.572249
8.4	0.138658	-0.550101
8.5	0.0974241	-0.522904
8.6	0.0585413	-0.490858
8.7	0.0226395	-0.454253
8.8	-0.00969513	-0.413464
8.9	-0.0379321	-0.368946
9	-0.0616069	-0.321223
9.1	-0.0803306	-0.270876
9.2	-0.0937974	-0.218536
9.3	-0.10179	-0.164869
9.4	-0.104184	-0.110563
9.5	-0.100951	-0.056315
9.6	-0.0921562	-0.00281723
9.7	-0.0779581	0.0492561
9.8	-0.058605	0.0992621
9.9	-0.0344285	0.146601
10	-0.00583645	0.190729
10.1	0.0266962	0.231165
10.2	0.0626376	0.267504
10.3	0.10141	0.299419
10.4	0.142403	0.326671
10.5	0.184986	0.34911
10.6	0.228521	0.366674
10.7	0.272375	0.379395
10.8	0.315936	0.387391
10.9	0.358624	0.390862
11	0.3999	0.390089
11.1	0.439281	0.385419
11.2	0.476347	0.377262
11.3	0.510748	0.366077
11.4	0.542214	0.352362
11.5	0.570554	0.336641
11.6	0.595664	0.319452
11.7	0.617524	0.301333
11.8	0.636196	0.282809
11.9	0.651826	0.264383
12	0.664633	0.246516
12.1	0.674906	0.229627
12.2	0.682993	0.214073
12.3	0.689294	0.200145
12.4	0.694247	0.188062
12.5	0.698319	0.177964
12.6	0.701992	0.169908
12.7	0.705748	0.163869
12.8	0.71006	0.159737
12.9	0.715376	0.157322
13	0.722109	0.156359
13.1	0.730622	0.156509
13.2	0.741218	0.157375
13.3	0.754135	0.158505
13.4	0.769532	0.159405
13.5	0.787486	0.159551
13.6	0.807986	0.158404
13.7	0.830932	0.155419
13.8	0.856133	0.150061
13.9	0.883308	0.14182
14	0.912093	0.130224
14.1	0.942042	0.114851
14.2	0.972636	0.0953424
14.3	1.0033	0.0714118
14.4	1.03338	0.0428578
14.5	1.06223	0.00956997
14.6	1.08913	-0.0284641
14.7	1.11337	-0.0711548
14.8	1.13424	-0.118308
14.9	1.15103	-0.169625
15	1.1631	-0.224704
15.1	1.16982	-0.283046
15.2	1.17063	-0.344059
15.3	1.16505	-0.407067
15.4	1.15269	-0.471321
15.5	1.13325	-0.536009
15.6	1.10654	-0.600272
15.7	1.07247	-0.663216
15.8	1.03108	-0.723928
15.9	0.982524	-0.781494
16	0.927086	-0.835012
16.1	0.865161	-0.883612
16.2	0.797259	-0.92647
16.3	0.724001	-0.962823
16.4	0.646106	-0.991987
16.5	0.564383	-1.01337
16.6	0.479721	-1.02647
16.7	0.39307	-1.03091
16.8	0.305428	-1.02643
16.9	0.217827	-1.01289
17	0.131313	-0.990296
17.1	0.0469322	-0.958765
17.2	-0.0342916	-0.918558
17.3	-0.111369	-0.870057
17.4	-0.183365	-0.813771
17.5	-0.249414	-0.750318
17.6	-0.308731	-0.680422
17.7	-0.360631	-0.604898
17.8	-0.404534	-0.524641
17.9	-0.43998	-0.440607
18	-0.466632	-0.353801
18.1	-0.484282	-0.265258
18.2	-0.492854	-0.176025
18.3	-0.492405	-0.0871444
18.4	-0.483122	0.000363245
18.5	-0.465315	0.0855174
18.6	-0.439416	0.167393
18.7	-0.405963	0.245136
18.8	-0.365593	0.317977
18.9	-0.319028	0.385241
19	-0.267062	0.44636
19.1	-0.210544	0.500883
19.2	-0.150361	0.548474
19.3	-0.0874225	0.588924
19.4	-0.0226428	0.622146
19.5	0.0430765	0.648176
19.6	0.108863	0.667167
19.7	0.17389	0.679385
19.8	0.23739	0.685201
19.9	0.29867	0.685076
20	0.357121	0.679555
20.1	0.41223	0.669249
20.2	0.463587	0.654819
20.3	0.510889	0.636966
20.4	0.553948	0.616408
20.5	0.592685	0.593868
20.6	0.627133	0.570053
20.7	0.657431	0.545644
20.8	0.683819	0.521272
20.9	0.706628	0.497513
21	0.726271	0.474868
21.1	0.743228	0.453755
21.2	0.758036	0.434501
21.3	0.77127	0.417329
21.4	0.78353	0.402363
21.5	0.795423	0.389615
21.6	0.807546	0.378993
21.7	0.820471	0.370299
21.8	0.834726	0.363236
21.9	0.850784	0.357415
22	0.869045	0.352364
22.1	0.889825	0.347541
22.2	0.913345	0.342346
22.3	0.939724	0.336134
22.4	0.968969	0.328236
22.5	1.00097	0.317974
22.6	1.03551	0.304675
22.7	1.07225	0.287694
22.8	1.11074	0.26643
22.9	1.15043	0.24034
23	1.19066	0.208959
23.1	1.23071	0.171914
23.2	1.26976	0.128936
23.3	1.30694	0.0798705
23.4	1.34136	0.0246905
23.5	1.37208	-0.0365008
23.6	1.39818	-0.103464
23.7	1.41873	-0.175822
23.8	1.43286	-0.253062
23.9	1.43974	-0.334539
24	1.43861	-0.419484
24.1	1.42883	-0.507009
24.2	1.40983	-0.596127
24.3	1.3812	-0.685759
24.4	1.34264	-0.774755
24.5	1.29402	-0.861911
24.6	1.23534	-0.945988
24.7	1.16679	-1.02573
24.8	1.08871	-1.09991
24.9	1.00159	-1.1673
25	0.9061	-1.22674
25.1	0.803061	-1.27716
25.2	0.693431	-1.31755
25.3	0.578305	-1.34705
25.4	0.458891	-1.36491
25.5	0.3365	-1.37054
25.6	0.212522	-1.3635
25.7	0.0884074	-1.34353
25.8	-0.0343566	-1.31054
25.9	-0.154269	-1.26463
26	-0.26984	-1.2061
26.1	-0.379614	-1.13541
26.2	-0.482192	-1.05321
26.3	-0.576258	-0.960333
26.4	-0.6606	-0.857748
26.5	-0.734128	-0.74659
26.6	-0.795895	-0.628116
26.7	-0.845113	-0.503698
26.8	-0.881165	-0.374794
26.9	-0.903615	-0.242933
27	-0.912221	-0.109686
27.1	-0.906931	0.0233588
27.2	-0.887891	0.154617
27.3	-0.85544	0.282536
27.4	-0.810102	0.405622
27.5	-0.752583	0.522459
27.6	-0.683753	0.631733
27.7	-0.604634	0.732253
27.8	-0.516383	0.822971
27.9	-0.420271	0.902994
28	-0.317661	0.971598
28.1	-0.209988	1.02824
28.2	-0.0987279	1.07257
28.3	0.0146188	1.10442
28.4	0.128559	1.12382
28.5	0.241629	1.13097
28.6	0.35242	1.12628
28.7	0.4596	1.11031
28.8	0.561936	1.08378
28.9	0.658312	1.04757
29	0.74775	1.00264
29.1	0.82942	0.95012
29.2	0.902656	0.891168
29.3	0.96696	0.827027
29.4	1.02201	0.758969
29.5	1.06766	0.688279
29.6	1.10395	0.616227
29.7	1.13106	0.544046
29.8	1.14938	0.47291
29.9	1.15941	0.403908
30	1.1618	0.338032
30.1	1.15734	0.276152
30.2	1.14689	0.219005
30.3	1.13141	0.167183
30.4	1.11192	0.121123
30.5	1.08947	0.0811003
30.6	1.06512	0.0472285
30.7	1.03992	0.0194583
30.8	1.01489	-0.00241724
30.9	0.990997	-0.0187555
31	0.969113	-0.0300536
31.1	0.950026	-0.0369348
31.2	0.934402	-0.0401323
31.3	0.922782	-0.040471
31.4	0.915561	-0.0388471
31.5	0.912987	-0.0362059
31.6	0.915148	-0.0335191
31.7	0.921976	-0.0317611
31.8	0.933245	-0.0318854
31.9	0.948575	-0.034801
32	0.967441	-0.0413503
32.1	0.989182	-0.052287
32.2	1.01302	-0.0682576
32.3	1.03807	-0.0897831
32.4	1.06336	-0.117245
32.5	1.08786	-0.150871
32.6	1.1105	-0.190731
32.7	1.13019	-0.236726
32.8	1.14585	-0.288586
32.9	1.15641	-0.345878
33	1.1609	-0.408003
33.1	1.1584	-0.474208
33.2	1.14809	-0.543597
33.3	1.12929	-0.615146
33.4	1.10146	-0.687721
33.5	1.06422	-0.760098
33.6	1.01733	-0.830982
33.7	0.960784	-0.89904
33.8	0.894722	-0.962916
33.9	0.819491	-1.02126
34	0.735627	-1.07277
34.1	0.64385	-1.1162
34.2	0.545056	-1.15037
34.3	0.440308	-1.17424
34.4	0.330817	-1.1869
34.5	0.217928	-1.18759
34.6	0.103096	-1.17573
34.7	-0.0121393	-1.15091
34.8	-0.126175	-1.11295
34.9	-0.237374	-1.06186
35	-0.344095	-0.997874
35.1	-0.444719	-0.921438
35.2	-0.53768	-0.833212
35.3	-0.621492	-0.734058
35.4	-0.694778	-0.625037
35.5	-0.756294	-0.507386
35.6	-0.804955	-0.382506
35.7	-0.839854	-0.251937
35.8	-0.860281	-0.117337
35.9	-0.86574	0.019548
36	-0.855958	0.156907
36.1	-0.830893	0.2929
36.2	-0.790738	0.425684
36.3	-0.735922	0.553444
36.4	-0.667101	0.674427
36.5	-0.585152	0.786971
36.6	-0.491163	0.88953
36.7	-0.386411	0.980705
36.8	-0.272343	1.05927
36.9	-0.150557	1.12418
37	-0.0227718	1.17461
37.1	0.1092	1.20996
37.2	0.243482	1.22986
37.3	0.378165	1.23418
37.4	0.511339	1.22305
37.5	0.641127	1.19682
37.6	0.765713	1.15609
37.7	0.883377	1.1017
37.8	0.992522	1.03467
37.9	1.0917	0.956253
38	1.17964	0.867845
38.1	1.25526	0.771005
38.2	1.31771	0.667413
38.3	1.36634	0.558837
38.4	1.40076	0.44711
38.5	1.42082	0.334094
38.6	1.42661	0.221645
38.7	1.41846	0.111584
38.8	1.39694	0.00566655
38.9	1.36284	-0.0944534
39	1.31718	-0.187248
39.1	1.26112	-0.271342
39.2	1.19605	-0.345539
39.3	1.12344	-0.40884
39.4	1.04491	-0.46046
39.5	0.962155	-0.499841
39.6	0.876918	-0.526662
39.7	0.790963	-0.540841
39.8	0.706038	-0.542538
39.9	0.623846	-0.532146
40	0.546013	-0.510286
40.1	0.474059	-0.477794
40.2	0.409365	-0.4357
40.3	0.353156	-0.385214
40.4	0.30647	-0.327694
40.5	0.270148	-0.264628
40.6	0.244811	-0.197599
40.7	0.230854	-0.128257
40.8	0.228437	-0.0582866
40.9	0.237484	0.010625
41	0.257686	0.076821
41.1	0.288505	0.138707
41.2	0.329185	0.19478
41.3	0.37877	0.243659
41.4	0.43612	0.284111
41.5	0.499933	0.315075
41.6	0.568771	0.335682
41.7	0.641088	0.345272
41.8	0.71526	0.343406
41.9	0.789614	0.329877
42	0.862463	0.304713
42.1	0.932137	0.268178
42.2	0.997014	0.220764
42.3	1.05555	0.163188
42.4	1.10633	0.0963739
42.5	1.14804	0.021438
42.6	1.17957	-0.0603318
42.7	1.19997	-0.1475
42.8	1.2085	-0.23851
42.9	1.20464	-0.331715
43	1.18809	-0.425403
43.1	1.15882	-0.517838
43.2	1.11699	-0.607282
43.3	1.06302	-0.692036
43.4	0.997577	-0.770467
43.5	0.921514	-0.841041
43.6	0.835902	-0.902351
43.7	0.741995	-0.953144
43.8	0.641208	-0.992342
43.9	0.535089	-1.01907
44	0.425299	-1.03266
44.1	0.313572	-1.03268
44.2	0.201691	-1.01893
44.3	0.091452	-0.991444
44.4	-0.0153674	-0.950512
44.5	-0.117041	-0.896645
44.6	-0.211927	-0.830588
44.7	-0.298493	-0.753296
44.8	-0.375349	-0.665921
44.9	-0.441272	-0.569791
45	-0.495225	-0.466385
45.1	-0.536378	-0.357306
45.2	-0.564124	-0.244251
45.3	-0.578086	-0.128983
45.4	-0.578128	-0.013296
45.5	-0.564353	0.101015
45.6	-0.537104	0.212191
45.7	-0.496952	0.318536
45.8	-0.444693	0.418449
45.9	-0.381324	0.510458
46	-0.308029	0.593237
46.1	-0.226156	0.66564
46.2	-0.137188	0.726713
46.3	-0.0427206	0.775715
46.4	0.0555729	0.81213
46.5	0.155971	0.835676
46.6	0.256737	0.846306
46.7	0.35615	0.844212
46.8	0.452541	0.829816
46.9	0.544319	0.803764
47	0.630006	0.76691
47.1	0.70826	0.7203
47.2	0.777901	0.665149
47.3	0.837937	0.602821
47.4	0.887576	0.534797
47.5	0.926244	0.462648
47.6	0.953594	0.388004
47.7	0.969513	0.312522
47.8	0.974121	0.237852
47.9	0.967769	0.165608
48	0.951034	0.0973296
48.1	0.924702	0.0344597
48.2	0.889756	-0.0216901
48.3	0.847354	-0.0699632
48.4	0.798806	-0.109381
48.5	0.745549	-0.139164
48.6	0.689116	-0.158746
48.7	0.631109	-0.167787
48.8	0.573162	-0.166179
48.9	0.516912	-0.154052
49	0.463963	-0.131771
49.1	0.415857	-0.0999288
49.2	0.374039	-0.0593358
49.3	0.339829	-0.0110067
49.4	0.314393	0.0438597
49.5	0.29872	0.103903
49.6	0.293601	0.167625
49.7	0.299607	0.233421
49.8	0.317081	0.29961
49.9	0.346123	0.364464
