# Length=60
#
#Bessel-like totient solution
#
# Energy  b0	b1	b2	b3	b4	b5
0	0.836675	0.512029	0.187383	0.050121	0.0131007	0.00228165
0.008	0.835153	0.513978	0.188692	0.0505868	0.013251	0.00231128
0.016	0.833612	0.51594	0.190013	0.0510583	0.0134035	0.00234137
0.024	0.83205	0.517913	0.191347	0.0515355	0.0135582	0.00237193
0.032	0.830466	0.519899	0.192694	0.0520185	0.0137151	0.00240297
0.04	0.828861	0.521896	0.194055	0.0525075	0.0138742	0.0024345
0.048	0.827235	0.523906	0.19543	0.0530023	0.0140356	0.00246652
0.056	0.825586	0.525928	0.196818	0.0535033	0.0141994	0.00249905
0.064	0.823915	0.527962	0.198219	0.0540104	0.0143655	0.0025321
0.072	0.82222	0.530008	0.199635	0.0545237	0.014534	0.00256567
0.08	0.820503	0.532067	0.201065	0.0550433	0.0147049	0.00259977
0.088	0.818762	0.534137	0.202509	0.0555694	0.0148783	0.00263442
0.096	0.816996	0.536221	0.203968	0.056102	0.0150542	0.00266962
0.104	0.815206	0.538316	0.205441	0.0566411	0.0152327	0.00270538
0.112	0.813392	0.540424	0.206929	0.0571869	0.0154137	0.00274172
0.12	0.811552	0.542545	0.208432	0.0577395	0.0155975	0.00277864
0.128	0.809686	0.544677	0.20995	0.058299	0.0157839	0.00281615
0.136	0.807794	0.546822	0.211483	0.0588655	0.015973	0.00285427
0.144	0.805875	0.54898	0.213032	0.059439	0.0161649	0.002893
0.152	0.803929	0.55115	0.214596	0.0600197	0.0163597	0.00293236
0.16	0.801956	0.553333	0.216176	0.0606077	0.0165573	0.00297236
0.168	0.799955	0.555528	0.217772	0.061203	0.0167578	0.00301301
0.176	0.797925	0.557735	0.219384	0.0618059	0.0169613	0.00305432
0.184	0.795866	0.559955	0.221013	0.0624163	0.0171679	0.0030963
0.192	0.793778	0.562188	0.222657	0.0630344	0.0173774	0.00313897
0.2	0.791659	0.564432	0.224319	0.0636602	0.0175901	0.00318234
0.208	0.78951	0.566689	0.225997	0.064294	0.017806	0.00322641
0.216	0.78733	0.568959	0.227692	0.0649358	0.0180251	0.00327122
0.224	0.785119	0.571241	0.229404	0.0655857	0.0182475	0.00331676
0.232	0.782875	0.573535	0.231134	0.0662439	0.0184732	0.00336305
0.24	0.780599	0.575841	0.232881	0.0669104	0.0187023	0.0034101
0.248	0.778289	0.578159	0.234646	0.0675854	0.0189348	0.00345793
0.256	0.775946	0.58049	0.236428	0.0682689	0.0191708	0.00350656
0.264	0.773568	0.582832	0.238229	0.0689612	0.0194104	0.00355599
0.272	0.771155	0.585187	0.240047	0.0696622	0.0196536	0.00360624
0.28	0.768707	0.587553	0.241884	0.0703722	0.0199004	0.00365733
0.288	0.766223	0.589931	0.24374	0.0710913	0.020151	0.00370927
0.296	0.763701	0.592321	0.245614	0.0718195	0.0204054	0.00376208
0.304	0.761142	0.594723	0.247507	0.0725571	0.0206637	0.00381577
0.312	0.758546	0.597136	0.24942	0.0733041	0.0209258	0.00387036
0.32	0.75591	0.59956	0.251351	0.0740606	0.021192	0.00392586
0.328	0.753235	0.601996	0.253302	0.0748268	0.0214622	0.0039823
0.336	0.75052	0.604442	0.255272	0.0756028	0.0217365	0.00403968
0.344	0.747764	0.6069	0.257262	0.0763887	0.022015	0.00409803
0.352	0.744966	0.609368	0.259272	0.0771847	0.0222977	0.00415736
0.36	0.742127	0.611847	0.261302	0.077991	0.0225848	0.0042177
0.368	0.739244	0.614336	0.263353	0.0788075	0.0228762	0.00427905
0.376	0.736318	0.616836	0.265423	0.0796345	0.0231722	0.00434144
0.384	0.733348	0.619346	0.267514	0.0804721	0.0234726	0.00440489
0.392	0.730333	0.621865	0.269626	0.0813204	0.0237777	0.00446941
0.4	0.727271	0.624394	0.271759	0.0821796	0.0240874	0.00453502
0.408	0.724163	0.626932	0.273913	0.0830497	0.0244019	0.00460175
0.416	0.721008	0.629479	0.276088	0.083931	0.0247212	0.00466961
0.424	0.717804	0.632035	0.278284	0.0848236	0.0250454	0.00473863
0.432	0.714551	0.6346	0.280501	0.0857276	0.0253745	0.00480881
0.44	0.711249	0.637173	0.282741	0.0866431	0.0257088	0.0048802
0.448	0.707896	0.639753	0.285001	0.0875702	0.0260482	0.0049528
0.456	0.704491	0.642341	0.287284	0.0885092	0.0263927	0.00502663
0.464	0.701034	0.644937	0.289589	0.0894602	0.0267426	0.00510173
0.472	0.697524	0.647539	0.291915	0.0904232	0.0270979	0.0051781
0.48	0.693959	0.650147	0.294264	0.0913985	0.0274586	0.00525578
0.488	0.69034	0.652761	0.296635	0.0923861	0.0278249	0.00533478
0.496	0.686665	0.655381	0.299029	0.0933862	0.0281967	0.00541513
0.504	0.682933	0.658007	0.301445	0.094399	0.0285743	0.00549685
0.512	0.679144	0.660636	0.303883	0.0954245	0.0289577	0.00557997
0.52	0.675296	0.66327	0.306344	0.0964629	0.029347	0.0056645
0.528	0.671389	0.665908	0.308828	0.0975144	0.0297422	0.00575048
0.536	0.667421	0.668548	0.311334	0.098579	0.0301434	0.00583792
0.544	0.663392	0.671192	0.313863	0.0996569	0.0305509	0.00592685
0.552	0.6593	0.673837	0.316415	0.100748	0.0309645	0.0060173
0.56	0.655146	0.676483	0.31899	0.101853	0.0313844	0.00610929
0.568	0.650927	0.67913	0.321588	0.102972	0.0318108	0.00620285
0.576	0.646643	0.681778	0.324209	0.104104	0.0322436	0.006298
0.584	0.642293	0.684424	0.326852	0.10525	0.032683	0.00639476
0.592	0.637876	0.68707	0.329518	0.106411	0.0331291	0.00649317
0.6	0.633391	0.689713	0.332208	0.107585	0.0335819	0.00659325
0.608	0.628837	0.692354	0.33492	0.108774	0.0340415	0.00669502
0.616	0.624213	0.69499	0.337654	0.109977	0.0345081	0.00679852
0.624	0.619518	0.697623	0.340411	0.111195	0.0349818	0.00690377
0.632	0.614751	0.70025	0.343191	0.112427	0.0354625	0.00701079
0.64	0.609911	0.702871	0.345993	0.113674	0.0359504	0.00711961
0.648	0.604997	0.705485	0.348818	0.114935	0.0364456	0.00723027
0.656	0.600009	0.70809	0.351665	0.116212	0.0369482	0.00734278
0.664	0.594944	0.710687	0.354534	0.117504	0.0374583	0.00745718
0.672	0.589803	0.713274	0.357424	0.11881	0.0379758	0.0075735
0.68	0.584584	0.715849	0.360337	0.120132	0.0385011	0.00769175
0.688	0.579287	0.718412	0.36327	0.121469	0.039034	0.00781197
0.696	0.573909	0.720962	0.366225	0.122821	0.0395748	0.00793418
0.704	0.568452	0.723498	0.369201	0.124188	0.0401234	0.00805842
0.712	0.562913	0.726017	0.372198	0.125571	0.04068	0.00818471
0.72	0.557291	0.72852	0.375215	0.126969	0.0412446	0.00831308
0.728	0.551587	0.731005	0.378252	0.128383	0.0418174	0.00844356
0.736	0.545798	0.73347	0.381308	0.129812	0.0423984	0.00857616
0.744	0.539924	0.735915	0.384384	0.131257	0.0429876	0.00871093
0.752	0.533965	0.738337	0.387479	0.132717	0.0435852	0.00884788
0.76	0.527919	0.740735	0.390593	0.134193	0.0441913	0.00898705
0.768	0.521786	0.743109	0.393724	0.135684	0.0448058	0.00912846
0.776	0.515565	0.745456	0.396873	0.137191	0.0454289	0.00927214
0.784	0.509255	0.747775	0.400039	0.138713	0.0460606	0.00941811
0.792	0.502855	0.750064	0.403222	0.14025	0.046701	0.00956639
0.8	0.496366	0.752322	0.406421	0.141803	0.0473501	0.00971703
0.808	0.489786	0.754547	0.409634	0.143372	0.0480081	0.00987003
0.816	0.483114	0.756738	0.412863	0.144955	0.0486749	0.0100254
0.824	0.476351	0.758892	0.416106	0.146554	0.0493506	0.0101832
0.832	0.469496	0.761008	0.419362	0.148168	0.0500353	0.0103435
0.84	0.462548	0.763084	0.42263	0.149797	0.050729	0.0105062
0.848	0.455506	0.765119	0.425911	0.151441	0.0514317	0.0106714
0.856	0.448372	0.76711	0.429203	0.1531	0.0521435	0.0108391
0.864	0.441144	0.769056	0.432505	0.154773	0.0528644	0.0110094
0.872	0.433821	0.770955	0.435816	0.156461	0.0535944	0.0111822
0.88	0.426405	0.772804	0.439136	0.158163	0.0543336	0.0113575
0.888	0.418895	0.774603	0.442463	0.15988	0.055082	0.0115355
0.896	0.411291	0.776348	0.445797	0.16161	0.0558395	0.0117161
0.904	0.403592	0.778038	0.449137	0.163354	0.0566063	0.0118993
0.912	0.3958	0.77967	0.452482	0.165111	0.0573823	0.0120851
0.92	0.387913	0.781243	0.45583	0.166882	0.0581674	0.0122736
0.928	0.379933	0.782755	0.45918	0.168666	0.0589618	0.0124648
0.936	0.37186	0.784203	0.462532	0.170463	0.0597654	0.0126586
0.944	0.363695	0.785586	0.465884	0.172272	0.0605782	0.0128551
0.952	0.355437	0.786901	0.469235	0.174093	0.0614001	0.0130544
0.96	0.347088	0.788146	0.472584	0.175926	0.0622311	0.0132564
0.968	0.338647	0.789319	0.47593	0.177771	0.0630712	0.0134611
0.976	0.330117	0.790418	0.479271	0.179627	0.0639204	0.0136686
0.984	0.321497	0.79144	0.482606	0.181494	0.0647787	0.0138788
0.992	0.31279	0.792384	0.485934	0.183371	0.0656458	0.0140917
1	0.303995	0.793248	0.489253	0.185258	0.0665219	0.0143074
1.008	0.295114	0.794029	0.492562	0.187155	0.0674069	0.0145259
1.016	0.286149	0.794725	0.49586	0.189062	0.0683006	0.0147471
1.024	0.2771	0.795334	0.499145	0.190977	0.0692031	0.0149712
1.032	0.26797	0.795853	0.502416	0.192901	0.0701142	0.0151979
1.04	0.25876	0.796282	0.505671	0.194833	0.0710339	0.0154275
1.048	0.249472	0.796618	0.508909	0.196772	0.071962	0.0156598
1.056	0.240107	0.796859	0.512128	0.198718	0.0728985	0.0158949
1.064	0.230667	0.797003	0.515328	0.200671	0.0738433	0.0161327
1.072	0.221155	0.797048	0.518505	0.20263	0.0747963	0.0163733
1.08	0.211573	0.796992	0.52166	0.204595	0.0757574	0.0166167
1.088	0.201922	0.796834	0.52479	0.206565	0.0767265	0.0168628
1.096	0.192206	0.796571	0.527894	0.208539	0.0777034	0.0171116
1.104	0.182427	0.796203	0.530971	0.210517	0.0786881	0.0173632
1.112	0.172587	0.795727	0.534018	0.212499	0.0796804	0.0176175
1.12	0.162689	0.795141	0.537035	0.214484	0.0806802	0.0178745
1.128	0.152736	0.794445	0.54002	0.216472	0.0816873	0.0181342
1.136	0.142731	0.793637	0.542971	0.218461	0.0827017	0.0183966
1.144	0.132677	0.792716	0.545888	0.220452	0.0837233	0.0186617
1.152	0.122576	0.791679	0.548768	0.222444	0.0847518	0.0189294
1.16	0.112433	0.790527	0.55161	0.224436	0.0857872	0.0191998
1.168	0.102249	0.789258	0.554414	0.226428	0.0868292	0.0194728
1.176	0.0920294	0.787871	0.557177	0.228419	0.0878779	0.0197485
1.184	0.0817766	0.786366	0.559898	0.230409	0.0889331	0.0200268
1.192	0.0714943	0.78474	0.562576	0.232397	0.0899945	0.0203077
1.2	0.061186	0.782995	0.56521	0.234383	0.0910622	0.0205912
1.208	0.0508554	0.781128	0.567798	0.236366	0.0921359	0.0208773
1.216	0.0405061	0.77914	0.57034	0.238346	0.0932155	0.021166
1.224	0.0301419	0.777031	0.572834	0.240322	0.094301	0.0214572
1.232	0.0197665	0.774799	0.575279	0.242294	0.0953922	0.021751
1.24	0.0093837	0.772445	0.577674	0.244262	0.0964889	0.0220473
1.248	-0.00100256	0.769968	0.580019	0.246225	0.0975911	0.0223462
1.256	-0.0113884	0.76737	0.582312	0.248182	0.0986987	0.0226476
1.264	-0.02177	0.764649	0.584552	0.250133	0.0998116	0.0229516
1.272	-0.0321435	0.761807	0.586739	0.252078	0.10093	0.023258
1.28	-0.0425047	0.758843	0.588872	0.254016	0.102053	0.023567
1.288	-0.05285	0.755758	0.59095	0.255948	0.103181	0.0238786
1.296	-0.0631752	0.752553	0.592972	0.257872	0.104314	0.0241926
1.304	-0.0734766	0.749228	0.594939	0.259789	0.105452	0.0245092
1.312	-0.0837501	0.745784	0.596849	0.261698	0.106595	0.0248283
1.32	-0.0939919	0.742222	0.598703	0.263599	0.107742	0.02515
1.328	-0.104198	0.738543	0.600499	0.265492	0.108894	0.0254742
1.336	-0.114365	0.734748	0.602238	0.267376	0.110051	0.025801
1.344	-0.124489	0.730838	0.603919	0.269252	0.111213	0.0261303
1.352	-0.134566	0.726815	0.605542	0.271118	0.112379	0.0264623
1.36	-0.144592	0.72268	0.607108	0.272977	0.113551	0.0267969
1.368	-0.154565	0.718434	0.608615	0.274826	0.114726	0.0271342
1.376	-0.164479	0.714078	0.610064	0.276666	0.115907	0.0274741
1.384	-0.174333	0.709615	0.611456	0.278497	0.117092	0.0278167
1.392	-0.184121	0.705046	0.612789	0.280319	0.118283	0.0281621
1.4	-0.193842	0.700373	0.614066	0.282132	0.119478	0.0285103
1.408	-0.203491	0.695597	0.615285	0.283936	0.120678	0.0288613
1.416	-0.213066	0.690721	0.616447	0.285732	0.121883	0.0292152
1.424	-0.222564	0.685745	0.617553	0.287518	0.123094	0.029572
1.432	-0.231981	0.680673	0.618603	0.289296	0.12431	0.0299318
1.44	-0.241314	0.675506	0.619597	0.291066	0.125531	0.0302946
1.448	-0.250561	0.670246	0.620537	0.292827	0.126759	0.0306604
1.456	-0.259719	0.664895	0.621422	0.294581	0.127991	0.0310295
1.464	-0.268786	0.659455	0.622253	0.296326	0.12923	0.0314018
1.472	-0.277758	0.653928	0.623032	0.298064	0.130475	0.0317773
1.48	-0.286633	0.648316	0.623758	0.299795	0.131727	0.0321563
1.488	-0.29541	0.642622	0.624432	0.30152	0.132985	0.0325387
1.496	-0.304085	0.636847	0.625056	0.303237	0.13425	0.0329247
1.504	-0.312657	0.630994	0.62563	0.304949	0.135522	0.0333143
1.512	-0.321124	0.625064	0.626155	0.306655	0.136802	0.0337076
1.52	-0.329483	0.619061	0.626632	0.308355	0.138089	0.0341048
1.528	-0.337733	0.612985	0.627062	0.310051	0.139384	0.0345058
1.536	-0.345873	0.606838	0.627446	0.311742	0.140687	0.034911
1.544	-0.3539	0.600624	0.627784	0.31343	0.141999	0.0353203
1.552	-0.361812	0.594344	0.628078	0.315114	0.14332	0.0357339
1.56	-0.36961	0.587999	0.628329	0.316795	0.14465	0.0361518
1.568	-0.37729	0.581592	0.628538	0.318474	0.14599	0.0365744
1.576	-0.384852	0.575125	0.628705	0.320151	0.14734	0.0370015
1.584	-0.392295	0.5686	0.628832	0.321826	0.1487	0.0374335
1.592	-0.399617	0.562018	0.62892	0.323502	0.150071	0.0378704
1.6	-0.406818	0.555382	0.62897	0.325177	0.151454	0.0383124
1.608	-0.413896	0.548692	0.628983	0.326852	0.152848	0.0387596
1.616	-0.420851	0.541951	0.62896	0.328529	0.154254	0.0392123
1.624	-0.427681	0.53516	0.628901	0.330208	0.155673	0.0396705
1.632	-0.434387	0.528322	0.628809	0.331889	0.157105	0.0401344
1.64	-0.440967	0.521436	0.628684	0.333574	0.15855	0.0406043
1.648	-0.44742	0.514506	0.628526	0.335262	0.160009	0.0410802
1.656	-0.453747	0.507532	0.628338	0.336954	0.161483	0.0415624
1.664	-0.459946	0.500515	0.62812	0.338652	0.162972	0.042051
1.672	-0.466018	0.493458	0.627872	0.340356	0.164477	0.0425463
1.68	-0.471961	0.486361	0.627597	0.342067	0.165998	0.0430484
1.688	-0.477776	0.479225	0.627294	0.343784	0.167535	0.0435576
1.696	-0.483461	0.472052	0.626965	0.34551	0.16909	0.0440741
1.704	-0.489017	0.464842	0.62661	0.347244	0.170663	0.044598
1.712	-0.494443	0.457597	0.626231	0.348988	0.172254	0.0451297
1.72	-0.499739	0.450317	0.625828	0.350742	0.173865	0.0456692
1.728	-0.504905	0.443004	0.625402	0.352507	0.175495	0.046217
1.736	-0.50994	0.435657	0.624954	0.354284	0.177145	0.0467732
1.744	-0.514844	0.428279	0.624484	0.356073	0.178817	0.047338
1.752	-0.519618	0.420868	0.623993	0.357875	0.18051	0.0479117
1.76	-0.52426	0.413427	0.623482	0.359691	0.182226	0.0484946
1.768	-0.528771	0.405955	0.622952	0.361522	0.183965	0.049087
1.776	-0.53315	0.398454	0.622403	0.363368	0.185727	0.0496891
1.784	-0.537396	0.390922	0.621836	0.36523	0.187514	0.0503011
1.792	-0.541511	0.383361	0.62125	0.367109	0.189326	0.0509235
1.8	-0.545493	0.375771	0.620647	0.369005	0.191164	0.0515564
1.808	-0.549342	0.368153	0.620028	0.37092	0.193029	0.0522002
1.816	-0.553058	0.360505	0.619391	0.372854	0.194922	0.0528552
1.824	-0.556641	0.352829	0.618739	0.374808	0.196842	0.0535217
1.832	-0.560089	0.345125	0.61807	0.376782	0.198792	0.0542
1.84	-0.563404	0.337391	0.617386	0.378777	0.200772	0.0548905
1.848	-0.566583	0.329629	0.616687	0.380794	0.202782	0.0555934
1.856	-0.569627	0.321838	0.615972	0.382834	0.204824	0.0563093
1.864	-0.572535	0.314017	0.615242	0.384897	0.206899	0.0570383
1.872	-0.575307	0.306168	0.614497	0.386984	0.209006	0.0577809
1.88	-0.577942	0.298288	0.613736	0.389096	0.211148	0.0585374
1.888	-0.580438	0.290379	0.612961	0.391234	0.213325	0.0593082
1.896	-0.582796	0.282438	0.61217	0.393397	0.215537	0.0600938
1.904	-0.585015	0.274467	0.611363	0.395587	0.217787	0.0608944
1.912	-0.587092	0.266465	0.610541	0.397804	0.220074	0.0617106
1.92	-0.589029	0.25843	0.609703	0.40005	0.2224	0.0625427
1.928	-0.590823	0.250362	0.608849	0.402324	0.224766	0.0633911
1.936	-0.592473	0.242261	0.607977	0.404627	0.227172	0.0642563
1.944	-0.593978	0.234126	0.607089	0.406959	0.22962	0.0651388
1.952	-0.595337	0.225957	0.606182	0.409323	0.23211	0.0660389
1.96	-0.596547	0.217751	0.605258	0.411716	0.234644	0.0669571
1.968	-0.597609	0.20951	0.604313	0.414142	0.237222	0.0678939
1.976	-0.59852	0.201231	0.603349	0.416599	0.239846	0.0688498
1.984	-0.599278	0.192915	0.602364	0.419088	0.242516	0.0698253
1.992	-0.599881	0.184559	0.601358	0.42161	0.245234	0.0708208
2	-0.600328	0.176164	0.600328	0.424164	0.248001	0.0718368
2.008	-0.600616	0.167728	0.599275	0.426753	0.250816	0.0728739
2.016	-0.600744	0.15925	0.598196	0.429374	0.253683	0.0739325
2.024	-0.600708	0.15073	0.597091	0.43203	0.256601	0.0750133
2.032	-0.600507	0.142167	0.595958	0.43472	0.259571	0.0761166
2.04	-0.600137	0.133559	0.594795	0.437444	0.262596	0.0772431
2.048	-0.599597	0.124906	0.593601	0.440203	0.265674	0.0783933
2.056	-0.598883	0.116207	0.592375	0.442996	0.268808	0.0795678
2.064	-0.597992	0.10746	0.591114	0.445823	0.271999	0.080767
2.072	-0.596921	0.0986655	0.589817	0.448685	0.275247	0.0819915
2.08	-0.595667	0.0898222	0.588481	0.45158	0.278553	0.083242
2.088	-0.594226	0.0809291	0.587104	0.45451	0.281919	0.0845188
2.096	-0.592595	0.0719856	0.585684	0.457473	0.285344	0.0858227
2.104	-0.59077	0.0629908	0.584219	0.460469	0.288831	0.0871541
2.112	-0.588747	0.0539442	0.582705	0.463498	0.292379	0.0885136
2.12	-0.586522	0.0448452	0.581141	0.466559	0.29599	0.0899018
2.128	-0.584091	0.0356931	0.579523	0.469651	0.299663	0.0913191
2.136	-0.58145	0.0264877	0.577848	0.472773	0.303401	0.0927662
2.144	-0.578594	0.0172284	0.576113	0.475924	0.307202	0.0942435
2.152	-0.575518	0.00791526	0.574315	0.479104	0.311069	0.0957515
2.16	-0.572217	-0.001452	0.57245	0.48231	0.315	0.0972907
2.168	-0.568688	-0.0108733	0.570515	0.485541	0.318997	0.0988616
2.176	-0.564924	-0.0203484	0.568505	0.488797	0.32306	0.100465
2.184	-0.56092	-0.029877	0.566417	0.492074	0.327188	0.1021
2.192	-0.556672	-0.0394586	0.564248	0.495371	0.331383	0.103769
2.2	-0.552173	-0.0490924	0.561991	0.498685	0.335642	0.105471
2.208	-0.547418	-0.0587774	0.559644	0.502015	0.339967	0.107207
2.216	-0.542402	-0.0685124	0.5572	0.505358	0.344357	0.108976
2.224	-0.537118	-0.0782961	0.554657	0.50871	0.348812	0.11078
2.232	-0.531562	-0.0881267	0.552008	0.512069	0.35333	0.112618
2.24	-0.525727	-0.0980022	0.549248	0.515431	0.35791	0.114491
2.248	-0.519608	-0.10792	0.546372	0.518792	0.362552	0.116398
2.256	-0.513199	-0.117878	0.543375	0.522149	0.367253	0.11834
2.264	-0.506493	-0.127873	0.540252	0.525498	0.372013	0.120317
2.272	-0.499486	-0.137901	0.536995	0.528834	0.37683	0.122328
2.28	-0.492172	-0.147959	0.5336	0.532152	0.381701	0.124373
2.288	-0.484545	-0.158043	0.530061	0.535447	0.386623	0.126452
2.296	-0.4766	-0.168147	0.526372	0.538713	0.391595	0.128565
2.304	-0.468333	-0.178268	0.522526	0.541946	0.396614	0.130711
2.312	-0.459738	-0.188398	0.518518	0.545138	0.401675	0.13289
2.32	-0.45081	-0.198532	0.514341	0.548284	0.406776	0.1351
2.328	-0.441547	-0.208664	0.509988	0.551376	0.411912	0.137341
2.336	-0.431943	-0.218786	0.505455	0.554408	0.417079	0.139612
2.344	-0.421997	-0.22889	0.500735	0.557372	0.422273	0.141912
2.352	-0.411705	-0.238969	0.495821	0.560261	0.427489	0.14424
2.36	-0.401064	-0.249013	0.490709	0.563067	0.43272	0.146595
2.368	-0.390075	-0.259013	0.485392	0.565781	0.437962	0.148974
2.376	-0.378735	-0.268959	0.479864	0.568395	0.443209	0.151376
2.384	-0.367046	-0.278841	0.474121	0.5709	0.448453	0.153801
2.392	-0.355007	-0.288648	0.468157	0.573288	0.453689	0.156245
2.4	-0.342622	-0.298368	0.461969	0.575549	0.458909	0.158706
2.408	-0.329892	-0.307988	0.455551	0.577674	0.464106	0.161183
2.416	-0.316821	-0.317497	0.4489	0.579655	0.469273	0.163674
2.424	-0.303415	-0.326881	0.442013	0.58148	0.474401	0.166175
2.432	-0.289679	-0.336127	0.434886	0.583143	0.479482	0.168684
2.44	-0.275621	-0.345222	0.427519	0.584632	0.484508	0.1712
2.448	-0.261249	-0.35415	0.419909	0.58594	0.48947	0.173718
2.456	-0.246573	-0.362899	0.412055	0.587057	0.49436	0.176236
2.464	-0.231604	-0.371453	0.403958	0.587974	0.49917	0.178752
2.472	-0.216353	-0.379797	0.395617	0.588683	0.503891	0.181262
2.48	-0.200835	-0.387918	0.387036	0.589177	0.508513	0.183763
2.488	-0.185064	-0.395801	0.378215	0.589447	0.513029	0.186253
2.496	-0.169056	-0.403432	0.369158	0.589487	0.517431	0.188728
2.504	-0.152829	-0.410795	0.35987	0.589291	0.521709	0.191186
2.512	-0.1364	-0.417879	0.350354	0.588852	0.525857	0.193624
2.52	-0.119789	-0.424669	0.340617	0.588165	0.529867	0.196038
2.528	-0.103017	-0.431152	0.330665	0.587226	0.533732	0.198427
2.536	-0.0861034	-0.437317	0.320505	0.586031	0.537445	0.200788
2.544	-0.0690718	-0.443152	0.310146	0.584578	0.541	0.203117
2.552	-0.0519446	-0.448646	0.299597	0.582865	0.544392	0.205414
2.56	-0.034745	-0.453789	0.288867	0.58089	0.547615	0.207676
2.568	-0.0174967	-0.458572	0.277966	0.578654	0.550666	0.2099
2.576	-0.000223915	-0.462988	0.266905	0.576156	0.553541	0.212086
2.584	0.0170492	-0.46703	0.255696	0.573399	0.556237	0.214233
2.592	0.0342983	-0.47069	0.24435	0.570385	0.558752	0.216338
2.6	0.0514993	-0.473965	0.23288	0.567117	0.561084	0.218401
2.608	0.0686281	-0.476851	0.221297	0.563599	0.563233	0.220421
2.616	0.0856612	-0.479345	0.209615	0.559837	0.565199	0.222399
2.624	0.102575	-0.481444	0.197846	0.555834	0.566982	0.224333
2.632	0.119348	-0.48315	0.186003	0.551599	0.568585	0.226225
2.64	0.135958	-0.484462	0.174098	0.547137	0.570009	0.228075
2.648	0.152383	-0.485381	0.162144	0.542456	0.571256	0.229883
2.656	0.168604	-0.48591	0.150153	0.537563	0.572331	0.231651
2.664	0.184601	-0.486052	0.138137	0.532466	0.573238	0.233379
2.672	0.200357	-0.485811	0.126109	0.527175	0.57398	0.23507
2.68	0.215853	-0.485192	0.114078	0.521697	0.574562	0.236725
2.688	0.231074	-0.4842	0.102056	0.516042	0.574991	0.238346
2.696	0.246005	-0.482841	0.0900526	0.510217	0.575271	0.239936
2.704	0.260632	-0.481122	0.0780781	0.504234	0.575409	0.241496
2.712	0.274942	-0.47905	0.0661413	0.498099	0.57541	0.243029
2.72	0.288924	-0.476632	0.0542506	0.491822	0.575281	0.244538
2.728	0.302567	-0.473874	0.0424138	0.485411	0.575029	0.246026
2.736	0.315861	-0.470787	0.0306383	0.478875	0.57466	0.247495
2.744	0.328797	-0.467376	0.0189304	0.472222	0.57418	0.248949
2.752	0.341369	-0.46365	0.00729619	0.465459	0.573597	0.25039
2.76	0.353568	-0.459617	-0.00425909	0.458594	0.572916	0.251822
2.768	0.365389	-0.455284	-0.0157307	0.451634	0.572144	0.253247
2.776	0.376826	-0.450659	-0.0271147	0.444586	0.571288	0.25467
2.784	0.387876	-0.44575	-0.0384075	0.437454	0.570352	0.256094
2.792	0.398533	-0.440564	-0.049606	0.430246	0.569343	0.257521
2.8	0.408794	-0.435107	-0.060708	0.422966	0.568267	0.258954
2.808	0.418656	-0.429387	-0.0717113	0.415618	0.567128	0.260399
2.816	0.428115	-0.423408	-0.0826145	0.408207	0.565931	0.261856
2.824	0.43717	-0.417177	-0.0934164	0.400736	0.564682	0.26333
2.832	0.445818	-0.410699	-0.104116	0.393208	0.563383	0.264824
2.84	0.454057	-0.40398	-0.114714	0.385625	0.562039	0.26634
2.848	0.461884	-0.397022	-0.125209	0.37799	0.560654	0.267883
2.856	0.469297	-0.389831	-0.135602	0.370304	0.559229	0.269454
2.864	0.476293	-0.382408	-0.145892	0.362567	0.557768	0.271058
2.872	0.48287	-0.374758	-0.156081	0.35478	0.556273	0.272696
2.88	0.489026	-0.366882	-0.166169	0.346942	0.554744	0.274371
2.888	0.494755	-0.358782	-0.176157	0.339053	0.553183	0.276087
2.896	0.500056	-0.35046	-0.186045	0.331111	0.551591	0.277846
2.904	0.504924	-0.341915	-0.195833	0.323115	0.549967	0.279649
2.912	0.509354	-0.333147	-0.205523	0.315061	0.54831	0.2815
2.92	0.51334	-0.324158	-0.215115	0.306948	0.54662	0.283401
2.928	0.516877	-0.314944	-0.224609	0.298772	0.544893	0.285353
2.936	0.519958	-0.305506	-0.234005	0.29053	0.543128	0.287359
2.944	0.522575	-0.29584	-0.243302	0.282216	0.541321	0.28942
2.952	0.524719	-0.285946	-0.252499	0.273826	0.539468	0.291537
2.96	0.526382	-0.275819	-0.261596	0.265355	0.537565	0.293712
2.968	0.527551	-0.265456	-0.27059	0.256798	0.535605	0.295946
2.976	0.528217	-0.254855	-0.279478	0.248148	0.533581	0.29824
2.984	0.528365	-0.244011	-0.288259	0.239398	0.531487	0.300593
2.992	0.527982	-0.232919	-0.296926	0.230544	0.529314	0.303005
3	0.527052	-0.221576	-0.305476	0.221576	0.527052	0.305476
3.008	0.52556	-0.209977	-0.313903	0.212488	0.524691	0.308006
3.016	0.523486	-0.198117	-0.322199	0.203273	0.522219	0.310591
3.024	0.520812	-0.185993	-0.330356	0.193921	0.519623	0.313231
3.032	0.517518	-0.173599	-0.338364	0.184426	0.516888	0.315921
3.04	0.51358	-0.160931	-0.346211	0.17478	0.514	0.31866
3.048	0.508976	-0.147987	-0.353885	0.164974	0.51094	0.321442
3.056	0.503681	-0.134763	-0.361372	0.155	0.507691	0.324261
3.064	0.49767	-0.121257	-0.368653	0.14485	0.504233	0.327111
3.072	0.490915	-0.107467	-0.37571	0.134519	0.500543	0.329986
3.08	0.48339	-0.0933954	-0.382523	0.123997	0.4966	0.332875
3.088	0.475065	-0.0790423	-0.389067	0.11328	0.492378	0.335769
3.096	0.465912	-0.064412	-0.395316	0.102362	0.487852	0.338656
3.104	0.455902	-0.0495101	-0.401243	0.0912394	0.482993	0.341523
3.112	0.445007	-0.0343452	-0.406815	0.0799086	0.477774	0.344355
3.12	0.4332	-0.0189286	-0.412	0.0683686	0.472164	0.347136
3.128	0.420454	-0.00327494	-0.41676	0.0566202	0.466132	0.349847
3.136	0.406745	0.0125975	-0.421056	0.0446661	0.459647	0.352469
3.144	0.392053	0.0286662	-0.424847	0.0325118	0.452677	0.35498
3.152	0.37636	0.0449044	-0.42809	0.0201653	0.44519	0.357356
3.16	0.359653	0.0612803	-0.430738	0.00763787	0.437154	0.359572
3.168	0.341926	0.0777572	-0.432747	-0.0050558	0.42854	0.361601
3.176	0.323178	0.0942932	-0.434067	-0.0178975	0.419319	0.363416
3.184	0.303416	0.110841	-0.434651	-0.030865	0.409466	0.364989
3.192	0.282656	0.127347	-0.434454	-0.0439322	0.398957	0.366289
3.2	0.260923	0.143755	-0.433429	-0.0570692	0.387774	0.367288
3.208	0.238254	0.160001	-0.431535	-0.0702417	0.375903	0.367957
3.216	0.214694	0.176018	-0.428732	-0.083412	0.363337	0.368268
3.224	0.190302	0.191736	-0.424987	-0.0965388	0.350073	0.368196
3.232	0.165149	0.207081	-0.420273	-0.109578	0.336117	0.367716
3.24	0.139313	0.221979	-0.414567	-0.122483	0.32148	0.366808
3.248	0.112888	0.236354	-0.407858	-0.135205	0.306184	0.365455
3.256	0.0859745	0.250132	-0.400141	-0.147696	0.290255	0.363646
3.264	0.0586823	0.263241	-0.391419	-0.159907	0.273728	0.361371
3.272	0.0311283	0.275614	-0.381709	-0.171789	0.256647	0.358628
3.28	0.00343408	0.287186	-0.371032	-0.183297	0.239058	0.355419
3.288	-0.0242756	0.297901	-0.359421	-0.194388	0.221017	0.351752
3.296	-0.0518754	0.307711	-0.346918	-0.205023	0.202581	0.34764
3.304	-0.0792415	0.316573	-0.333569	-0.215168	0.183813	0.343101
3.312	-0.106254	0.324455	-0.319431	-0.224792	0.164774	0.338157
3.32	-0.132797	0.331333	-0.304563	-0.233873	0.145529	0.332833
3.328	-0.158764	0.337193	-0.289029	-0.242392	0.126141	0.327159
3.336	-0.184056	0.342028	-0.272894	-0.250336	0.106671	0.321165
3.344	-0.208583	0.34584	-0.256226	-0.257699	0.0871759	0.314886
3.352	-0.232267	0.348638	-0.239092	-0.264478	0.0677106	0.308354
3.36	-0.255038	0.350438	-0.221557	-0.270677	0.0483241	0.301605
3.368	-0.276838	0.35126	-0.203685	-0.276304	0.0290606	0.29467
3.376	-0.297621	0.351129	-0.185533	-0.281369	0.0099589	0.287583
3.384	-0.317346	0.350075	-0.167158	-0.285886	-0.00894787	0.280375
3.392	-0.335985	0.34813	-0.148611	-0.289874	-0.027632	0.273074
3.4	-0.353516	0.345325	-0.129939	-0.29335	-0.0460711	0.265707
3.408	-0.369926	0.341695	-0.111181	-0.296333	-0.0642478	0.258299
3.416	-0.385204	0.337274	-0.0923765	-0.298846	-0.0821495	0.250871
3.424	-0.399349	0.332096	-0.0735555	-0.300908	-0.0997676	0.243442
3.432	-0.41236	0.326191	-0.0547459	-0.302541	-0.117097	0.23603
3.44	-0.424241	0.319592	-0.035971	-0.303765	-0.134137	0.228648
3.448	-0.434999	0.312327	-0.0172504	-0.304599	-0.150888	0.221308
3.456	-0.44464	0.304423	0.00139994	-0.305061	-0.167353	0.214021
3.464	-0.453173	0.295906	0.0199668	-0.30517	-0.183538	0.206794
3.472	-0.460606	0.286798	0.0384394	-0.304941	-0.199448	0.199633
3.48	-0.466948	0.277121	0.0568092	-0.304389	-0.215092	0.192542
3.488	-0.472205	0.266893	0.0750692	-0.303526	-0.230475	0.185523
3.496	-0.476385	0.256131	0.0932136	-0.302365	-0.245605	0.17858
3.504	-0.479492	0.24485	0.111237	-0.300914	-0.260491	0.171711
3.512	-0.48153	0.233065	0.129136	-0.299182	-0.275137	0.164916
3.52	-0.482501	0.220787	0.146904	-0.297177	-0.289549	0.158194
3.528	-0.482404	0.208028	0.164537	-0.294904	-0.303732	0.151542
3.536	-0.481241	0.194799	0.18203	-0.292367	-0.317688	0.14496
3.544	-0.479006	0.181109	0.199374	-0.289569	-0.331417	0.138442
3.552	-0.475698	0.166969	0.216563	-0.286511	-0.34492	0.131987
3.56	-0.47131	0.152388	0.233585	-0.283196	-0.358191	0.125592
3.568	-0.465838	0.137378	0.250429	-0.279622	-0.371226	0.119252
3.576	-0.459275	0.12195	0.267081	-0.275789	-0.384016	0.112966
3.584	-0.451615	0.106117	0.283525	-0.271696	-0.39655	0.106731
3.592	-0.442853	0.0898945	0.299741	-0.267341	-0.408816	0.100544
3.6	-0.432984	0.0732981	0.315707	-0.262723	-0.420796	0.094404
3.608	-0.422007	0.0563474	0.3314	-0.257839	-0.432473	0.0883093
3.616	-0.409919	0.0390642	0.346792	-0.252688	-0.443824	0.0822595
3.624	-0.396725	0.0214735	0.361852	-0.247269	-0.454825	0.0762549
3.632	-0.38243	0.00360354	0.376549	-0.241583	-0.465452	0.0702964
3.64	-0.367045	-0.0145138	0.390848	-0.235629	-0.475674	0.0643861
3.648	-0.350586	-0.0328432	0.404711	-0.22941	-0.485464	0.0585266
3.656	-0.333073	-0.0513454	0.418101	-0.222929	-0.494789	0.0527217
3.664	-0.314536	-0.0699777	0.430978	-0.216192	-0.503619	0.046976
3.672	-0.295006	-0.0886936	0.443302	-0.209205	-0.511921	0.0412952
3.68	-0.274527	-0.107444	0.455033	-0.201979	-0.519666	0.0356855
3.688	-0.253147	-0.126176	0.466131	-0.194523	-0.526822	0.0301541
3.696	-0.23092	-0.144834	0.476559	-0.186851	-0.533362	0.0247089
3.704	-0.207911	-0.163364	0.486283	-0.178979	-0.539261	0.0193581
3.712	-0.184188	-0.181706	0.495269	-0.170925	-0.544496	0.0141107
3.72	-0.159828	-0.199804	0.503491	-0.162709	-0.549049	0.00897542
3.728	-0.134911	-0.2176	0.510924	-0.154352	-0.552908	0.00396143
3.736	-0.109522	-0.235039	0.51755	-0.145878	-0.556062	-0.000922421
3.744	-0.0837521	-0.252067	0.523357	-0.137311	-0.558508	-0.00566756
3.752	-0.0576908	-0.268634	0.528337	-0.128676	-0.560249	-0.0102659
3.76	-0.0314304	-0.284694	0.532491	-0.12	-0.561291	-0.0147102
3.768	-0.00506275	-0.300204	0.535824	-0.111309	-0.561648	-0.0189937
3.776	0.0213221	-0.31513	0.538348	-0.102628	-0.561337	-0.023111
3.784	0.0476371	-0.329438	0.54008	-0.0939849	-0.560381	-0.0270573
3.792	0.0737987	-0.343104	0.541043	-0.0854024	-0.558807	-0.0308294
3.8	0.0997287	-0.356108	0.541265	-0.0769045	-0.556646	-0.0344248
3.808	0.125354	-0.368436	0.540778	-0.0685127	-0.553933	-0.0378424
3.816	0.150609	-0.380081	0.539618	-0.0602472	-0.550703	-0.0410822
3.824	0.175434	-0.391039	0.537822	-0.0521261	-0.546996	-0.0441453
3.832	0.199775	-0.401314	0.535432	-0.0441654	-0.542852	-0.0470337
3.84	0.223589	-0.410912	0.532489	-0.0363791	-0.53831	-0.0497505
3.848	0.246835	-0.419844	0.529037	-0.028779	-0.533411	-0.0522995
3.856	0.269484	-0.428125	0.525117	-0.0213748	-0.528195	-0.0546853
3.864	0.291509	-0.435774	0.520774	-0.0141743	-0.522701	-0.0569131
3.872	0.312893	-0.44281	0.516048	-0.00718325	-0.516967	-0.0589885
3.88	0.333622	-0.449256	0.51098	-0.000405619	-0.511028	-0.0609178
3.888	0.35369	-0.455137	0.505609	0.00615624	-0.504919	-0.0627072
3.896	0.373092	-0.460477	0.499972	0.0125015	-0.498672	-0.0643634
3.904	0.391829	-0.465302	0.494105	0.0186307	-0.492317	-0.0658931
3.912	0.409908	-0.469639	0.48804	0.0245456	-0.48588	-0.0673031
3.92	0.427336	-0.473513	0.481809	0.030249	-0.479389	-0.0686001
3.928	0.444124	-0.476952	0.475439	0.0357444	-0.472866	-0.0697907
3.936	0.460285	-0.479981	0.468958	0.0410363	-0.466331	-0.0708815
3.944	0.475833	-0.482624	0.462388	0.0461298	-0.459805	-0.0718788
3.952	0.490785	-0.484906	0.455752	0.0510303	-0.453303	-0.0727888
3.96	0.505158	-0.486852	0.449071	0.0557438	-0.446841	-0.0736174
3.968	0.518971	-0.488482	0.442361	0.0602764	-0.440432	-0.0743702
3.976	0.532242	-0.489818	0.435639	0.0646347	-0.434088	-0.0750528
3.984	0.54499	-0.490882	0.42892	0.0688251	-0.427819	-0.0756702
3.992	0.557235	-0.491692	0.422216	0.0728543	-0.421633	-0.0762273
4	0.568995	-0.492267	0.415538	0.0767289	-0.415538	-0.0767289
4.008	0.580291	-0.492623	0.408896	0.0804556	-0.40954	-0.0771793
4.016	0.591139	-0.492777	0.402299	0.0840408	-0.403644	-0.0775825
4.024	0.60156	-0.492744	0.395755	0.0874911	-0.397855	-0.0779426
4.032	0.61157	-0.492539	0.38927	0.0908127	-0.392176	-0.078263
4.04	0.621187	-0.492175	0.382849	0.0940117	-0.386609	-0.0785474
4.048	0.630429	-0.491663	0.376497	0.0970942	-0.381157	-0.0787987
4.056	0.639311	-0.491016	0.370218	0.100066	-0.375822	-0.07902
4.064	0.64785	-0.490244	0.364015	0.102933	-0.370602	-0.0792142
4.072	0.65606	-0.489358	0.35789	0.1057	-0.365501	-0.0793837
4.08	0.663956	-0.488366	0.351846	0.108372	-0.360516	-0.0795311
4.088	0.671551	-0.487278	0.345884	0.110956	-0.355648	-0.0796586
4.096	0.678861	-0.4861	0.340005	0.113454	-0.350897	-0.0797683
4.104	0.685896	-0.484841	0.33421	0.115873	-0.346261	-0.0798622
4.112	0.692669	-0.483508	0.328499	0.118217	-0.341739	-0.0799421
4.12	0.699192	-0.482106	0.322872	0.120489	-0.33733	-0.0800098
4.128	0.705477	-0.480641	0.317328	0.122695	-0.333033	-0.0800668
4.136	0.711532	-0.47912	0.311868	0.124838	-0.328846	-0.0801145
4.144	0.717369	-0.477547	0.306491	0.126921	-0.324767	-0.0801545
4.152	0.722997	-0.475926	0.301195	0.128949	-0.320795	-0.080188
4.16	0.728425	-0.474261	0.29598	0.130925	-0.316928	-0.0802162
4.168	0.733661	-0.472558	0.290844	0.132852	-0.313164	-0.0802402
4.176	0.738715	-0.470819	0.285787	0.134733	-0.3095	-0.080261
4.184	0.743593	-0.469047	0.280807	0.136572	-0.305936	-0.0802798
4.192	0.748303	-0.467247	0.275902	0.138371	-0.302469	-0.0802973
4.2	0.752851	-0.465419	0.271071	0.140134	-0.299098	-0.0803146
4.208	0.757246	-0.463568	0.266312	0.141863	-0.29582	-0.0803323
4.216	0.761492	-0.461695	0.261624	0.14356	-0.292633	-0.0803512
4.224	0.765597	-0.459803	0.257006	0.145228	-0.289537	-0.0803722
4.232	0.769565	-0.457894	0.252454	0.14687	-0.286528	-0.0803958
4.24	0.773402	-0.455969	0.247968	0.148488	-0.283605	-0.0804227
4.248	0.777113	-0.45403	0.243546	0.150084	-0.280767	-0.0804536
4.256	0.780703	-0.452079	0.239187	0.15166	-0.278012	-0.0804889
4.264	0.784176	-0.450117	0.234888	0.153218	-0.275337	-0.0805294
4.272	0.787537	-0.448145	0.230647	0.154761	-0.272742	-0.0805754
4.28	0.790791	-0.446164	0.226464	0.156291	-0.270225	-0.0806276
4.288	0.79394	-0.444176	0.222336	0.157808	-0.267784	-0.0806864
4.296	0.796989	-0.442182	0.218261	0.159316	-0.265418	-0.0807522
4.304	0.799941	-0.440182	0.214238	0.160816	-0.263126	-0.0808256
4.312	0.8028	-0.438177	0.210265	0.162309	-0.260905	-0.080907
4.32	0.805568	-0.436167	0.20634	0.163799	-0.258755	-0.0809968
4.328	0.808248	-0.434154	0.202462	0.165285	-0.256675	-0.0810955
4.336	0.810845	-0.432137	0.198628	0.16677	-0.254663	-0.0812035
4.344	0.813359	-0.430118	0.194838	0.168256	-0.252718	-0.0813211
4.352	0.815794	-0.428096	0.191089	0.169744	-0.250839	-0.0814489
4.36	0.818151	-0.426073	0.18738	0.171236	-0.249025	-0.0815871
4.368	0.820434	-0.424047	0.183709	0.172733	-0.247275	-0.0817363
4.376	0.822645	-0.42202	0.180074	0.174238	-0.245587	-0.0818968
4.384	0.824784	-0.419991	0.176474	0.175751	-0.243962	-0.082069
4.392	0.826855	-0.417961	0.172907	0.177274	-0.242399	-0.0822533
4.4	0.828858	-0.415929	0.169372	0.178808	-0.240895	-0.0824503
4.408	0.830796	-0.413896	0.165866	0.180356	-0.239452	-0.0826602
4.416	0.83267	-0.411862	0.162389	0.181919	-0.238067	-0.0828835
4.424	0.834481	-0.409826	0.158938	0.183499	-0.236741	-0.0831207
4.432	0.836231	-0.407789	0.155511	0.185097	-0.235473	-0.0833721
4.44	0.837921	-0.40575	0.152108	0.186714	-0.234262	-0.0836384
4.448	0.839552	-0.403708	0.148726	0.188352	-0.233108	-0.0839199
4.456	0.841124	-0.401665	0.145365	0.190014	-0.232011	-0.0842171
4.464	0.84264	-0.399619	0.142021	0.191701	-0.23097	-0.0845306
4.472	0.844099	-0.39757	0.138693	0.193413	-0.229984	-0.0848608
4.48	0.845502	-0.395517	0.13538	0.195154	-0.229054	-0.0852084
4.488	0.84685	-0.393461	0.13208	0.196926	-0.22818	-0.0855738
4.496	0.848144	-0.3914	0.128791	0.198729	-0.227361	-0.0859578
4.504	0.849383	-0.389335	0.125512	0.200566	-0.226597	-0.0863608
4.512	0.850569	-0.387265	0.12224	0.202438	-0.225888	-0.0867835
4.52	0.8517	-0.385188	0.118973	0.204349	-0.225235	-0.0872266
4.528	0.852778	-0.383105	0.115711	0.206299	-0.224636	-0.0876909
4.536	0.853802	-0.381014	0.11245	0.208291	-0.224094	-0.088177
4.544	0.854772	-0.378916	0.109189	0.210328	-0.223607	-0.0886857
4.552	0.855688	-0.376808	0.105926	0.212411	-0.223177	-0.0892178
4.56	0.85655	-0.374691	0.102658	0.214544	-0.222803	-0.0897742
4.568	0.857356	-0.372562	0.0993844	0.216728	-0.222486	-0.0903558
4.576	0.858106	-0.370422	0.0961019	0.218966	-0.222226	-0.0909635
4.584	0.8588	-0.36827	0.0928085	0.221261	-0.222025	-0.0915984
4.592	0.859436	-0.366103	0.0895018	0.223616	-0.221882	-0.0922614
4.6	0.860014	-0.36392	0.0861794	0.226033	-0.221799	-0.0929537
4.608	0.860531	-0.361722	0.0828387	0.228517	-0.221777	-0.0936765
4.616	0.860987	-0.359505	0.0794771	0.23107	-0.221816	-0.0944311
4.624	0.86138	-0.357268	0.0760918	0.233695	-0.221918	-0.0952186
4.632	0.861708	-0.355011	0.07268	0.236397	-0.222083	-0.0960406
4.64	0.861969	-0.35273	0.0692385	0.239179	-0.222313	-0.0968985
4.648	0.86216	-0.350424	0.0657644	0.242045	-0.222609	-0.0977939
4.656	0.862278	-0.348092	0.0622542	0.244999	-0.222974	-0.0987285
4.664	0.862322	-0.345731	0.0587044	0.248046	-0.223407	-0.099704
4.672	0.862287	-0.343338	0.0551115	0.251191	-0.223912	-0.100722
4.68	0.86217	-0.340911	0.0514716	0.254439	-0.22449	-0.101786
4.688	0.861966	-0.338447	0.0477805	0.257794	-0.225143	-0.102896
4.696	0.861672	-0.335944	0.044034	0.261263	-0.225873	-0.104055
4.704	0.861282	-0.333398	0.0402274	0.264851	-0.226682	-0.105266
4.712	0.860791	-0.330806	0.036356	0.268565	-0.227574	-0.106532
4.72	0.860192	-0.328164	0.0324145	0.272411	-0.228551	-0.107855
4.728	0.859479	-0.325468	0.0283976	0.276397	-0.229615	-0.109238
4.736	0.858644	-0.322713	0.0242992	0.28053	-0.230769	-0.110684
4.744	0.857679	-0.319895	0.0201133	0.284818	-0.232018	-0.112197
4.752	0.856575	-0.317009	0.0158331	0.289269	-0.233363	-0.11378
4.76	0.85532	-0.314048	0.0114514	0.293893	-0.23481	-0.115437
4.768	0.853905	-0.311006	0.00696069	0.2987	-0.236362	-0.117174
4.776	0.852314	-0.307877	0.00235267	0.303699	-0.238023	-0.118993
4.784	0.850535	-0.304653	-0.00238145	0.308901	-0.239797	-0.1209
4.792	0.84855	-0.301325	-0.00725116	0.314319	-0.241689	-0.122901
4.8	0.846342	-0.297884	-0.0122666	0.319964	-0.243705	-0.125
4.808	0.84389	-0.29432	-0.0174389	0.32585	-0.245848	-0.127205
4.816	0.841171	-0.290622	-0.0227798	0.33199	-0.248124	-0.129521
4.824	0.838158	-0.286776	-0.0283021	0.338399	-0.250539	-0.131955
4.832	0.834821	-0.282769	-0.0340195	0.345093	-0.253098	-0.134515
4.84	0.831128	-0.278585	-0.039947	0.352087	-0.255806	-0.13721
4.848	0.827038	-0.274206	-0.0461005	0.359399	-0.25867	-0.140047
4.856	0.822508	-0.269612	-0.0524974	0.367047	-0.261695	-0.143036
4.864	0.817488	-0.264781	-0.0591563	0.375048	-0.264885	-0.146187
4.872	0.811917	-0.259687	-0.0660971	0.38342	-0.268246	-0.14951
4.88	0.80573	-0.254302	-0.0733411	0.392183	-0.27178	-0.153017
4.888	0.798846	-0.248592	-0.0809112	0.401353	-0.27549	-0.156718
4.896	0.791175	-0.242522	-0.0888313	0.410946	-0.279376	-0.160625
4.904	0.782608	-0.236047	-0.0971268	0.420977	-0.283436	-0.16475
4.912	0.77302	-0.22912	-0.105823	0.431454	-0.287663	-0.169106
4.92	0.76226	-0.221682	-0.114947	0.442381	-0.292043	-0.173701
4.928	0.75015	-0.21367	-0.124524	0.453753	-0.296558	-0.178547
4.936	0.736479	-0.205007	-0.134578	0.465549	-0.301177	-0.183648
4.944	0.72099	-0.195606	-0.145126	0.477731	-0.305852	-0.189006
4.952	0.703375	-0.185364	-0.15618	0.490228	-0.310517	-0.194616
4.96	0.683259	-0.174163	-0.167738	0.502929	-0.315074	-0.200458
4.968	0.660187	-0.161864	-0.179775	0.515662	-0.319385	-0.206497
4.976	0.633599	-0.148308	-0.192235	0.528164	-0.323253	-0.212669
4.984	0.602811	-0.133313	-0.205005	0.540042	-0.326397	-0.218868
4.992	0.566986	-0.116676	-0.217892	0.550716	-0.328419	-0.224925
5	0.52511	-0.0981783	-0.230575	0.559329	-0.328754	-0.230575
5.008	0.47598	-0.0776056	-0.242542	0.56463	-0.326605	-0.235412
5.016	0.418227	-0.0547861	-0.252992	0.564817	-0.320863	-0.238821
5.024	0.350428	-0.0296686	-0.26071	0.557346	-0.310012	-0.239894
5.032	0.271397	-0.0024617	-0.263934	0.538775	-0.292082	-0.237346
5.04	0.180777	0.026146	-0.26026	0.504785	-0.264716	-0.22948
5.048	0.0800346	0.0547066	-0.24678	0.450699	-0.225553	-0.21432
5.056	-0.0263075	0.0808132	-0.220658	0.372859	-0.173081	-0.190085
5.064	-0.130015	0.101275	-0.180291	0.270845	-0.107888	-0.156052
5.072	-0.220303	0.112925	-0.126604	0.149398	-0.0335507	-0.113432
5.08	-0.287144	0.113813	-0.0634002	0.0180593	0.0438961	-0.0654671
5.088	-0.324788	0.103925	0.00386833	-0.112002	0.11799	-0.0163709
5.096	-0.3329	0.0849002	0.0700486	-0.231722	0.183919	0.0301471
5.104	-0.315076	0.0591302	0.131536	-0.335881	0.239277	0.0717192
5.112	-0.276592	0.0289835	0.186396	-0.422651	0.283593	0.107296
5.12	-0.22282	-0.00354792	0.23389	-0.492298	0.317484	0.136716
5.128	-0.158537	-0.0368995	0.273959	-0.546086	0.342025	0.160281
5.136	-0.0877769	-0.0698717	0.306895	-0.585655	0.35841	0.178502
5.144	-0.0138611	-0.101561	0.333168	-0.612752	0.36782	0.191966
5.152	0.0605341	-0.131313	0.353364	-0.629127	0.37139	0.201286
5.16	0.133329	-0.158692	0.368138	-0.636486	0.370186	0.207071
5.168	0.202996	-0.183455	0.37819	-0.63646	0.365196	0.209911
5.176	0.268501	-0.205519	0.384228	-0.630561	0.357312	0.210362
5.184	0.329237	-0.224929	0.386939	-0.620144	0.347312	0.208927
5.192	0.384937	-0.241822	0.386957	-0.606389	0.335858	0.206046
5.2	0.435596	-0.25639	0.384852	-0.590285	0.32349	0.202097
5.208	0.481386	-0.268859	0.381114	-0.57264	0.310635	0.197392
5.216	0.522597	-0.279462	0.376154	-0.554094	0.297625	0.192182
5.224	0.559584	-0.288429	0.37031	-0.535142	0.284703	0.186665
5.232	0.592728	-0.295973	0.363856	-0.516154	0.272046	0.180994
5.24	0.622409	-0.302288	0.357005	-0.497403	0.259775	0.175282
5.248	0.648996	-0.307549	0.349925	-0.479081	0.247969	0.169616
5.256	0.67283	-0.311908	0.342742	-0.461319	0.236674	0.164056
5.264	0.694222	-0.315495	0.335554	-0.4442	0.225914	0.158644
5.272	0.713455	-0.318425	0.328432	-0.427773	0.215695	0.153409
5.28	0.730778	-0.320794	0.321428	-0.412062	0.206011	0.148368
5.288	0.746413	-0.322686	0.314578	-0.397069	0.196847	0.14353
5.296	0.760555	-0.32417	0.307908	-0.382787	0.188184	0.1389
5.304	0.773376	-0.325305	0.301433	-0.369197	0.179999	0.134478
5.312	0.785025	-0.326144	0.295163	-0.356274	0.172268	0.130258
5.32	0.795635	-0.326728	0.289103	-0.34399	0.164964	0.126237
5.328	0.80532	-0.327095	0.283252	-0.332315	0.158063	0.122408
5.336	0.814181	-0.327275	0.277608	-0.321218	0.151539	0.118762
5.344	0.822306	-0.327295	0.272169	-0.310668	0.145369	0.115292
5.352	0.829774	-0.327178	0.266927	-0.300634	0.13953	0.111989
5.36	0.83665	-0.326943	0.261877	-0.291086	0.134001	0.108845
5.368	0.842997	-0.326606	0.257011	-0.281996	0.12876	0.105853
5.376	0.848865	-0.326181	0.252322	-0.273336	0.123788	0.103003
5.384	0.854303	-0.325681	0.247803	-0.26508	0.119068	0.10029
5.392	0.85935	-0.325116	0.243445	-0.257204	0.114583	0.0977044
5.4	0.864043	-0.324496	0.239242	-0.249685	0.110317	0.095241
5.408	0.868415	-0.323826	0.235186	-0.242501	0.106256	0.0928931
5.416	0.872494	-0.323116	0.23127	-0.235632	0.102385	0.0906547
5.424	0.876305	-0.322369	0.227486	-0.229058	0.0986921	0.0885203
5.432	0.879871	-0.321591	0.223829	-0.222761	0.0951652	0.0864848
5.44	0.883213	-0.320786	0.220292	-0.216725	0.091793	0.0845435
5.448	0.886347	-0.319958	0.216867	-0.210934	0.0885647	0.0826921
5.456	0.88929	-0.319109	0.213551	-0.205371	0.0854702	0.0809268
5.464	0.892055	-0.318242	0.210335	-0.200024	0.0824998	0.0792442
5.472	0.894655	-0.317359	0.207215	-0.194877	0.0796442	0.0776412
5.48	0.897099	-0.316461	0.204185	-0.189918	0.076894	0.0761153
5.488	0.899397	-0.315549	0.201239	-0.185134	0.0742401	0.0746647
5.496	0.901554	-0.314624	0.198372	-0.180511	0.0716733	0.073288
5.504	0.903576	-0.313685	0.195576	-0.176037	0.0691839	0.0719845
5.512	0.905464	-0.31273	0.192846	-0.171698	0.0667614	0.0707546
5.52	0.907216	-0.311758	0.190173	-0.167479	0.0643941	0.0695996
5.528	0.908826	-0.310764	0.18755	-0.163363	0.0620684	0.0685226
5.536	0.910281	-0.309742	0.184966	-0.159332	0.0597676	0.0675287
5.544	0.911555	-0.30868	0.182405	-0.15536	0.0574697	0.0666262
5.552	0.912604	-0.30756	0.179848	-0.151413	0.055145	0.0658282
5.56	0.913347	-0.306351	0.177264	-0.147445	0.0527495	0.0651553
5.568	0.913632	-0.304998	0.174601	-0.143377	0.0502142	0.064641
5.576	0.913155	-0.303389	0.171765	-0.139078	0.0474216	0.0643415
5.584	0.911237	-0.301284	0.168566	-0.13429	0.04415	0.0643569
5.592	0.906125	-0.298072	0.164548	-0.128437	0.039924	0.0648784
5.6	0.892136	-0.291802	0.158352	-0.119914	0.03351	0.0662981
5.608	0.842491	-0.273456	0.14414	-0.10246	0.0206161	0.0693094
5.616	0.52537	-0.166595	0.0770386	-0.0349378	-0.0205791	0.0681937
5.624	-0.590991	0.196284	-0.120342	0.119494	-0.0737161	0.000220877
5.632	-0.853451	0.278248	-0.157147	0.135362	-0.0637645	-0.0312987
5.64	-0.899274	0.291113	-0.160378	0.132285	-0.0565692	-0.0395114
5.648	-0.914303	0.294418	-0.159735	0.12856	-0.0521319	-0.0426466
5.656	-0.921314	0.295303	-0.158316	0.125184	-0.0489882	-0.0440592
5.664	-0.925374	0.295328	-0.156706	0.122138	-0.0465314	-0.0447098
5.672	-0.928095	0.294977	-0.155061	0.119345	-0.0444843	-0.0449673
5.68	-0.930113	0.29444	-0.153427	0.116745	-0.0427042	-0.0450019
5.688	-0.931723	0.293803	-0.151823	0.114297	-0.0411105	-0.0449026
5.696	-0.933074	0.293108	-0.150253	0.111973	-0.0396537	-0.0447203
5.704	-0.934249	0.292377	-0.148717	0.109753	-0.0383017	-0.0444865
5.712	-0.935298	0.291625	-0.147215	0.107621	-0.0370323	-0.0442216
5.72	-0.936252	0.290859	-0.145745	0.105566	-0.0358294	-0.0439398
5.728	-0.937129	0.290084	-0.144305	0.10358	-0.0346807	-0.0436514
5.736	-0.937942	0.289303	-0.142893	0.101653	-0.0335764	-0.0433644
5.744	-0.938699	0.288517	-0.141507	0.0997793	-0.0325078	-0.0430856
5.752	-0.939405	0.287727	-0.140145	0.0979522	-0.0314673	-0.0428214
5.76	-0.940061	0.286932	-0.138803	0.096165	-0.0304471	-0.0425781
5.768	-0.940665	0.286132	-0.137479	0.0944105	-0.0294386	-0.0423631
5.776	-0.941211	0.285323	-0.136168	0.0926803	-0.0284319	-0.0421853
5.784	-0.941686	0.284501	-0.134865	0.0909638	-0.0274141	-0.0420569
5.792	-0.942067	0.283657	-0.133561	0.0892458	-0.0263672	-0.0419957
5.8	-0.942308	0.282776	-0.132243	0.0875037	-0.0252637	-0.042029
5.808	-0.942319	0.281829	-0.130886	0.0856991	-0.0240579	-0.0422025
5.816	-0.941902	0.280751	-0.129443	0.0837605	-0.0226661	-0.0425988
5.824	-0.940554	0.279382	-0.127803	0.0815332	-0.0209138	-0.0433865
5.832	-0.936675	0.277224	-0.125647	0.0786082	-0.0183634	-0.0449666
5.84	-0.922788	0.271985	-0.121635	0.0734589	-0.0135291	-0.0485653
5.848	-0.816932	0.239053	-0.102945	0.0541336	0.00290597	-0.0595038
5.856	0.657417	-0.195343	0.095824	-0.0783307	0.0495578	-0.0136486
5.864	0.914003	-0.268428	0.123204	-0.0844278	0.0341694	0.020736
5.872	0.936789	-0.273916	0.123813	-0.0816764	0.0290848	0.0272297
5.88	0.943145	-0.274789	0.123036	-0.0795553	0.0265278	0.0296831
5.888	0.945963	-0.274698	0.122064	-0.0778213	0.0248632	0.0308797
5.896	0.947583	-0.274293	0.121064	-0.076308	0.023616	0.0315322
5.904	0.948687	-0.27376	0.120074	-0.0749337	0.0226	0.0319032
5.912	0.949528	-0.273167	0.119101	-0.0736552	0.0217277	0.0321119
5.92	0.950221	-0.272543	0.118147	-0.0724477	0.020952	0.0322197
5.928	0.950821	-0.271903	0.117213	-0.0712959	0.0202459	0.0322618
5.936	0.95136	-0.271254	0.116296	-0.0701899	0.0195921	0.0322596
5.944	0.951856	-0.270601	0.115395	-0.0691229	0.0189794	0.0322269
5.952	0.95232	-0.269947	0.114511	-0.0680898	0.0184001	0.0321728
5.96	0.952759	-0.269293	0.113642	-0.0670869	0.0178484	0.032104
5.968	0.953178	-0.26864	0.112787	-0.0661115	0.0173204	0.032025
5.976	0.953581	-0.26799	0.111946	-0.0651613	0.0168128	0.0319392
5.984	0.95397	-0.267341	0.111118	-0.0642344	0.0163232	0.0318493
5.992	0.954347	-0.266696	0.110303	-0.0633294	0.0158496	0.031757
6	0.954713	-0.266053	0.109499	-0.0624449	0.0153904	0.0316641
6.008	0.95507	-0.265414	0.108708	-0.0615798	0.0149443	0.0315716
6.016	0.955418	-0.264777	0.107928	-0.0607331	0.0145102	0.0314806
6.024	0.955757	-0.264144	0.107159	-0.0599041	0.0140871	0.0313919
6.032	0.95609	-0.263514	0.1064	-0.0590918	0.0136742	0.031306
6.04	0.956415	-0.262888	0.105653	-0.0582957	0.0132707	0.0312235
6.048	0.956734	-0.262265	0.104915	-0.057515	0.0128761	0.0311449
6.056	0.957046	-0.261645	0.104187	-0.0567492	0.0124896	0.0310705
6.064	0.957353	-0.261029	0.103468	-0.0559976	0.0121109	0.0310007
6.072	0.957654	-0.260416	0.102759	-0.0552599	0.0117395	0.0309357
6.08	0.95795	-0.259806	0.102059	-0.0545354	0.0113748	0.0308759
6.088	0.95824	-0.2592	0.101368	-0.0538238	0.0110164	0.0308215
6.096	0.958526	-0.258596	0.100685	-0.0531246	0.0106641	0.0307726
6.104	0.958807	-0.257996	0.100011	-0.0524374	0.0103174	0.0307295
6.112	0.959083	-0.2574	0.099345	-0.0517618	0.00997604	0.0306924
6.12	0.959354	-0.256806	0.0986871	-0.0510975	0.00963962	0.0306615
6.128	0.959622	-0.256216	0.098037	-0.050444	0.00930786	0.0306369
6.136	0.959885	-0.255629	0.0973946	-0.0498011	0.00898047	0.0306188
6.144	0.960144	-0.255044	0.0967598	-0.0491683	0.00865716	0.0306074
6.152	0.960399	-0.254463	0.0961322	-0.0485455	0.00833765	0.0306029
6.16	0.960651	-0.253885	0.0955118	-0.0479322	0.00802166	0.0306054
6.168	0.960898	-0.25331	0.0948984	-0.0473281	0.00770895	0.0306151
6.176	0.961142	-0.252738	0.0942919	-0.0467331	0.00739923	0.0306323
6.184	0.961382	-0.252169	0.0936921	-0.0461467	0.00709227	0.0306572
6.192	0.961619	-0.251603	0.0930988	-0.0455687	0.00678779	0.0306898
6.2	0.961853	-0.251039	0.0925119	-0.0449988	0.00648555	0.0307306
6.208	0.962083	-0.250479	0.0919313	-0.0444368	0.0061853	0.0307797
6.216	0.96231	-0.249921	0.0913568	-0.0438825	0.00588679	0.0308373
6.224	0.962533	-0.249366	0.0907883	-0.0433354	0.00558974	0.0309038
6.232	0.962754	-0.248814	0.0902256	-0.0427955	0.00529392	0.0309795
6.24	0.962971	-0.248264	0.0896687	-0.0422624	0.00499906	0.0310645
6.248	0.963186	-0.247717	0.0891174	-0.0417359	0.00470488	0.0311593
6.256	0.963397	-0.247173	0.0885715	-0.0412157	0.00441113	0.0312642
6.264	0.963606	-0.246631	0.088031	-0.0407016	0.00411752	0.0313796
6.272	0.963811	-0.246092	0.0874957	-0.0401934	0.00382377	0.0315058
6.28	0.964014	-0.245556	0.0869655	-0.0396908	0.00352957	0.0316434
6.288	0.964214	-0.245022	0.0864403	-0.0391936	0.00323464	0.0317927
6.296	0.964411	-0.244491	0.0859199	-0.0387014	0.00293864	0.0319543
6.304	0.964606	-0.243961	0.0854042	-0.0382142	0.00264125	0.0321288
6.312	0.964797	-0.243435	0.0848932	-0.0377315	0.00234211	0.0323166
6.32	0.964986	-0.24291	0.0843867	-0.0372532	0.00204088	0.0325184
6.328	0.965173	-0.242388	0.0838845	-0.036779	0.00173716	0.0327349
6.336	0.965356	-0.241869	0.0833865	-0.0363087	0.00143055	0.0329669
6.344	0.965537	-0.241351	0.0828927	-0.0358419	0.00112063	0.0332151
6.352	0.965716	-0.240836	0.0824028	-0.0353783	0.000806931	0.0334804
6.36	0.965891	-0.240323	0.0819169	-0.0349177	0.000488976	0.0337637
6.368	0.966064	-0.239812	0.0814346	-0.0344598	0.000166246	0.0340661
6.376	0.966234	-0.239303	0.0809559	-0.0340043	-0.000161815	0.0343887
6.384	0.966401	-0.238796	0.0804807	-0.0335507	-0.000495807	0.0347327
6.392	0.966566	-0.238291	0.0800088	-0.0330989	-0.000836374	0.0350995
6.4	0.966728	-0.237788	0.0795401	-0.0326483	-0.00118422	0.0354904
6.408	0.966886	-0.237287	0.0790744	-0.0321986	-0.00154009	0.0359072
6.416	0.967042	-0.236788	0.0786115	-0.0317495	-0.00190483	0.0363515
6.424	0.967195	-0.23629	0.0781513	-0.0313003	-0.00227932	0.0368254
6.432	0.967345	-0.235794	0.0776936	-0.0308508	-0.00266457	0.037331
6.44	0.967491	-0.235299	0.0772383	-0.0304002	-0.00306166	0.0378707
6.448	0.967634	-0.234806	0.076785	-0.0299482	-0.00347178	0.0384471
6.456	0.967773	-0.234315	0.0763336	-0.029494	-0.00389627	0.0390633
6.464	0.967909	-0.233824	0.0758838	-0.029037	-0.0043366	0.0397224
6.472	0.96804	-0.233335	0.0754354	-0.0285765	-0.00479441	0.0404282
6.48	0.968167	-0.232847	0.0749881	-0.0281115	-0.00527154	0.0411849
6.488	0.96829	-0.23236	0.0745416	-0.0276413	-0.00577005	0.0419972
6.496	0.968407	-0.231873	0.0740956	-0.0271648	-0.00629227	0.0428703
6.504	0.968519	-0.231387	0.0736496	-0.0266808	-0.00684084	0.0438103
6.512	0.968625	-0.230902	0.0732033	-0.0261881	-0.00741875	0.044824
6.52	0.968725	-0.230416	0.072756	-0.0256852	-0.00802942	0.0459193
6.528	0.968817	-0.22993	0.0723074	-0.0251703	-0.00867679	0.0471053
6.536	0.9689	-0.229444	0.0718567	-0.0246417	-0.0093654	0.0483923
6.544	0.968974	-0.228956	0.0714033	-0.024097	-0.0101005	0.0497927
6.552	0.969037	-0.228467	0.0709462	-0.0235337	-0.0108883	0.0513206
6.56	0.969088	-0.227976	0.0704846	-0.0229487	-0.011736	0.0529928
6.568	0.969123	-0.227483	0.0700171	-0.0223384	-0.0126521	0.0548291
6.576	0.969142	-0.226985	0.0695424	-0.0216985	-0.013647	0.0568532
6.584	0.969139	-0.226483	0.0690589	-0.021024	-0.0147329	0.0590937
6.592	0.969112	-0.225975	0.0685644	-0.0203085	-0.0159247	0.0615853
6.6	0.969054	-0.225459	0.0680565	-0.0195445	-0.0172407	0.0643703
6.608	0.968958	-0.224933	0.0675319	-0.0187225	-0.0187037	0.0675017
6.616	0.968814	-0.224394	0.0669868	-0.0178305	-0.0203421	0.0710455
6.624	0.96861	-0.223838	0.0664159	-0.0168536	-0.0221922	0.0750859
6.632	0.968327	-0.22326	0.0658128	-0.015772	-0.0243008	0.0797317
6.64	0.96794	-0.222653	0.0651684	-0.0145602	-0.0267294	0.0851258
6.648	0.967411	-0.222006	0.0644707	-0.0131836	-0.0295606	0.09146
6.656	0.966686	-0.221303	0.063703	-0.0115946	-0.0329077	0.0989974
6.664	0.965679	-0.220523	0.062841	-0.00972624	-0.0369303	0.108108
6.672	0.964253	-0.219628	0.0618487	-0.00748052	-0.0418607	0.119332
6.68	0.962176	-0.218557	0.06067	-0.00470892	-0.0480501	0.133483
6.688	0.959033	-0.217203	0.0592131	-0.00117527	-0.056054	0.151848
6.696	0.954015	-0.21536	0.0573165	0.00351859	-0.0668026	0.176581
6.704	0.945393	-0.212599	0.0546716	0.0100953	-0.0819694	0.21155
6.712	0.928927	-0.207883	0.0506159	0.0199963	-0.104846	0.264346
6.72	0.892139	-0.198226	0.0434879	0.0364512	-0.142635	0.351516
6.728	0.78798	-0.172629	0.0282099	0.0674624	-0.212247	0.511549
6.736	0.408107	-0.0838172	-0.0111487	0.125469	-0.332134	0.78325
6.744	-0.404067	0.0989958	-0.0655692	0.146495	-0.336414	0.776624
6.752	-0.787075	0.181885	-0.0772443	0.107935	-0.219793	0.496936
6.76	-0.892253	0.203405	-0.0759527	0.0821775	-0.150857	0.334189
6.768	-0.92951	0.210421	-0.0737797	0.0675804	-0.113283	0.245986
6.776	-0.946305	0.213205	-0.0719624	0.058525	-0.0905029	0.192711
6.784	-0.95521	0.214407	-0.0705111	0.0524075	-0.0753914	0.157482
6.792	-0.960491	0.214904	-0.0693309	0.0479985	-0.0646809	0.132591
6.8	-0.963888	0.215049	-0.0683448	0.0446615	-0.0567075	0.114119
6.808	-0.966214	0.214999	-0.0674993	0.0420386	-0.050545	0.0998919
6.816	-0.967887	0.214835	-0.0667582	0.0399142	-0.0456402	0.0886087
6.824	-0.969139	0.214601	-0.0660963	0.0381514	-0.0416432	0.0794489
6.832	-0.970108	0.214322	-0.0654961	0.036659	-0.0383223	0.0718697
6.84	-0.97088	0.214013	-0.0649447	0.0353743	-0.0355183	0.0654977
6.848	-0.97151	0.213685	-0.0644327	0.0342524	-0.0331183	0.0600683
6.856	-0.972036	0.213342	-0.063953	0.0332608	-0.0310398	0.0553888
6.864	-0.972483	0.21299	-0.0635002	0.0323749	-0.0292215	0.0513155
6.872	-0.972869	0.212631	-0.0630701	0.0315762	-0.0276166	0.0477389
6.88	-0.973208	0.212268	-0.0626593	0.0308501	-0.0261891	0.0445745
6.888	-0.973509	0.211901	-0.0622651	0.0301854	-0.0249104	0.0417559
6.896	-0.97378	0.211533	-0.0618855	0.029573	-0.023758	0.0392301
6.904	-0.974026	0.211163	-0.0615187	0.0290056	-0.0227135	0.0369544
6.912	-0.974252	0.210793	-0.0611631	0.028477	-0.0217621	0.0348941
6.92	-0.974461	0.210423	-0.0608176	0.0279826	-0.0208914	0.0330204
6.928	-0.974656	0.210052	-0.0604812	0.027518	-0.0200914	0.0313097
6.936	-0.974839	0.209682	-0.060153	0.0270799	-0.0193535	0.0297419
6.944	-0.975011	0.209313	-0.0598322	0.0266653	-0.0186704	0.0283003
6.952	-0.975175	0.208944	-0.0595183	0.0262718	-0.018036	0.0269705
6.96	-0.97533	0.208577	-0.0592106	0.0258972	-0.0174452	0.0257404
6.968	-0.975479	0.20821	-0.0589088	0.0255398	-0.0168933	0.0245995
6.976	-0.975622	0.207845	-0.0586123	0.0251978	-0.0163765	0.0235386
6.984	-0.97576	0.20748	-0.0583208	0.02487	-0.0158914	0.0225498
6.992	-0.975893	0.207117	-0.0580341	0.0245552	-0.015435	0.0216263
7	-0.976022	0.206755	-0.0577517	0.0242522	-0.0150047	0.020762
7.008	-0.976148	0.206394	-0.0574736	0.0239601	-0.0145983	0.0199516
7.016	-0.976269	0.206034	-0.0571993	0.0236781	-0.0142137	0.0191904
7.024	-0.976388	0.205676	-0.0569288	0.0234054	-0.0138491	0.0184742
7.032	-0.976504	0.205319	-0.0566618	0.0231414	-0.0135028	0.0177992
7.04	-0.976617	0.204963	-0.0563982	0.0228855	-0.0131736	0.0171621
7.048	-0.976728	0.204609	-0.0561379	0.0226371	-0.01286	0.0165601
7.056	-0.976837	0.204256	-0.0558806	0.0223958	-0.0125609	0.0159903
7.064	-0.976944	0.203904	-0.0556263	0.0221611	-0.0122753	0.0154503
7.072	-0.977049	0.203554	-0.0553748	0.0219326	-0.0120022	0.0149381
7.08	-0.977152	0.203204	-0.0551261	0.02171	-0.0117408	0.0144515
7.088	-0.977253	0.202856	-0.05488	0.0214929	-0.0114902	0.0139889
7.096	-0.977353	0.20251	-0.0546364	0.0212811	-0.0112499	0.0135485
7.104	-0.977452	0.202164	-0.0543954	0.0210742	-0.0110191	0.0131289
7.112	-0.977549	0.20182	-0.0541567	0.0208721	-0.0107972	0.0127288
7.12	-0.977645	0.201478	-0.0539204	0.0206744	-0.0105837	0.0123468
7.128	-0.977739	0.201136	-0.0536863	0.020481	-0.0103782	0.0119819
7.136	-0.977833	0.200796	-0.0534544	0.0202916	-0.01018	0.011633
7.144	-0.977925	0.200457	-0.0532246	0.0201061	-0.00998892	0.0112991
7.152	-0.978016	0.200119	-0.0529969	0.0199243	-0.00980444	0.0109793
7.16	-0.978106	0.199783	-0.0527713	0.0197461	-0.00962623	0.0106728
7.168	-0.978196	0.199447	-0.0525476	0.0195712	-0.00945395	0.0103789
7.176	-0.978284	0.199113	-0.0523259	0.0193996	-0.00928729	0.0100968
7.184	-0.978371	0.19878	-0.052106	0.0192311	-0.00912597	0.00982593
7.192	-0.978458	0.198449	-0.051888	0.0190657	-0.00896971	0.00956561
7.2	-0.978543	0.198118	-0.0516718	0.0189031	-0.00881826	0.0093153
7.208	-0.978628	0.197789	-0.0514573	0.0187434	-0.0086714	0.00907447
7.216	-0.978712	0.197461	-0.0512446	0.0185863	-0.0085289	0.00884264
7.224	-0.978795	0.197134	-0.0510336	0.0184318	-0.00839056	0.00861935
7.232	-0.978878	0.196809	-0.0508243	0.0182799	-0.00825619	0.00840416
7.24	-0.97896	0.196484	-0.0506166	0.0181303	-0.00812561	0.00819668
7.248	-0.979041	0.196161	-0.0504105	0.0179831	-0.00799866	0.00799653
7.256	-0.979121	0.195839	-0.050206	0.0178382	-0.00787517	0.00780336
7.264	-0.979201	0.195517	-0.050003	0.0176955	-0.007755	0.00761684
7.272	-0.97928	0.195198	-0.0498016	0.0175549	-0.007638	0.00743665
7.28	-0.979358	0.194879	-0.0496017	0.0174164	-0.00752406	0.00726252
7.288	-0.979436	0.194561	-0.0494032	0.0172799	-0.00741303	0.00709415
7.296	-0.979514	0.194245	-0.0492062	0.0171453	-0.00730481	0.0069313
7.304	-0.97959	0.193929	-0.0490107	0.0170127	-0.00719928	0.00677372
7.312	-0.979666	0.193615	-0.0488165	0.0168819	-0.00709634	0.00662118
7.32	-0.979742	0.193302	-0.0486238	0.0167529	-0.0069959	0.00647347
7.328	-0.979817	0.19299	-0.0484324	0.0166257	-0.00689785	0.00633037
7.336	-0.979891	0.192679	-0.0482423	0.0165001	-0.0068021	0.00619169
7.344	-0.979965	0.192369	-0.0480536	0.0163763	-0.00670859	0.00605725
7.352	-0.980038	0.19206	-0.0478662	0.016254	-0.00661721	0.00592688
7.36	-0.980111	0.191752	-0.0476801	0.0161333	-0.0065279	0.0058004
7.368	-0.980183	0.191445	-0.0474953	0.0160142	-0.00644058	0.00567766
7.376	-0.980255	0.19114	-0.0473118	0.0158966	-0.00635519	0.00555851
7.384	-0.980326	0.190835	-0.0471294	0.0157805	-0.00627165	0.00544279
7.392	-0.980397	0.190531	-0.0469483	0.0156658	-0.00618988	0.00533032
7.4	-0.980467	0.190229	-0.0467684	0.0155524	-0.00610973	0.00522067
7.408	0.980536	-0.189927	0.0465898	-0.0154407	0.00603216	-0.00511689
7.416	0.980606	-0.189627	0.0464123	-0.0153301	0.00595514	-0.00501269
7.424	0.980675	-0.189327	0.046236	-0.0152208	0.00587998	-0.00491226
7.432	0.980744	-0.189029	0.0460608	-0.0151128	0.00580638	-0.00481467
7.44	0.980812	-0.188731	0.0458868	-0.0150061	0.00573427	-0.00471975
7.448	0.980879	-0.188435	0.0457139	-0.0149007	0.00566359	-0.0046274
7.456	0.980947	-0.188139	0.0455422	-0.0147964	0.00559431	-0.00453751
7.464	0.981013	-0.187845	0.0453715	-0.0146934	0.00552638	-0.00444999
7.472	0.98108	-0.187551	0.0452019	-0.0145915	0.00545975	-0.00436477
7.48	0.981145	-0.187259	0.0450334	-0.0144907	0.0053944	-0.00428176
7.488	0.981211	-0.186967	0.044866	-0.0143911	0.00533028	-0.00420088
7.496	0.981276	-0.186677	0.0446996	-0.0142926	0.00526735	-0.00412207
7.504	0.981341	-0.186387	0.0445343	-0.0141952	0.0052056	-0.00404524
7.512	0.981405	-0.186098	0.04437	-0.0140988	0.00514497	-0.00397034
7.52	0.981469	-0.185811	0.0442067	-0.0140034	0.00508544	-0.00389731
7.528	0.981532	-0.185524	0.0440444	-0.0139091	0.00502698	-0.00382607
7.536	0.981595	-0.185238	0.0438832	-0.0138158	0.00496957	-0.00375657
7.544	0.981658	-0.184953	0.0437229	-0.0137235	0.00491316	-0.00368877
7.552	0.981721	-0.184669	0.0435636	-0.0136321	0.00485775	-0.00362259
7.56	0.981783	-0.184386	0.0434053	-0.0135417	0.00480329	-0.00355799
7.568	0.981844	-0.184104	0.0432479	-0.0134523	0.00474977	-0.00349492
7.576	0.981905	-0.183823	0.0430915	-0.0133637	0.00469716	-0.00343334
7.584	0.981966	-0.183543	0.042936	-0.0132761	0.00464544	-0.00337319
7.592	0.982027	-0.183263	0.0427815	-0.0131893	0.00459459	-0.00331443
7.6	0.982087	-0.182985	0.0426279	-0.0131035	0.00454458	-0.00325703
7.608	0.982147	-0.182707	0.0424752	-0.0130185	0.00449539	-0.00320093
7.616	0.982206	-0.182431	0.0423234	-0.0129343	0.00444701	-0.0031461
7.624	0.982266	-0.182155	0.0421725	-0.012851	0.00439941	-0.0030925
7.632	0.982324	-0.18188	0.0420225	-0.0127685	0.00435258	-0.0030401
7.64	0.982383	-0.181606	0.0418734	-0.0126868	0.00430649	-0.00298886
7.648	0.982441	-0.181333	0.0417251	-0.0126059	0.00426114	-0.00293874
7.656	0.982499	-0.18106	0.0415778	-0.0125258	0.00421649	-0.00288972
7.664	0.982557	-0.180789	0.0414312	-0.0124464	0.00417254	-0.00284176
7.672	0.982614	-0.180518	0.0412855	-0.0123679	0.00412928	-0.00279483
7.68	0.982671	-0.180248	0.0411407	-0.01229	0.00408667	-0.0027489
7.688	0.982727	-0.17998	0.0409967	-0.012213	0.00404472	-0.00270395
7.696	0.982783	-0.179712	0.0408535	-0.0121366	0.0040034	-0.00265994
7.704	0.982839	-0.179444	0.0407112	-0.012061	0.0039627	-0.00261685
7.712	0.982895	-0.179178	0.0405696	-0.0119861	0.0039226	-0.00257466
7.72	0.98295	-0.178912	0.0404289	-0.0119118	0.00388311	-0.00253333
7.728	0.983005	-0.178648	0.0402889	-0.0118383	0.00384419	-0.00249285
7.736	0.98306	-0.178384	0.0401498	-0.0117654	0.00380584	-0.0024532
7.744	0.983115	-0.178121	0.0400114	-0.0116932	0.00376805	-0.00241434
7.752	0.983169	-0.177859	0.0398738	-0.0116217	0.0037308	-0.00237626
7.76	0.983223	-0.177597	0.039737	-0.0115508	0.00369408	-0.00233894
7.768	0.983276	-0.177337	0.0396009	-0.0114806	0.00365789	-0.00230235
7.776	0.98333	-0.177077	0.0394656	-0.011411	0.0036222	-0.00226648
7.784	0.983383	-0.176818	0.039331	-0.011342	0.00358702	-0.00223131
7.792	0.983435	-0.176559	0.0391972	-0.0112736	0.00355233	-0.00219682
7.8	0.983488	-0.176302	0.0390641	-0.0112059	0.00351812	-0.00216298
7.808	0.98354	-0.176045	0.0389318	-0.0111387	0.00348437	-0.00212979
7.816	-0.983592	0.17579	-0.0388002	0.0110721	-0.00345109	0.00209724
7.824	-0.983643	0.175534	-0.0386693	0.0110062	-0.00341826	0.00206528
7.832	-0.983695	0.17528	-0.0385391	0.0109408	-0.00338588	0.00203392
7.84	-0.983746	0.175027	-0.0384096	0.0108759	-0.00335392	0.00200314
7.848	-0.983797	0.174774	-0.0382808	0.0108117	-0.00332239	0.00197292
7.856	-0.983847	0.174522	-0.0381528	0.0107479	-0.00329128	0.00194325
7.864	-0.983898	0.174271	-0.0380254	0.0106848	-0.00326058	0.00191411
7.872	-0.983948	0.17402	-0.0378987	0.0106221	-0.00323028	0.00188549
7.88	-0.983997	0.17377	-0.0377726	0.0105601	-0.00320037	0.00185737
7.888	-0.984047	0.173521	-0.0376473	0.0104985	-0.00317084	0.00182975
7.896	-0.984096	0.173273	-0.0375226	0.0104374	-0.0031417	0.0018026
7.904	-0.984145	0.173026	-0.0373986	0.0103769	-0.00311292	0.00177591
7.912	-0.984194	0.172779	-0.0372752	0.0103169	-0.00308451	0.00174968
7.92	-0.984243	0.172533	-0.0371525	0.0102574	-0.00305645	0.00172389
7.928	-0.984291	0.172288	-0.0370305	0.0101984	-0.00302874	0.00169852
7.936	-0.984339	0.172043	-0.036909	0.0101398	-0.00300138	0.00167357
7.944	-0.984387	0.171799	-0.0367883	0.0100818	-0.00297435	0.00164902
7.952	-0.984435	0.171556	-0.0366681	0.0100242	-0.00294764	0.00162486
7.96	-0.984482	0.171314	-0.0365486	0.00996713	-0.00292127	0.00160108
7.968	-0.984529	0.171072	-0.0364297	0.00991051	-0.00289521	0.00157767
7.976	-0.984576	0.170831	-0.0363114	0.00985434	-0.00286945	0.00155461
7.984	-0.984623	0.170591	-0.0361937	0.00979863	-0.00284401	0.00153189
7.992	-0.984669	0.170351	-0.0360767	0.00974337	-0.00281886	0.0015095
