0	0.000622665	3.8093	0.00474383
1	0.001868	3.82658	0.00950919
2	0.00311333	3.82432	0.0142717
3	0.00435866	3.82801	0.0190389
4	0.00560399	3.83443	0.023814
5	0.00684932	3.83682	0.0285921
6	0.00809465	3.83949	0.0333735
7	0.00933998	3.84111	0.038157
8	0.0105853	3.83787	0.0429364
9	0.0118306	3.8434	0.0477227
10	0.013076	3.8347	0.0524982
11	0.0143213	3.8396	0.0572797
12	0.0155666	3.83172	0.0620515
13	0.016812	3.8408	0.0668345
14	0.0180573	3.83237	0.0716071
15	0.0193026	3.76899	0.0763007
16	0.0205479	3.73323	0.0809498
17	0.0217933	3.73091	0.0855961
18	0.0230386	3.6795	0.0901783
19	0.0242839	3.64758	0.0947207
20	0.0255293	3.64217	0.0992564
21	0.0267746	3.63754	0.103786
22	0.0280199	3.58262	0.108248
23	0.0292653	3.57489	0.1127
24	0.0305106	3.57312	0.11715
25	0.0317559	3.56352	0.121587
26	0.0330012	3.5439	0.126001
27	0.0342466	3.51352	0.130376
28	0.0354919	3.51359	0.134752
29	0.0367372	3.50918	0.139122
30	0.0379826	3.50488	0.143486
31	0.0392279	3.50639	0.147853
32	0.0404732	3.46085	0.152163
33	0.0417186	3.45657	0.156468
34	0.0429639	3.46399	0.160781
35	0.0442092	3.4608	0.165091
36	0.0454545	3.45447	0.169393
37	0.0466999	3.45679	0.173698
38	0.0479452	3.43391	0.177974
39	0.0491905	3.41886	0.182232
40	0.0504359	3.41465	0.186484
41	0.0516812	3.41677	0.190739
42	0.0529265	3.41861	0.194997
43	0.0541719	3.41262	0.199246
44	0.0554172	3.41822	0.203503
45	0.0566625	3.41593	0.207757
46	0.0579078	3.37815	0.211964
47	0.0591532	3.38724	0.216182
48	0.0603985	3.3795	0.220391
49	0.0616438	3.38742	0.224609
50	0.0628892	3.38325	0.228823
51	0.0641345	3.38251	0.233035
52	0.0653798	3.37631	0.23724
53	0.0666252	3.38616	0.241457
54	0.0678705	3.37814	0.245663
55	0.0691158	3.35705	0.249844
56	0.0703611	3.35483	0.254022
57	0.0716065	3.36171	0.258208
58	0.0728518	3.34617	0.262375
59	0.0740971	3.36153	0.266562
60	0.0753425	3.35069	0.270734
61	0.0765878	3.3493	0.274905
62	0.0778331	3.35082	0.279078
63	0.0790785	3.35384	0.283255
64	0.0803238	3.35196	0.287429
65	0.0815691	3.3529	0.291605
66	0.0828144	3.33105	0.295753
67	0.0840598	3.32648	0.299895
68	0.0853051	3.3312	0.304044
69	0.0865504	3.33081	0.308192
70	0.0877958	3.32565	0.312333
71	0.0890411	3.33698	0.316489
72	0.0902864	3.33412	0.320641
73	0.0915318	3.32529	0.324782
74	0.0927771	3.32589	0.328924
75	0.0940224	3.32281	0.333062
76	0.0952677	3.33042	0.33721
77	0.0965131	3.32367	0.341349
78	0.0977584	3.3269	0.345492
79	0.0990037	3.31273	0.349617
80	0.100249	3.31048	0.35374
81	0.101494	3.30887	0.35786
82	0.10274	3.31081	0.361983
83	0.103985	3.30881	0.366104
84	0.10523	3.30943	0.370225
85	0.106476	3.30905	0.374346
86	0.107721	3.31124	0.37847
87	0.108966	3.3121	0.382594
88	0.110212	3.30291	0.386708
89	0.111457	3.30997	0.39083
90	0.112702	3.3048	0.394945
91	0.113948	3.30711	0.399064
92	0.115193	3.3068	0.403182
93	0.116438	3.29759	0.407288
94	0.117684	3.3128	0.411414
95	0.118929	3.29314	0.415515
96	0.120174	2.95164	0.419191
97	0.12142	2.75479	0.422621
98	0.122665	2.75898	0.426057
99	0.12391	2.75902	0.429493
100	0.125156	2.75908	0.432929
101	0.126401	2.75509	0.43636
102	0.127646	2.75438	0.43979
103	0.128892	2.76188	0.44323
104	0.130137	2.76379	0.446671
105	0.131382	2.75278	0.4501
106	0.132628	2.75135	0.453526
107	0.133873	2.75948	0.456962
108	0.135118	2.75145	0.460389
109	0.136364	2.75821	0.463824
110	0.137609	2.75742	0.467258
111	0.138854	2.75519	0.470689
112	0.1401	2.74457	0.474107
113	0.141345	2.7609	0.477545
114	0.14259	2.74444	0.480963
115	0.143836	2.57816	0.484173
116	0.145081	2.29707	0.487034
117	0.146326	2.29873	0.489896
118	0.147572	2.29854	0.492759
119	0.148817	2.29953	0.495623
120	0.150062	2.29789	0.498484
121	0.151308	2.29566	0.501343
122	0.152553	2.2956	0.504202
123	0.153798	2.30073	0.507067
124	0.155044	2.2981	0.509929
125	0.156289	2.3053	0.5128
126	0.157534	2.2927	0.515655
127	0.15878	2.2924	0.51851
128	0.160025	2.30157	0.521376
129	0.16127	2.29349	0.524232
130	0.162516	2.29531	0.527091
131	0.163761	2.29699	0.529951
132	0.165006	2.29769	0.532812
133	0.166252	2.29456	0.53567
134	0.167497	2.29263	0.538525
135	0.168742	2.29395	0.541382
136	0.169988	2.29794	0.544243
137	0.171233	2.28532	0.547089
138	0.172478	2.19466	0.549822
139	0.173724	1.91601	0.552209
140	0.174969	1.91312	0.554591
141	0.176214	1.91568	0.556977
142	0.17746	1.91264	0.559359
143	0.178705	1.91926	0.561749
144	0.17995	1.91349	0.564132
145	0.181196	1.91499	0.566516
146	0.182441	1.91225	0.568898
147	0.183686	1.91521	0.571283
148	0.184932	1.91748	0.573671
149	0.186177	1.91413	0.576054
150	0.187422	1.9199	0.578445
151	0.188667	1.91444	0.580829
152	0.189913	1.91302	0.583212
153	0.191158	1.90745	0.585587
154	0.192403	1.91841	0.587976
155	0.193649	1.91175	0.590357
156	0.194894	1.91134	0.592737
157	0.196139	1.91727	0.595125
158	0.197385	1.91225	0.597506
159	0.19863	1.91618	0.599893
160	0.199875	1.91013	0.602271
161	0.201121	1.90943	0.604649
162	0.202366	1.91024	0.607028
163	0.203611	1.91481	0.609413
164	0.204857	1.91127	0.611793
165	0.206102	1.90375	0.614164
166	0.207347	1.75038	0.616343
167	0.208593	1.59709	0.618332
168	0.209838	1.5935	0.620317
169	0.211083	1.59724	0.622306
170	0.212329	1.59648	0.624294
171	0.213574	1.59696	0.626283
172	0.214819	1.59705	0.628272
173	0.216065	1.59326	0.630256
174	0.21731	1.59862	0.632247
175	0.218555	1.59249	0.63423
176	0.219801	1.59278	0.636213
177	0.221046	1.59557	0.6382
178	0.222291	1.59973	0.640192
179	0.223537	1.59465	0.642178
180	0.224782	1.60015	0.644171
181	0.226027	1.59585	0.646158
182	0.227273	1.5942	0.648144
183	0.228518	1.59329	0.650128
184	0.229763	1.59086	0.652109
185	0.231009	1.59876	0.6541
186	0.232254	1.59442	0.656086
187	0.233499	1.58948	0.658065
188	0.234745	1.59523	0.660052
189	0.23599	1.59734	0.662041
190	0.237235	1.594	0.664026
191	0.238481	1.59817	0.666016
192	0.239726	1.5913	0.667998
193	0.240971	1.5912	0.669979
194	0.242217	1.58615	0.671955
195	0.243462	1.59973	0.673947
196	0.244707	1.59601	0.675934
197	0.245953	1.59121	0.677916
198	0.247198	1.58426	0.679889
199	0.248443	1.5394	0.681806
200	0.249689	1.33246	0.683465
201	0.250934	1.32877	0.68512
202	0.252179	1.32646	0.686772
203	0.253425	1.33099	0.688429
204	0.25467	1.33055	0.690086
205	0.255915	1.32733	0.691739
206	0.257161	1.33755	0.693405
207	0.258406	1.32642	0.695057
208	0.259651	1.32831	0.696711
209	0.260897	1.33259	0.698371
210	0.262142	1.32728	0.700024
211	0.263387	1.32641	0.701675
212	0.264633	1.32996	0.703332
213	0.265878	1.33289	0.704991
214	0.267123	1.33026	0.706648
215	0.268369	1.32904	0.708303
216	0.269614	1.33384	0.709964
217	0.270859	1.33268	0.711624
218	0.272105	1.32687	0.713276
219	0.27335	1.32712	0.714929
220	0.274595	1.3279	0.716583
221	0.275841	1.32653	0.718235
222	0.277086	1.3338	0.719896
223	0.278331	1.32796	0.721549
224	0.279577	1.32626	0.723201
225	0.280822	1.32795	0.724855
226	0.282067	1.33087	0.726512
227	0.283313	1.32913	0.728167
228	0.284558	1.32841	0.729822
229	0.285803	1.32997	0.731478
230	0.287049	1.33059	0.733135
231	0.288294	1.32691	0.734787
232	0.289539	1.32371	0.736436
233	0.290785	1.3215	0.738082
234	0.29203	1.33416	0.739743
235	0.293275	1.32804	0.741397
236	0.294521	1.33116	0.743055
237	0.295766	1.32298	0.744702
238	0.297011	1.32122	0.746347
239	0.298257	1.27382	0.747934
240	0.299502	1.11055	0.749317
241	0.300747	1.10617	0.750694
242	0.301993	1.10632	0.752072
243	0.303238	1.11067	0.753455
244	0.304483	1.10808	0.754835
245	0.305729	1.10822	0.756215
246	0.306974	1.10656	0.757593
247	0.308219	1.11267	0.758979
248	0.309465	1.10836	0.760359
249	0.31071	1.10589	0.761736
250	0.311955	1.1109	0.76312
251	0.3132	1.10827	0.7645
252	0.314446	1.10526	0.765876
253	0.315691	1.10612	0.767254
254	0.316936	1.10783	0.768634
255	0.318182	1.10777	0.770013
256	0.319427	1.11106	0.771397
257	0.320672	1.10937	0.772778
258	0.321918	1.10866	0.774159
259	0.323163	1.10991	0.775541
260	0.324408	1.11109	0.776925
261	0.325654	1.10851	0.778305
262	0.326899	1.10727	0.779684
263	0.328144	1.1051	0.78106
264	0.32939	1.10658	0.782438
265	0.330635	1.10505	0.783815
266	0.33188	1.10755	0.785194
267	0.333126	1.11172	0.786578
268	0.334371	1.10654	0.787956
269	0.335616	1.10597	0.789334
270	0.336862	1.10739	0.790713
271	0.338107	1.10725	0.792092
272	0.339352	1.10973	0.793474
273	0.340598	1.10554	0.79485
274	0.341843	1.10822	0.79623
275	0.343088	1.10895	0.797611
276	0.344334	1.10928	0.798993
277	0.345579	1.10478	0.800369
278	0.346824	1.10624	0.801746
279	0.34807	1.10382	0.803121
280	0.349315	1.10029	0.804491
281	0.35056	1.11318	0.805877
282	0.351806	1.1072	0.807256
283	0.353051	1.10944	0.808638
284	0.354296	1.10534	0.810014
285	0.355542	1.09997	0.811384
286	0.356787	1.10338	0.812758
287	0.358032	1.05265	0.814069
288	0.359278	0.925115	0.815221
289	0.360523	0.923751	0.816372
290	0.361768	0.921936	0.81752
291	0.363014	0.921618	0.818667
292	0.364259	0.927289	0.819822
293	0.365504	0.923433	0.820972
294	0.36675	0.924696	0.822124
295	0.367995	0.922664	0.823273
296	0.36924	0.92355	0.824423
297	0.370486	0.928611	0.825579
298	0.371731	0.922003	0.826728
299	0.372976	0.921125	0.827875
300	0.374222	0.924044	0.829025
301	0.375467	0.924353	0.830176
302	0.376712	0.92084	0.831323
303	0.377958	0.925181	0.832475
304	0.379203	0.921802	0.833623
305	0.380448	0.92309	0.834773
306	0.381694	0.924788	0.835925
307	0.382939	0.924763	0.837076
308	0.384184	0.925742	0.838229
309	0.38543	0.924638	0.839381
310	0.386675	0.921526	0.840528
311	0.38792	0.926511	0.841682
312	0.389166	0.925717	0.842835
313	0.390411	0.925583	0.843987
314	0.391656	0.919862	0.845133
315	0.392902	0.923902	0.846284
316	0.394147	0.924454	0.847435
317	0.395392	0.920305	0.848581
318	0.396638	0.920673	0.849727
319	0.397883	0.924353	0.850879
320	0.399128	0.926503	0.852032
321	0.400374	0.923617	0.853183
322	0.401619	0.923015	0.854332
323	0.402864	0.919753	0.855477
324	0.40411	0.922137	0.856626
325	0.405355	0.923592	0.857776
326	0.4066	0.92396	0.858927
327	0.407846	0.926829	0.860081
328	0.409091	0.919728	0.861226
329	0.410336	0.923057	0.862376
330	0.411582	0.925232	0.863528
331	0.412827	0.923994	0.864679
332	0.414072	0.922379	0.865827
333	0.415318	0.922011	0.866975
334	0.416563	0.919979	0.868121
335	0.417808	0.920773	0.869268
336	0.419054	0.91644	0.870409
337	0.420299	0.927147	0.871564
338	0.421544	0.922714	0.872713
339	0.42279	0.924312	0.873864
340	0.424035	0.925717	0.875017
341	0.42528	0.92033	0.876163
342	0.426526	0.916859	0.877305
343	0.427771	0.918055	0.878448
344	0.429016	0.920539	0.879594
345	0.430262	0.808462	0.880601
346	0.431507	0.773214	0.881564
347	0.432752	0.768956	0.882521
348	0.433998	0.771039	0.883482
349	0.435243	0.767032	0.884437
350	0.436488	0.768479	0.885394
351	0.437733	0.773222	0.886357
352	0.438979	0.767568	0.887313
353	0.440224	0.772988	0.888275
354	0.441469	0.768939	0.889233
355	0.442715	0.768053	0.890189
356	0.44396	0.774	0.891153
357	0.445205	0.771215	0.892114
358	0.446451	0.768847	0.893071
359	0.447696	0.768011	0.894028
360	0.448941	0.770261	0.894987
361	0.450187	0.770395	0.895946
362	0.451432	0.771064	0.896906
363	0.452677	0.766622	0.897861
364	0.453923	0.771298	0.898822
365	0.455168	0.767609	0.899778
366	0.456413	0.768663	0.900735
367	0.457659	0.770997	0.901695
368	0.458904	0.76965	0.902653
369	0.460149	0.77277	0.903616
370	0.461395	0.770136	0.904575
371	0.46264	0.772386	0.905537
372	0.463885	0.768822	0.906494
373	0.465131	0.7717	0.907455
374	0.466376	0.772093	0.908417
375	0.467621	0.772202	0.909378
376	0.468867	0.769391	0.910336
377	0.470112	0.766363	0.911291
378	0.471357	0.770144	0.91225
379	0.472603	0.768965	0.913208
380	0.473848	0.771072	0.914168
381	0.475093	0.766121	0.915122
382	0.476339	0.768028	0.916078
383	0.477584	0.770897	0.917038
384	0.478829	0.772787	0.918001
385	0.480075	0.769048	0.918958
386	0.48132	0.769901	0.919917
387	0.482565	0.769241	0.920875
388	0.483811	0.767049	0.92183
389	0.485056	0.76827	0.922787
390	0.486301	0.770629	0.923747
391	0.487547	0.768036	0.924703
392	0.488792	0.77231	0.925665
393	0.490037	0.76945	0.926623
394	0.491283	0.769207	0.927581
395	0.492528	0.768889	0.928539
396	0.493773	0.772645	0.929501
397	0.495019	0.768496	0.930458
398	0.496264	0.770905	0.931418
399	0.497509	0.765886	0.932372
400	0.498755	0.77083	0.933332
401	0.5	0.766196	0.934286
402	0.501245	0.768379	0.935243
403	0.502491	0.762658	0.936193
404	0.503736	0.770378	0.937152
405	0.504981	0.773138	0.938115
406	0.506227	0.768103	0.939071
407	0.507472	0.769692	0.94003
408	0.508717	0.771156	0.94099
409	0.509963	0.770579	0.94195
410	0.511208	0.763536	0.942901
411	0.512453	0.764665	0.943853
412	0.513699	0.765769	0.944806
413	0.514944	0.767133	0.945762
414	0.516189	0.680977	0.94661
415	0.517435	0.64235	0.94741
416	0.51868	0.644123	0.948212
417	0.519925	0.63984	0.949009
418	0.521171	0.641881	0.949808
419	0.522416	0.641087	0.950606
420	0.523661	0.641329	0.951405
421	0.524907	0.644157	0.952207
422	0.526152	0.641204	0.953006
423	0.527397	0.641672	0.953805
424	0.528643	0.643512	0.954606
425	0.529888	0.64097	0.955405
426	0.531133	0.639472	0.956201
427	0.532379	0.646147	0.957006
428	0.533624	0.643663	0.957807
429	0.534869	0.639531	0.958604
430	0.536115	0.643011	0.959404
431	0.53736	0.639941	0.960201
432	0.538605	0.641329	0.961
433	0.539851	0.644934	0.961803
434	0.541096	0.640535	0.962601
435	0.542341	0.639866	0.963398
436	0.543587	0.640585	0.964195
437	0.544832	0.643705	0.964997
438	0.546077	0.639548	0.965793
439	0.547323	0.641229	0.966592
440	0.548568	0.641781	0.967391
441	0.549813	0.642525	0.968191
442	0.551059	0.641605	0.96899
443	0.552304	0.64465	0.969793
444	0.553549	0.64342	0.970594
445	0.554795	0.642927	0.971395
446	0.55604	0.64204	0.972195
447	0.557285	0.639564	0.972991
448	0.558531	0.644073	0.973793
449	0.559776	0.6446	0.974596
450	0.561021	0.643002	0.975397
451	0.562267	0.642986	0.976197
452	0.563512	0.637741	0.976992
453	0.564757	0.643688	0.977793
454	0.566002	0.640083	0.97859
455	0.567248	0.641011	0.979389
456	0.568493	0.643462	0.98019
457	0.569738	0.639046	0.980986
458	0.570984	0.639422	0.981782
459	0.572229	0.640476	0.98258
460	0.573474	0.642977	0.98338
461	0.57472	0.645085	0.984184
462	0.575965	0.641789	0.984983
463	0.57721	0.64061	0.985781
464	0.578456	0.641095	0.986579
465	0.579701	0.639397	0.987375
466	0.580946	0.642802	0.988176
467	0.582192	0.63887	0.988971
468	0.583437	0.64204	0.989771
469	0.584682	0.641288	0.99057
470	0.585928	0.642617	0.99137
471	0.587173	0.645001	0.992173
472	0.588418	0.638544	0.992968
473	0.589664	0.641856	0.993768
474	0.590909	0.643236	0.994569
475	0.592154	0.640459	0.995366
476	0.5934	0.642802	0.996167
477	0.594645	0.641873	0.996966
478	0.59589	0.642249	0.997766
479	0.597136	0.638251	0.998561
480	0.598381	0.643295	0.999362
481	0.599626	0.512414	1
482	0.600872	0	1
483	0.602117	0	1
484	0.603362	0	1
485	0.604608	0	1
486	0.605853	0	1
487	0.607098	0	1
488	0.608344	0	1
489	0.609589	0	1
490	0.610834	0	1
491	0.61208	0	1
492	0.613325	0	1
493	0.61457	0	1
494	0.615816	0	1
495	0.617061	0	1
496	0.618306	0	1
497	0.619552	0	1
498	0.620797	0	1
499	0.622042	0	1
500	0.623288	0	1
501	0.624533	0	1
502	0.625778	0	1
503	0.627024	0	1
504	0.628269	0	1
505	0.629514	0	1
506	0.63076	0	1
507	0.632005	0	1
508	0.63325	0	1
509	0.634496	0	1
510	0.635741	0	1
511	0.636986	0	1
512	0.638232	0	1
513	0.639477	0	1
514	0.640722	0	1
515	0.641968	0	1
516	0.643213	0	1
517	0.644458	0	1
518	0.645704	0	1
519	0.646949	0	1
520	0.648194	0	1
521	0.64944	0	1
522	0.650685	0	1
523	0.65193	0	1
524	0.653176	0	1
525	0.654421	0	1
526	0.655666	0	1
527	0.656912	0	1
528	0.658157	0	1
529	0.659402	0	1
530	0.660648	0	1
531	0.661893	0	1
532	0.663138	0	1
533	0.664384	0	1
534	0.665629	0	1
535	0.666874	0	1
536	0.66812	0	1
537	0.669365	0	1
538	0.67061	0	1
539	0.671856	0	1
540	0.673101	0	1
541	0.674346	0	1
542	0.675592	0	1
543	0.676837	0	1
544	0.678082	0	1
545	0.679328	0	1
546	0.680573	0	1
547	0.681818	0	1
548	0.683064	0	1
549	0.684309	0	1
550	0.685554	0	1
551	0.6868	0	1
552	0.688045	0	1
553	0.68929	0	1
554	0.690535	0	1
555	0.691781	0	1
556	0.693026	0	1
557	0.694271	0	1
558	0.695517	0	1
559	0.696762	0	1
560	0.698007	0	1
561	0.699253	0	1
562	0.700498	0	1
563	0.701743	0	1
564	0.702989	0	1
565	0.704234	0	1
566	0.705479	0	1
567	0.706725	0	1
568	0.70797	0	1
569	0.709215	0	1
570	0.710461	0	1
571	0.711706	0	1
572	0.712951	0	1
573	0.714197	0	1
574	0.715442	0	1
575	0.716687	0	1
576	0.717933	0	1
577	0.719178	0	1
578	0.720423	0	1
579	0.721669	0	1
580	0.722914	0	1
581	0.724159	0	1
582	0.725405	0	1
583	0.72665	0	1
584	0.727895	0	1
585	0.729141	0	1
586	0.730386	0	1
587	0.731631	0	1
588	0.732877	0	1
589	0.734122	0	1
590	0.735367	0	1
591	0.736613	0	1
592	0.737858	0	1
593	0.739103	0	1
594	0.740349	0	1
595	0.741594	0	1
596	0.742839	0	1
597	0.744085	0	1
598	0.74533	0	1
599	0.746575	0	1
600	0.747821	0	1
601	0.749066	0	1
602	0.750311	0	1
603	0.751557	0	1
604	0.752802	0	1
605	0.754047	0	1
606	0.755293	0	1
607	0.756538	0	1
608	0.757783	0	1
609	0.759029	0	1
610	0.760274	0	1
611	0.761519	0	1
612	0.762765	0	1
613	0.76401	0	1
614	0.765255	0	1
615	0.766501	0	1
616	0.767746	0	1
617	0.768991	0	1
618	0.770237	0	1
619	0.771482	0	1
620	0.772727	0	1
621	0.773973	0	1
622	0.775218	0	1
623	0.776463	0	1
624	0.777709	0	1
625	0.778954	0	1
626	0.780199	0	1
627	0.781445	0	1
628	0.78269	0	1
629	0.783935	0	1
630	0.785181	0	1
631	0.786426	0	1
632	0.787671	0	1
633	0.788917	0	1
634	0.790162	0	1
635	0.791407	0	1
636	0.792653	0	1
637	0.793898	0	1
638	0.795143	0	1
639	0.796389	0	1
640	0.797634	0	1
641	0.798879	0	1
642	0.800125	0	1
643	0.80137	0	1
644	0.802615	0	1
645	0.803861	0	1
646	0.805106	0	1
647	0.806351	0	1
648	0.807597	0	1
649	0.808842	0	1
650	0.810087	0	1
651	0.811333	0	1
652	0.812578	0	1
653	0.813823	0	1
654	0.815068	0	1
655	0.816314	0	1
656	0.817559	0	1
657	0.818804	0	1
658	0.82005	0	1
659	0.821295	0	1
660	0.82254	0	1
661	0.823786	0	1
662	0.825031	0	1
663	0.826276	0	1
664	0.827522	0	1
665	0.828767	0	1
666	0.830012	0	1
667	0.831258	0	1
668	0.832503	0	1
669	0.833748	0	1
670	0.834994	0	1
671	0.836239	0	1
672	0.837484	0	1
673	0.83873	0	1
674	0.839975	0	1
675	0.84122	0	1
676	0.842466	0	1
677	0.843711	0	1
678	0.844956	0	1
679	0.846202	0	1
680	0.847447	0	1
681	0.848692	0	1
682	0.849938	0	1
683	0.851183	0	1
684	0.852428	0	1
685	0.853674	0	1
686	0.854919	0	1
687	0.856164	0	1
688	0.85741	0	1
689	0.858655	0	1
690	0.8599	0	1
691	0.861146	0	1
692	0.862391	0	1
693	0.863636	0	1
694	0.864882	0	1
695	0.866127	0	1
696	0.867372	0	1
697	0.868618	0	1
698	0.869863	0	1
699	0.871108	0	1
700	0.872354	0	1
701	0.873599	0	1
702	0.874844	0	1
703	0.87609	0	1
704	0.877335	0	1
705	0.87858	0	1
706	0.879826	0	1
707	0.881071	0	1
708	0.882316	0	1
709	0.883562	0	1
710	0.884807	0	1
711	0.886052	0	1
712	0.887298	0	1
713	0.888543	0	1
714	0.889788	0	1
715	0.891034	0	1
716	0.892279	0	1
717	0.893524	0	1
718	0.89477	0	1
719	0.896015	0	1
720	0.89726	0	1
721	0.898506	0	1
722	0.899751	0	1
723	0.900996	0	1
724	0.902242	0	1
725	0.903487	0	1
726	0.904732	0	1
727	0.905978	0	1
728	0.907223	0	1
729	0.908468	0	1
730	0.909714	0	1
731	0.910959	0	1
732	0.912204	0	1
733	0.91345	0	1
734	0.914695	0	1
735	0.91594	0	1
736	0.917186	0	1
737	0.918431	0	1
738	0.919676	0	1
739	0.920922	0	1
740	0.922167	0	1
741	0.923412	0	1
742	0.924658	0	1
743	0.925903	0	1
744	0.927148	0	1
745	0.928394	0	1
746	0.929639	0	1
747	0.930884	0	1
748	0.93213	0	1
749	0.933375	0	1
750	0.93462	0	1
751	0.935866	0	1
752	0.937111	0	1
753	0.938356	0	1
754	0.939601	0	1
755	0.940847	0	1
756	0.942092	0	1
757	0.943337	0	1
758	0.944583	0	1
759	0.945828	0	1
760	0.947073	0	1
761	0.948319	0	1
762	0.949564	0	1
763	0.950809	0	1
764	0.952055	0	1
765	0.9533	0	1
766	0.954545	0	1
767	0.955791	0	1
768	0.957036	0	1
769	0.958281	0	1
770	0.959527	0	1
771	0.960772	0	1
772	0.962017	0	1
773	0.963263	0	1
774	0.964508	0	1
775	0.965753	0	1
776	0.966999	0	1
777	0.968244	0	1
778	0.969489	0	1
779	0.970735	0	1
780	0.97198	0	1
781	0.973225	0	1
782	0.974471	0	1
783	0.975716	0	1
784	0.976961	0	1
785	0.978207	0	1
786	0.979452	0	1
787	0.980697	0	1
788	0.981943	0	1
789	0.983188	0	1
790	0.984433	0	1
791	0.985679	0	1
792	0.986924	0	1
793	0.988169	0	1
794	0.989415	0	1
795	0.99066	0	1
796	0.991905	0	1
797	0.993151	0	1
798	0.994396	0	1
799	0.995641	0	1
800	0.996887	0	1
801	0.998132	0	1
802	0.999377	0	1
