# K = 572 / 715 =  0.80000000000000004 =  0.79999999999999993
#
#------------------------
#
0	0.306186	1	0	0	3.26599
1	0.242061	-0.3125	0	0	13.4924
2	0.787636	-0.0625	-0.0268957	-4.16334e-16	17.1302
3	0.707546	0	-0.0881682	0.341474	24.2108
4	0.778755	0	-0.0117192	-0.124611	31.0891
5	0.120397	0	-0.348276	0.0314588	258.222
6	0.790569	0	0	-3.88578e-15	326.628
7	0.790569	0	0	3.46945e-16	413.155
8	0.790036	0	-6.69638e-16	-0.0277344	522.957
9	0.787254	0	0	0	664.28
10	0.367328	0	0	0	1808.41
11	0.790569	0	0	0	2287.48
12	0.790569	0	0	-6.27944e-15	2893.46
13	0.759639	0	0	0	3808.99
14	0.547566	0	0	0	6956.23
15	0.492046	0.588829	0	0	14137.4
16	0.773428	-0.0252574	-0.0302254	0	18278.8
17	0.756469	-0.0475696	-0.0346624	-0.0414804	24163.3
18	0.707931	-0.102237	-0.0697379	-0.0508157	34132.3
19	0.415846	-0.299283	-0.174922	-0.119318	82079.3
20	0.53803	-0.114482	-0.031517	-0.0184208	152555
21	0.790569	0	0	0	192969
22	0.52353	0	0	0.466314	368592
23	0.70967	0	0	-0.0930606	519384
24	0.790569	0	0	2.20133e-15	656975
25	0.227717	0	0	-0.261243	2.88504e+06
26	0.672913	0	0	-0.0736604	4.28739e+06
27	0.52117	0	0	0	8.22647e+06
28	0.790569	0	0	0	1.04058e+07
29	0.423897	0	0	0.472912	2.45478e+07
30	0.163853	0	0	-0.581433	1.49816e+08
31	0.790569	0	0	0	1.89504e+08
32	0.790569	0	0	-1.76926e-14	2.39705e+08
33	0.790569	0	0	0	3.03206e+08
34	0.790569	0	0	0	3.83528e+08
35	0.784799	0	0	0	4.88697e+08
36	0.790569	0	0	0	6.18158e+08
37	0.669986	0	0	0	9.22642e+08
38	0.790569	0	0	0	1.16706e+09
39	0.790569	0	0	0	1.47623e+09
40	0.790569	0	0	0	1.8673e+09
41	0.712741	0	0	0	2.61988e+09
42	0.160127	0	0	0	1.63613e+10
43	0.575705	0	0	0	2.84196e+10
44	0.790569	0	0	0	3.59483e+10
45	0.783277	0	0	0	4.58947e+10
46	0.790569	0	0	0	5.80527e+10
47	0.790569	0	0	0	7.34315e+10
48	0.790569	0	0	0	9.28844e+10
49	0.790569	0	0	0	1.1749e+11
50	0.363138	0	0	0	3.23543e+11
51	0.790569	0	0	0	4.09253e+11
52	0.611477	0	0	0	6.69286e+11
53	0.241962	0	0	0	2.76607e+12
54	0.790569	0	0	0	3.49884e+12
55	0.790569	0	0	0	4.42572e+12
56	0.730136	0	0	0	6.0615e+12
57	0.526596	0	0	0	1.15107e+13
58	0.295298	0	0	0	3.89799e+13
59	0.790569	0	0	0	4.93062e+13
60	0.790569	0	0	0	6.23679e+13
61	0.790569	0	0	0	7.88899e+13
62	0.790569	0	0	0	9.97886e+13
63	0.467803	0	0	0	2.13314e+14
64	0.790569	0	0	0	2.69823e+14
65	0.247444	0	0	0	1.09044e+15
66	0.769379	0	0	0.181813	1.4173e+15
67	0.790569	0	0	0	1.79276e+15
68	0.598024	0	0	-0.0584739	2.9978e+15
69	0.790569	0	0	0	3.79195e+15
70	0.790569	0	0	-2.97218e-15	4.79648e+15
71	0.691902	0	0	0	6.93231e+15
72	0.437053	0	0	0	1.58615e+16
73	0.790569	0	0	0	2.00634e+16
74	0.790569	0	0	0	2.53784e+16
75	0.790569	0	0	0	3.21014e+16
76	0.790569	0	0	0	4.06054e+16
77	0.330754	0	0	0	1.22766e+17
78	0.790569	0	0	0	1.55289e+17
79	0.499293	0	0	0	3.11017e+17
80	0.726393	0	0	0	4.28166e+17
81	0.498428	0	0	0	8.59033e+17
82	0.790569	0	0	0	1.0866e+18
83	0.545103	0	0	0	1.99338e+18
84	0.790569	0	0	0	2.52145e+18
85	0.686422	0	0	0	3.67333e+18
86	0.790569	0	0	0	4.64643e+18
87	0.37804	0	0	0	1.22908e+19
88	0.351051	0	0	0	3.50116e+19
89	0.410468	0	0	0	8.52968e+19
90	0.786742	0	0	0	1.08418e+20
91	0.790569	0	0	0	1.37139e+20
92	0.788065	0	0	0	1.74019e+20
93	0.787724	0	0	0	2.20914e+20
94	0.710217	0	0	0	3.11052e+20
95	0.269148	0	0	0	1.15569e+21
96	0.790569	0	0	0	1.46185e+21
97	0.790569	0	0	0	1.8491e+21
98	0.638116	0	0	0	2.89776e+21
99	0.705484	0	0	0	4.10748e+21
100	0.302072	0	0	0	1.35977e+22
101	0.790569	0	0	0	1.71999e+22
102	0.790569	0	0	0	2.17563e+22
103	0.226508	0	0	0	9.60509e+22
104	0.790569	0	0	0	1.21496e+23
105	0.761023	0	0	0	1.59648e+23
106	0.790569	0	0	0	2.01941e+23
107	0.790569	0	0	0	2.55437e+23
108	0.790569	0	0	0	3.23105e+23
109	0.085577	0	0	0	3.77561e+24
110	0.788687	0	0	0	4.78721e+24
111	0.790569	0	0	0	6.05539e+24
112	0.790569	0	0	0	7.65953e+24
113	0.790569	0	0	0	9.68863e+24
114	0.523072	0	0	0	1.85226e+25
115	0.790569	0	0	0	2.34294e+25
116	0.788522	0	0	0	2.97131e+25
117	0.790569	0	0	0	3.75844e+25
118	0.772247	0	0	0	4.86689e+25
119	0.790569	0	0	0	6.15618e+25
120	0.61317	0	0	0	1.00399e+26
121	0.493761	0	0	0	2.03336e+26
122	0.617304	0	0	0	3.29394e+26
123	0.55972	0	0	0	5.88497e+26
124	0.790569	0	0	0	7.44396e+26
125	0.668666	0	0	0	1.11326e+27
126	0.790569	0	0	0	1.40817e+27
127	0.790569	0	0	0	1.78121e+27
128	0.191808	0	0	0	9.28642e+27
129	0.790569	0	0	0	1.17465e+28
130	0.790569	0	0	0	1.48583e+28
131	0.643446	0	0	0	2.30917e+28
132	0.643785	0	0	0	3.58687e+28
133	0.790569	0	0	0	4.53707e+28
134	0.790569	0	0	0	5.73899e+28
135	0.711126	0	0	0	8.07029e+28
136	0.790569	0	0	0	1.02082e+29
137	0.312321	0	0	0	3.26849e+29
138	0.453438	0	0	0	7.20825e+29
139	0.790569	0	0	0	9.11779e+29
140	0.787243	0	0	0	1.15819e+30
141	0.790569	0	0	0	1.46501e+30
142	0.491023	0	0	0	2.98359e+30
143	0.790569	0	0	0	3.77398e+30
144	0.699969	0	0	0	5.39163e+30
145	0.734858	0	0	0	7.33698e+30
146	0.711076	0	0	0	1.03181e+31
147	0.204649	0	0	0	5.04186e+31
148	0.790569	0	0	0	6.3775e+31
149	0.627654	0	0	0	1.01609e+32
150	0.790569	0	0	0	1.28526e+32
151	0.314027	0	0	0	4.09282e+32
152	0.77927	0	0	0	5.25212e+32
153	0.78688	0	0	0	6.67462e+32
154	0.790569	0	0	0	8.44279e+32
155	0.790569	0	0	0	1.06794e+33
156	0.159273	0	0	0	6.70508e+33
157	0.527477	0	0	0	1.27116e+34
158	0.790569	0	0	0	1.6079e+34
159	0.790569	0	0	0	2.03386e+34
160	0.790569	0	0	0	2.57265e+34
161	0.546918	0	0	0	4.7039e+34
162	0.790569	0	0	0	5.95001e+34
163	0.730883	0	0	0	8.14085e+34
164	0.569775	0	0	0	1.42878e+35
165	0.770887	0	0	0	1.85343e+35
166	0.214906	0	0	0	8.62436e+35
167	0.790569	0	0	0	1.0909e+36
168	0.764588	0	0	0.157906	1.42679e+36
169	0.789223	0	0	-0.0443834	1.80784e+36
170	0.790569	0	0	0	2.28676e+36
171	0.78267	0	0	0	2.92174e+36
172	0.790569	0	0	0	3.69574e+36
173	0.790569	0	0	0	4.67478e+36
174	0.410592	0	0	0	1.13854e+37
175	0.688105	0	0	0	1.65461e+37
176	0.790569	0	0	0	2.09293e+37
177	0.790569	0	0	0	2.64738e+37
178	0.21239	0	0	0	1.24647e+38
179	0.790569	0	0	0	1.57667e+38
180	0.134353	0	0	0	1.17353e+39
181	0.761465	0	0	0	1.54115e+39
182	0.790569	0	0	0	1.94941e+39
183	0.790569	0	0	0	2.46584e+39
184	0.790569	0	0	0	3.11906e+39
185	0.790569	0	0	0	3.94534e+39
186	0.497743	0	0	0	7.92645e+39
187	0.790569	0	0	0	1.00263e+40
188	0.790569	0	0	0	1.26823e+40
189	0.790569	0	0	0	1.6042e+40
190	0.369229	0	0	0	4.34473e+40
191	0.778109	0	0	0	5.58371e+40
192	0.0920802	0	0	0	6.06396e+41
193	0.790569	0	0	0	7.67037e+41
194	0.790569	0	0	0	9.70233e+41
195	0.646597	0	0	0	1.50052e+42
196	0.790569	0	0	0	1.89803e+42
197	0.790569	0	0	0	2.40084e+42
198	0.790569	0	0	0	3.03684e+42
199	0.790569	0	0	0	3.84134e+42
200	0.790569	0	0	0	4.85895e+42
201	0.790569	0	0	0	6.14614e+42
202	0.696945	0	0	0	8.81868e+42
203	0.790569	0	0	0	1.11548e+43
204	0.790569	0	0	0	1.41099e+43
205	0.417947	0	0	0	3.376e+43
206	0.438082	0	0	0	7.70632e+43
207	0.790569	0	0	0	9.7478e+43
208	0.524736	0	0	0	1.85766e+44
209	0.790569	0	0	0	2.34977e+44
210	0.315652	0	0	0	7.44419e+44
211	0.728553	0	0	0	1.02178e+45
212	0.790569	0	0	0	1.29246e+45
213	0.773624	0	0	0	1.67065e+45
214	0.790569	0	0	0	2.11323e+45
215	0.454151	0	0	0	4.65314e+45
216	0.790569	0	0	0	5.8858e+45
217	0.790569	0	0	0	7.44502e+45
218	0.396129	0	0	0	1.87944e+46
219	0.790569	0	0	0	2.37733e+46
220	0.451027	0	0	0	5.27092e+46
221	0.790569	0	0	0	6.66724e+46
222	0.790569	0	0	0	8.43347e+46
223	0.790569	0	0	0	1.06676e+47
224	0.748838	0	0	0	1.42455e+47
225	0.790569	0	0	0	1.80193e+47
226	0.597275	0	0	0	3.01692e+47
227	0.480413	0.361423	0	0	6.27986e+47
228	0.365579	-0.361423	-0.271904	0	1.71778e+48
229	0.307481	0	0	0	5.58663e+48
230	0.785959	0	0	0	7.10804e+48
231	0.788949	0	0	0	9.00951e+48
232	0.650628	0	0	0	1.38474e+49
233	0.790569	0	0	0	1.75157e+49
234	0.764701	0	0	0	2.29053e+49
235	0.618657	0	0	0	3.70243e+49
236	0.790569	0	0	0	4.68324e+49
237	0.541343	0	0	0	8.65116e+49
238	0.790569	0	0	0	1.09429e+50
239	0.588941	0	0	0	1.85807e+50
240	0.790569	0	0	0	2.35029e+50
241	0.720049	0	0	0	3.26407e+50
242	0.274345	0	0	0	1.18977e+51
243	0.790569	0	0	0	1.50495e+51
244	0.63563	0	0	0	2.36766e+51
245	0.790569	0	0	0	2.99488e+51
246	0.429852	0	0	0	6.96723e+51
247	0.39961	0	0	0	1.74351e+52
248	0.787813	0	0	0	2.2131e+52
249	0.790569	0	0	0	2.79937e+52
250	0.651658	0	0	0	4.29577e+52
251	0.790569	0	0	0	5.43376e+52
252	0.659787	0	0	0	8.23563e+52
253	0.777446	0	0	0	1.05932e+53
254	0.790569	0	0	0	1.33994e+53
255	0.465192	0	0	0	2.88041e+53
256	0.280308	0	0	0	1.02759e+54
257	0.790569	0	0	0	1.29981e+54
258	0.762424	0	0	0	1.70483e+54
259	0.154661	0	0	0	1.10231e+55
260	0.790569	0	0	0	1.39432e+55
261	0.790569	0	0	0	1.76369e+55
262	0.790569	0	0	0	2.23091e+55
263	0.790569	0	0	0	2.8219e+55
264	0.287866	0	0	0	9.80284e+55
265	0.778799	0	0	0	1.25871e+56
266	0.789454	0	0	0	1.59441e+56
267	0.790569	0	0	0	2.01679e+56
268	0.60254	0	0	0	3.34714e+56
269	0.790569	0	0	0	4.23384e+56
270	0.790569	0	0	0	5.35543e+56
271	0.461202	0	0	0	1.16119e+57
272	0.790569	0	0	0	1.4688e+57
273	0.790569	0	0	0	1.85791e+57
274	0.780261	0	0	0	2.38113e+57
275	0.790569	0	0	0	3.01192e+57
276	0.184541	0	0	0	1.63211e+58
277	0.678429	0	0	0	2.40572e+58
278	0.740597	0	0	0	3.24836e+58
279	0.790569	0	0	0	4.10889e+58
280	0.535057	0	0	0	7.67935e+58
281	0.790569	0	0	0	9.71369e+58
282	0.448752	0	0	0	2.1646e+59
283	0.790569	0	0	0	2.73803e+59
284	0.790569	0	0	0	3.46336e+59
285	0.499213	0	0	0	6.93765e+59
286	0.790569	0	0	0	8.77551e+59
287	0.220859	0	0	0	3.97335e+60
288	0.790569	0	0	0	5.02593e+60
289	0.697065	0	0	0	7.21013e+60
290	0.790569	0	0	0	9.12017e+60
291	0.790569	0	0	0	1.15362e+61
292	0.790569	0	0	0	1.45923e+61
293	0.790569	0	0	0	1.84579e+61
294	0.0968843	0	0	0	1.90515e+62
295	0.790569	0	0	0	2.40985e+62
296	0.790569	0	0	0	3.04824e+62
297	0.790569	0	0	0	3.85575e+62
298	0.780434	0	0	0	4.94053e+62
299	0.652606	0	0	0	7.57046e+62
300	0.790569	0	0	0	9.57596e+62
301	0.750489	0	0	0	1.27596e+63
302	0.790569	0	0	0	1.61398e+63
303	0.790569	0	0	0	2.04154e+63
304	0.790569	0	0	0	2.58237e+63
305	0.658564	0	0	0	3.92121e+63
306	0.261065	0	0	0	1.50201e+64
307	0.790569	0	0	0	1.89991e+64
308	0.547349	0	0	0	3.4711e+64
309	0.227048	0	0	0	1.52879e+65
310	0.546435	0	0	0	2.79776e+65
311	0.790569	0	0	0	3.53892e+65
312	0.790569	0	0	0	4.47642e+65
313	0.790569	0	0	0	5.66227e+65
314	0.715657	0	0	0	7.91199e+65
315	0.741287	0	0	0	1.06733e+66
316	0.790569	0	0	0	1.35008e+66
317	0.40633	0	0	0	3.32262e+66
318	0.729369	0	0	0	4.55547e+66
319	0.790569	0	0	0	5.76227e+66
320	0.790569	0	0	0	7.28876e+66
321	0.790569	0	0	0	9.21963e+66
322	0.13723	0	0	0	6.71836e+67
323	0.738368	0	0	0	9.09894e+67
324	0.790569	0	0	0	1.15093e+68
325	0.469232	0	0	0	2.4528e+68
326	0.790569	0	0	0	3.10258e+68
327	0.790569	0	0	0	3.92449e+68
328	0.790569	0	0	0	4.96412e+68
329	0.790569	0	0	0	6.27918e+68
330	0.466945	0	0	0	1.34474e+69
331	0.790569	0	0	0	1.70097e+69
332	0.0424712	0	0	0	4.005e+70
333	0.790569	0	0	0	5.06596e+70
334	0.790569	0	0	0	6.40799e+70
335	0.784344	0	0	0	8.16987e+70
336	0.790569	0	0	0	1.03342e+71
337	0.790569	0	0	0	1.30718e+71
338	0.783393	0	0	0	1.66861e+71
339	0.790569	0	0	0	2.11065e+71
340	0.790569	0	0	0	2.66978e+71
341	0.789337	0	0	0	3.3823e+71
342	0.790569	0	0	0	4.27831e+71
343	0.715449	0	0	0	5.9799e+71
344	0.143024	0	0	0	4.18105e+72
345	0.764882	0	0	0	5.46627e+72
346	0.790569	0	0	0	6.91435e+72
347	0.790569	0	0	0	8.74604e+72
348	0.790569	0	0	0	1.1063e+73
349	0.790569	0	0	0	1.39937e+73
350	0.790569	0	0	0	1.77007e+73
351	0.762227	0	0	0	2.32224e+73
352	0.28419	0	0	0	8.17143e+73
353	0.790569	0	0	0	1.03361e+74
354	0.24235	0	0	0	4.26495e+74
355	0.790569	0	0	0	5.39479e+74
356	0.782604	0	0	0	6.89338e+74
357	0.778043	0	0	0	8.85991e+74
358	0.713427	0	0	0	1.24188e+75
359	0.790569	0	0	0	1.57087e+75
360	0.790569	0	0	0	1.98701e+75
361	0.790569	0	0	0	2.51339e+75
362	0.790569	0	0	0	3.17921e+75
363	0.275002	0	0	0	1.15607e+76
364	0.790569	0	0	0	1.46232e+76
365	0.633795	0	0	0	2.30725e+76
366	0.790569	0	0	0	2.91847e+76
367	0.790569	0	0	0	3.6916e+76
368	0.579111	0	0	0	6.3746e+76
369	0.670542	0	0	0	9.50664e+76
370	0.790569	0	0	0	1.2025e+77
371	0.660594	0	0	0	1.82034e+77
372	0.290252	0	0	0	6.27157e+77
373	0.562812	0	0	0	1.11433e+78
374	0.790569	0	0	0	1.40953e+78
375	0.790569	0	0	0	1.78292e+78
376	0.504184	0	0	0	3.53626e+78
377	0.213753	0	0	0	1.65436e+79
378	0.790569	0	0	0	2.09262e+79
379	0.790569	0	0	0	2.64698e+79
380	0.697149	0	0	0	3.79687e+79
381	0.790569	0	0	0	4.8027e+79
382	0.790569	0	0	0	6.07499e+79
383	0.224341	0	0	0	2.70792e+80
384	0.790569	0	0	0	3.42528e+80
385	0.756855	0	0	0	4.52568e+80
386	0.671461	0	0	0	6.74005e+80
387	0.790569	0	0	0	8.52556e+80
388	0.790569	0	0	0	1.07841e+81
389	0.470781	0	0	0	2.29068e+81
390	0.790569	0	0	0	2.8975e+81
391	0.407823	0	0	0.337647	7.10481e+81
392	0.624181	0	0	-0.389772	1.13826e+82
393	0.790569	0	0	0	1.4398e+82
394	0.790569	0	0	0	1.82122e+82
395	0.790569	0	0	0	2.30368e+82
396	0.790569	0	0	0	2.91395e+82
397	0.541516	0	0	0	5.38108e+82
398	0.309142	0	0	0	1.74065e+83
399	0.790569	0	0	0	2.20177e+83
400	0.414847	0	0	0	5.30741e+83
401	0.790569	0	0	0	6.71341e+83
402	0.790569	0	0	0	8.49186e+83
403	0.706883	0	0	0	1.20131e+84
404	0.790569	0	0	0	1.51955e+84
405	0.598616	0	0	0	2.53844e+84
406	0.39894	0	0	0	6.36296e+84
407	0.715739	0	0	0	8.89006e+84
408	0.790569	0	0	0	1.12451e+85
409	0.414913	0	0	0	2.71024e+85
410	0.790569	0	0	0	3.42821e+85
411	0.465531	0	0	0	7.36408e+85
412	0.729078	0	0	0	1.01005e+86
413	0.668677	0	0	0	1.51053e+86
414	0.638992	0	0	0	2.36392e+86
415	0.790569	0	0	0	2.99015e+86
416	0.790569	0	0	0	3.78227e+86
417	0.790569	0	0	0	4.78424e+86
418	0.790569	0	0	0	6.05164e+86
419	0.595737	0	0	0	1.01582e+87
420	0.790569	0	0	0	1.28493e+87
421	0.334382	0	0	0	3.84269e+87
422	0.790569	0	0	0	4.86067e+87
423	0.360869	0	0	0	1.34693e+88
424	0.790569	0	0	0	1.70375e+88
425	0.790569	0	0	0	2.1551e+88
426	0.790569	0	0	0	2.726e+88
427	0.790569	0	0	0	3.44815e+88
428	0.0978849	0	0	0	3.52266e+89
429	0.790569	0	0	0	4.45585e+89
430	0.529081	0	0	0	8.42187e+89
431	0.485524	0.619442	0	0	1.73459e+90
432	0.788388	-0.00341437	-0.00435613	0	2.20018e+90
433	0.786973	-0.00559228	-0.00436968	-0.00557494	2.79575e+90
434	0.784528	-0.00929456	-0.00720956	-0.00563339	3.56361e+90
435	0.780091	-0.0158304	-0.01213	-0.00940894	4.5682e+90
436	0.771345	-0.0281196	-0.0210985	-0.0161666	5.92238e+90
437	0.751367	-0.0538889	-0.0389273	-0.0292076	7.88214e+90
438	0.689825	-0.120101	-0.0804493	-0.0581136	1.14263e+91
439	0.0981261	-0.383201	-0.21287	-0.142591	1.16445e+92
440	0.789677	0	0	0	1.47459e+92
441	0.789683	0	0	0	1.86732e+92
442	0.790569	0	0	0	2.36199e+92
443	0.787899	0	0	0	2.99783e+92
444	0.788973	0	0	0	3.79967e+92
445	0.600265	0	0	0	6.32999e+92
446	0.790569	0	0	0	8.00687e+92
447	0.790569	0	0	0	1.0128e+93
448	0.790569	0	0	0	1.2811e+93
449	0.790569	0	0	0	1.62048e+93
450	0.190316	0	0	0	8.51467e+93
451	0.790569	0	0	0	1.07703e+94
452	0.790569	0	0	0	1.36235e+94
453	0.790569	0	0	0	1.72325e+94
454	0.249679	0	0	0	6.90185e+94
455	0.790569	0	0	0	8.73022e+94
456	0.786445	0	0	0	1.11009e+95
457	0.788069	0	0	0	1.40862e+95
458	0.271813	0	0	0	5.1823e+95
459	0.790569	0	0	0	6.55514e+95
460	0.790569	0	0	0	8.29167e+95
461	0.790569	0	0	0	1.04882e+96
462	0.790569	0	0	0	1.32667e+96
463	0.419201	0	0	0	3.16475e+96
464	0.790569	0	0	0	4.00313e+96
465	0.790569	0	0	0	5.06361e+96
466	0.790569	0	0	0	6.40501e+96
467	0.433086	0	0	0	1.47892e+97
468	0.368351	0	0	0	4.01499e+97
469	0.790131	0	0	0	5.08142e+97
470	0.749547	0	0	0	6.77932e+97
471	0.645655	0	0	0	1.04999e+98
472	0.790569	0	0	0	1.32815e+98
473	0.32735	0	0	0	4.05727e+98
474	0.790569	0	0	0	5.13208e+98
475	0.790569	0	0	0	6.49162e+98
476	0.790569	0	0	0	8.21133e+98
477	0.790569	0	0	0	1.03866e+99
478	0.443951	0	0	0	2.33958e+99
479	0.790569	0	0	0	2.95936e+99
480	0.790569	0	0	0	3.74333e+99
481	0.633516	0	0	0	5.90882e+99
482	0.755176	0	0	0	7.82443e+99
483	0.482198	0	0	0	1.62266e+100
484	0.438899	0	0	0	3.69711e+100
485	0.790569	0	0	0	4.67651e+100
486	0.0845855	0	0	0	5.52874e+101
487	0.790569	0	0	0	6.99336e+101
488	0.790569	0	0	0	8.84598e+101
489	0.790569	0	0	0	1.11894e+102
490	0.181466	0	0	0	6.1661e+102
491	0.790569	0	0	0	7.79956e+102
492	0.790094	0	0	0	9.8717e+102
493	0.790536	0	0	0	1.24873e+103
494	0.790569	0	0	0	1.57954e+103
495	0.790569	0	0	0	1.99798e+103
496	0.790569	0	0	0	2.52726e+103
497	0.379852	0	0	0	6.65327e+103
498	0.790569	0	0	0	8.4158e+103
499	0.790569	0	0	0	1.06452e+104
500	0.790569	0	0	0	1.34653e+104
501	0.790569	0	0	0	1.70324e+104
502	0.778066	0	0	0	2.18907e+104
503	0.652603	0	0	0	3.35436e+104
504	0.790569	0	0	0	4.24297e+104
505	0.621165	0	0	0	6.83066e+104
506	0.790569	0	0	0	8.64018e+104
507	0.326122	0	0	0	2.64937e+105
508	0.790569	0	0	0	3.35122e+105
509	0.790569	0	0	0	4.23899e+105
510	0.729746	0	0	0	5.80886e+105
511	0.790569	0	0	0	7.34769e+105
512	0.790569	0	0	0	9.29417e+105
513	0.790569	0	0	0	1.17563e+106
514	0.161077	0	0	0	7.29854e+106
515	0.790569	0	0	0	9.232e+106
516	0.552297	0	0	0	1.67156e+107
517	0.652777	0	0	0	2.5607e+107
518	0.581315	0	0	0	4.405e+107
519	0.790569	0	0	0	5.57194e+107
