#
# zeta expansion terms 
#
# computed with variable precision of 450 decimal places
# computed with 7794 bits of default mpf 
0	 -0.0772156649015328517
1	-0.00474863147741964083
2	0.000366100893495480899
3	0.000376007305663723262
4	0.000143011824862314402
5	3.39978189360216841e-05
6	-4.83242212206578639e-07
7	-6.77784978129186022e-06
8	-5.2661399028330302e-06
9	-2.83697911227799636e-06
10	-1.16345458341796593e-06
11	-2.93489796043728358e-07
12	6.19481906856539613e-08
13	1.55588806029841251e-07
14	1.41776183792317915e-07
15	9.81017470740788242e-08
16	5.67411003881768268e-08
17	2.71674001623818403e-08
18	9.30709139040652758e-09
19	1.07982520317201346e-10
20	-3.6536473896516654e-09
21	-4.44700000844980717e-09
22	-3.87873369629913753e-09
23	-2.8692218786544301e-09
24	-1.87682536158802509e-09
25	-1.08405616939700309e-09
26	-5.27154666995523682e-10
27	-1.76348340241869926e-10
28	 1.9393708657150124e-11
29	1.10348865761359056e-10
30	1.37255530689598367e-10
31	1.29461911999507055e-10
32	1.06214140024330147e-10
33	7.89917116718954977e-11
34	5.38593666628851958e-11
35	3.34140394480436352e-11
36	1.82251496703752206e-11
37	7.81360297880236171e-12
38	1.26705133764503277e-12
39	 -2.406178130851358e-12
40	-4.09728128165758256e-12
41	-4.52496827898069489e-12
42	-4.22465968805565102e-12
43	-3.56833189006412044e-12
44	-2.79632180926026371e-12
45	-2.05058672696493905e-12
46	-1.40421670906043132e-12
47	-8.85209818166908065e-13
48	-4.94312017256975037e-13
49	-2.17604205146232972e-13
50	-3.48511572154468536e-14
51	7.53446089950861862e-14
52	1.32661528882799688e-13
53	1.53704027205874929e-13
54	1.51608368597067148e-13
55	1.36203785369761103e-13
56	1.14453214803429358e-13
57	9.09969607848653265e-14
58	6.86941577509879311e-14
59	4.91061246413271059e-14
60	3.28977659429918769e-14
61	2.01527524500677122e-14
62	1.06091031897792363e-14
63	3.82692999311865829e-15
64	-6.9834365284661124e-16
65	-3.46450049947676878e-15
66	-4.92157230062988611e-15
67	-5.45217809746400913e-15
68	-5.36592986416529447e-15
69	-4.90248881334440019e-15
70	-4.23938477007203385e-15
71	-3.50193606151593801e-15
72	-2.77354659388470026e-15
73	-2.10534804575655009e-15
74	-1.52464304224303438e-15
75	-1.04193374701140408e-15
76	-6.56528857587198662e-16
77	-3.60843570246769654e-16
78	-1.43568180073268505e-16
79	8.09801329809050582e-18
80	 1.0695478976281507e-16
81	1.64876506096538221e-16
82	1.92305302803971571e-16
83	  1.980390889750827e-16
84	1.89217082793781518e-16
85	 1.7142869820225726e-16
86	1.48891152858226474e-16
87	1.24657177692463822e-16
88	 1.0082683156369772e-16
89	 7.8747049876885793e-17
90	 5.9189645785178696e-17
91	4.25035078891978926e-17
92	2.87401385089718019e-17
93	1.77538379644954062e-17
94	9.27908802208626558e-18
95	2.98828573998950701e-18
96	-1.46686505259521201e-18
97	-4.42712521151274112e-18
98	-6.20776990141139059e-18
99	-7.08840969115337331e-18
100	-7.30848076260523981e-18
101	-7.06669542010701886e-18
102	-6.52310465322836197e-18
103	-5.80274055781999012e-18
104	-5.00007376999089724e-18
105	-4.18374033635163009e-18
106	-3.40116718599240495e-18
107	-2.6828607196527826e-18
108	-2.04622476578181741e-18
109	-1.49884806888198931e-18
110	-1.04125300557475043e-18
111	-6.69131222358842957e-19
112	-3.75112536148306007e-19
113	-1.50124224863576703e-19
114	1.55984038387353535e-20
115	1.31790298042561554e-19
116	2.07668005279864198e-19
117	2.51624104670563113e-19
118	2.71061396874627931e-19
119	2.72330315922707346e-19
120	2.60739541143545984e-19
121	2.40615753224282867e-19
122	2.15393752333935838e-19
123	1.87722683283408359e-19
124	 1.5957789860380614e-19
125	1.32371080006658522e-19
126	1.07053699693068059e-19
127	8.42108143433764944e-20
128	6.41436282308709997e-20
129	4.69403170800407405e-20
130	3.25353443364288305e-20
131	2.07579918112250463e-20
132	1.13711238525841298e-20
133	4.10135612798912385e-21
134	-1.33815372377541157e-21
135	-5.23110401254692761e-21
136	-7.84652234368912164e-21
137	-9.43130699207665833e-21
138	-1.0205949448868415e-20
139	-1.03626760860065342e-20
140	-1.00653685914442243e-20
141	-9.45073661816472261e-21
142	-8.63031906899323436e-21
143	-7.6929811598334588e-21
144	-6.70765246618287265e-21
145	-5.7261168891341481e-21
146	-4.78571968229679338e-21
147	-3.91190045025780189e-21
148	-3.12049559456957418e-21
149	-2.41978031566571243e-21
150	-1.81224021618132741e-21
151	-1.29607695019254682e-21
152	-8.66462272717005564e-22
153	-5.16561190754957295e-22
154	-2.38348501181817037e-22
155	-2.32444988109591932e-23
156	1.37404388406569142e-22
157	2.51975373689393033e-22
158	3.28326628163930339e-22
159	3.73641487387995177e-22
160	3.94341311012471986e-22
161	3.96051216470277209e-22
162	3.83605292842587215e-22
163	3.61080137264911545e-22
164	3.31847595715120099e-22
165	2.98639407403344865e-22
166	2.63618038553497235e-22
167	2.28449350443451325e-22
168	1.94373889756133201e-22
169	1.62274533519501238e-22
170	1.32738986162405189e-22
171	1.06116233797229983e-22
172	8.25665321418779507e-23
173	6.21048600828283814e-23
174	4.46380299289022732e-23
175	2.99958253297468101e-23
176	1.79566541204224628e-23
177	8.26826951147362006e-24
178	6.64140646905409714e-25
179	-5.12394764914814679e-24
180	-9.35650804719786554e-24
181	-1.22796550071633462e-23
182	-1.41206233892753667e-23
183	-1.50850743801546589e-23
184	-1.53558132104831902e-23
185	-1.50925939757104272e-23
186	-1.44327354167688191e-23
187	-1.34923166681467403e-23
188	-1.23677630598186193e-23
189	-1.11376687250511432e-23
190	-9.86473492808318393e-24
191	-8.59773077943363373e-24
192	-7.37340657745687526e-24
193	-6.21830971388656063e-24
194	-5.15046927043878684e-24
195	-4.18092849895892602e-24
196	-3.31511470858611243e-24
197	-2.55404405840410737e-24
198	-1.8953647301834709e-24
199	-1.3342462623252647e-24
200	-8.64125760528614859e-25
201	-4.77323527231787899e-25
202	-1.65541601395080598e-25
203	7.97410286045033777e-26
204	2.66963014853954381e-25
205	4.04252126280549834e-25
206	 4.9926155660735228e-25
207	5.59060030410838244e-25
208	5.90065781229811273e-25
209	5.98015611651709173e-25
210	5.87961366506145443e-25
211	5.64287225191066127e-25
212	5.30742225902486804e-25
213	4.90483359138292473e-25
214	 4.4612540253176402e-25
215	3.99794410916076476e-25
216	3.53182425267874724e-25
217	3.07601525250975186e-25
218	  2.640358277810487e-25
219	2.23190434879199752e-25
220	1.85536665297041135e-25
221	  1.513531734901565e-25
222	1.20762773986982088e-25
223	9.37649562979736692e-26
224	7.02642020827710665e-26
225	5.00943086778162011e-26
226	3.30389870470377545e-26
227	1.88490429156312238e-26
228	 7.2564718388934567e-27
229	-2.01419378613743803e-27
230	-9.23695182727320248e-27
231	-1.46774902031540914e-26
232	-1.85881364213757844e-26
233	-2.12043164704064657e-26
234	-2.27422675962606553e-26
235	-2.33977755379012317e-26
236	-2.33457329503543485e-26
237	-2.27403412527764399e-26
238	-2.17158024459056872e-26
239	-2.0387370164665451e-26
240	-1.8852650120924584e-26
241	-1.71930590136249106e-26
242	-1.54753678913514913e-26
243	-1.37532708660675839e-26
244	-1.20689330665291534e-26
245	-1.04544828921981678e-26
246	-8.93342311381059774e-27
247	-7.52194331035887471e-27
248	-6.23012268636596261e-27
249	-5.06301763140542626e-27
250	-4.02163261593443926e-27
251	-3.10377630711074646e-27
252	-2.3048072698771565e-27
253	-1.61827541630218852e-27
254	-1.03646659278364653e-27
255	-5.50858451467553948e-28
256	-1.52496128801392824e-28
257	1.67703670952482023e-28
258	4.18711748230041181e-28
259	6.09200532152915552e-28
260	7.47405612521226444e-28
261	8.41027583216746966e-28
262	8.97167699569376249e-28
263	9.22291476610498817e-28
264	9.22214983319608412e-28
265	9.02109203419976763e-28
266	 8.6651842360249693e-28
267	8.19389166353563982e-28
268	7.64106700839553142e-28
269	7.03536637941568179e-28
270	6.40069542841527976e-28
271	5.75666880349772509e-28
272	5.11906945417141407e-28
273	4.50029725847241969e-28
274	3.90979898594599378e-28
275	3.35447378100988778e-28
276	2.83905018033040863e-28
277	2.36643219802891254e-28
278	1.93801325652202249e-28
279	1.55395774057448244e-28
280	1.21345073834048095e-28
281	9.14917134650284156e-29
282	6.56211665332753084e-29
283	4.34781851483524736e-29
284	 2.4780593148370944e-29
285	9.23080161096734595e-30
286	-3.47472741707238077e-30
287	-1.36378455248518757e-29
288	-2.15526943977000332e-29
289	-2.75010879822789548e-29
290	-3.17491069283950275e-29
291	-3.45447261861081259e-29
292	-3.61163118602018386e-29
293	-3.66718390227416033e-29
294	-3.63986977271426351e-29
295	-3.54639696184506342e-29
296	-3.40150720412769753e-29
297	-3.21806802256897584e-29
298	-3.00718508576906045e-29
299	-2.77832820384208668e-29
300	-2.53946552683247584e-29
301	-2.29720146541266891e-29
302	-2.05691470475162873e-29
303	-1.82289343236222572e-29
304	-1.59846555474437092e-29
305	-1.38612224197882123e-29
306	-1.18763362095665488e-29
307	-1.00415584384660995e-29
308	-8.3632909600570383e-30
309	-6.84366384040982418e-30
310	-5.48133167129016086e-30
311	-4.27218069660511795e-30
312	-3.20995047066740658e-30
313	-2.28677475116557152e-30
314	-1.49364701382340045e-30
315	-8.20816408015971972e-31
316	-2.58120196606342495e-31
317	2.04741222309245665e-31
318	5.77980695078186238e-31
319	8.71546263594212772e-31
320	1.09498312442393485e-30
321	1.25733035706462643e-30
322	1.36704754626909691e-30
323	1.43196681099506422e-30
324	1.45926615117928994e-30
325	  1.455460422859611e-30
326	1.42640664397165663e-30
327	1.37732071108569593e-30
328	1.31280296667880443e-30
329	1.23687039387151212e-30
330	1.15299352865941704e-30
331	1.06413646724772079e-30
332	9.72798607644237978e-31
333	8.81057000300694026e-31
334	 7.9060839292513492e-31
335	7.02810240611860657e-31
336	6.18720115420662156e-31
337	 5.3913309095109736e-31
338	4.64616798896311023e-31
339	3.95543957685722139e-31
340	3.32122259821526661e-31
341	2.74421576047522084e-31
342	2.22398492681343542e-31
343	1.75918244844746455e-31
344	1.34774144408192459e-31
345	9.87046285959269209e-32
346	6.74080746422158564e-32
347	4.05555388079808917e-32
348	1.78015855107468753e-32
349	-1.2066247656206904e-33
350	-1.68218208896219788e-32
351	-2.93905156573714988e-32
352	-3.92481513668968954e-32
353	-4.67153459789877551e-32
354	-5.20950984434984796e-32
355	-5.56708215965516422e-32
356	-5.7705081350647062e-32
357	-5.84389314204879505e-32
358	-5.80917433192991549e-32
359	-5.68614416373670056e-32
360	-5.49250645307843524e-32
361	-5.24395787938397324e-32
362	-4.95428877833891512e-32
363	-4.63549787538316457e-32
364	-4.29791638147119867e-32
365	-3.95033757251661359e-32
366	-3.60014860906783611e-32
367	-3.25346192400463247e-32
368	-2.91524401553387822e-32
369	-2.58943993332234658e-32
370	-2.27909214057508672e-32
371	-1.98645277793763715e-32
372	-1.71308865016404519e-32
373	-1.4599785075580513e-32
374	-1.22760240526315687e-32
375	-1.01602309849950185e-32
376	-8.24959574636156681e-33
377	-6.53852937203026995e-33
378	-5.01924946037377562e-33
379	-3.68229584955811757e-33
380	-2.51698076636610344e-33
381	-1.51177796537666811e-33
382	-6.54655561656503939e-34
383	6.66426688538185436e-35
384	6.64362769665797368e-34
385	1.15054821136461306e-33
386	1.53688513098816425e-33
387	1.83458091131206603e-33
388	2.05427204564524267e-33
389	2.20595749463641738e-33
390	2.29895401715220378e-33
391	2.34187024015411815e-33
392	2.34259651657466804e-33
393	2.30830790051448172e-33
394	2.24547784168056996e-33
395	2.15990046277762714e-33
396	2.05671953221900907e-33
397	 1.9404624783747285e-33
398	1.81507800950908643e-33
399	1.68397610494579411e-33
400	1.55006932759009427e-33
401	1.41581457581674921e-33
402	1.28325454424337301e-33
403	1.15405829859777365e-33
404	1.02956049046253407e-33
405	9.10798843964747646e-34
406	7.98549639375868584e-34
407	6.93360999053708174e-34
408	5.95583850174576774e-34
409	5.05400497255460139e-34
410	4.22850786525883526e-34
411	3.47855884725003415e-34
412	2.80239727780426089e-34
413	 2.1974822093838231e-34
414	1.66066292074142399e-34
415	 1.1883291487887224e-34
416	7.76542290980323528e-35
417	4.21148916343149489e-35
418	1.17877957143879581e-35
419	-1.37577040129904207e-35
420	 -3.494892415053833e-35
421	-5.22042100828998931e-35
422	-6.5928390264986073e-35
423	-7.65092050867870535e-35
424	-8.43145948637064211e-35
425	-8.96907387956489642e-35
426	-9.29607443830828414e-35
427	-9.44238946042573875e-35
428	-9.43553679946550427e-35
429	-9.30063545042893383e-35
430	-9.06044975411614766e-35
431	-8.73545998615029681e-35
432	-8.34395378793036555e-35
433	-7.90213354949992609e-35
434	-7.42423546556799487e-35
435	-6.92265655383103109e-35
436	-6.40808644845263514e-35
437	-5.8896412610203793e-35
438	-5.37499723715939223e-35
439	-4.87052233041748421e-35
440	-4.38140416765749572e-35
441	-3.91177319394711467e-35
442	-3.46482006198711218e-35
443	-3.0429065738195192e-35
444	-2.64766969333981124e-35
445	-2.28011832948348814e-35
446	-1.9407227443535284e-35
447	-1.62949657044066324e-35
448	-1.34607152883644079e-35
449	-1.08976502823850707e-35
450	-8.59640894766471952e-36
451	-6.54563537199896592e-36
452	-4.73245893137793653e-36
453	-3.14291530544912094e-36
454	-1.76231297840982605e-36
455	-5.7554925611887748e-37
456	4.32620144514296182e-37
457	1.27735391410453483e-36
458	1.97353644431314226e-36
459	2.53562379056910037e-36
460	2.97752065726177001e-36
461	3.31248494174459992e-36
462	3.55305657388758398e-36
463	3.71100759984909662e-36
464	3.79731067724569837e-36
465	3.82212336978619521e-36
466	3.79478584920095589e-36
467	3.72382982805471931e-36
468	3.61699675645135385e-36
469	3.48126351688287832e-36
470	3.32287404313693531e-36
471	3.14737547021920412e-36
472	2.95965759197514059e-36
473	2.76399456107184607e-36
474	2.56408791204279788e-36
475	  2.363110122216741e-36
476	2.16374804771250025e-36
477	1.96824568260322884e-36
478	1.77844578923662689e-36
479	1.59583003704872555e-36
480	1.42155736657587141e-36
481	1.25650036535597655e-36
482	1.10127950364039668e-36
483	9.56295130951957733e-37
484	 8.2175718016530467e-37
485	6.97712564588093943e-37
486	5.84070286107339645e-37
487	4.80624299434641496e-37
488	3.87074199413345641e-37
489	3.03043815785896601e-37
490	2.28097813276858271e-37
491	1.61756404808074905e-37
492	1.03508292575784302e-37
493	5.28219559992076981e-38
494	9.15540757581639069e-39
495	-2.80354622033095833e-38
496	-5.92898312000857136e-38
497	-8.51360663466066992e-38
498	-1.06086905686245494e-37
499	-1.22635593370275856e-37
500	-1.35252864554987275e-37
501	-1.44384682919151062e-37
502	-1.50450639607141447e-37
503	-1.53842928669054858e-37
504	-1.5492582040511998e-37
505	-1.54035560334175848e-37
506	-1.51480627717507837e-37
507	-1.47542293616318745e-37
508	-1.4247542429299934e-37
509	-1.36509481343206974e-37
510	-1.29849675238039459e-37
511	-1.22678233941967787e-37
512	-1.15155752938837199e-37
513	-1.07422597337872726e-37
514	-9.96003307422691849e-38
515	-9.17931492469594207e-38
516	-8.40893022962040138e-38
517	-7.65624851847430845e-38
518	-6.9273190740531374e-38
519	-6.22700101959699354e-38
520	-5.55908754532730636e-38
521	-4.9264236894161912e-38
522	-4.33101725910818508e-38
523	-3.77414262635599028e-38
524	-3.2564372606115842e-38
525	-2.77799097100357797e-38
526	-2.33842792267801557e-38
527	-1.93698156916180183e-38
528	-1.57256270575618815e-38
529	-1.24382089962920619e-38
530	-9.49199591822478941e-39
531	-6.86985196111768895e-39
532	-4.55350540760099008e-39
533	-2.52393012797151764e-39
534	-7.61677715747553825e-40
535	7.52836000688847156e-40
536	2.03908641794870822e-39
537	3.11623400643963942e-39
538	4.00295306734551445e-39
539	4.71729204443090802e-39
540	5.27656218477536946e-39
541	5.69725150509812994e-39
542	5.99496119363764145e-39
543	 6.1843617578405625e-39
544	6.27916641211510851e-39
545	6.29211938484104686e-39
546	6.23499700734227883e-39
547	6.11861962765618061e-39
548	5.95287256706997135e-39
549	5.74673450623764727e-39
550	5.50831184923476263e-39
551	5.24487776737604716e-39
552	4.96291476947892612e-39
553	4.66815978112768045e-39
554	4.36565084219754439e-39
555	4.05977464937205975e-39
556	3.75431427869369466e-39
557	3.45249652249255011e-39
558	3.15703836557427544e-39
559	2.87019220763666108e-39
560	2.59378951286824206e-39
561	2.32928263397308329e-39
562	2.07778461687961516e-39
563	1.84010684457659856e-39
564	1.61679442432929966e-39
565	1.40815926242263996e-39
566	1.21431080500682831e-39
567	1.03518445303887887e-39
568	8.70567684149199639e-40
569	7.20123934943987477e-40
570	5.83414314179603776e-40
571	4.59917230803007619e-40
572	3.49046031403160555e-40
573	2.50164749505269404e-40
574	1.62602074681318926e-40
575	8.56636529435896436e-41
576	1.86428316063824764e-41
577	-3.91700380022355505e-41
578	-8.84796276924653549e-41
579	-1.29978879320141867e-40
580	-1.64343364411492006e-40
581	-1.92226653260159256e-40
582	-2.14256594613927295e-40
583	-2.31032411865687825e-40
584	-2.43122526775026153e-40
585	-2.51063027069064633e-40
586	-2.55356699712468848e-40
587	-2.56472557118592141e-40
588	-2.5484578902989095e-40
589	-2.50878078169248721e-40
590	-2.4493822300828974e-40
591	-2.37363016075727786e-40
592	-2.28458331107671308e-40
593	-2.18500376999268964e-40
594	-2.07737080934898815e-40
595	-1.96389567240772051e-40
596	-1.84653702410951538e-40
597	-1.72701680402278676e-40
598	-1.60683625675091847e-40
599	-1.48729194577797036e-40
600	-1.3694915853940707e-40
601	-1.25436955152280415e-40
602	-1.14270195606388574e-40
603	-1.03512119086441911e-40
604	-9.32129866753233183e-41
605	-8.34114090331642007e-41
606	-7.4135603653355704e-41
607	-6.54045788472767844e-41
608	-5.72292427910659748e-41
609	-4.96134369930270398e-41
610	-4.25548944213097558e-41
611	-3.60461232806678813e-41
612	-3.00752180556943858e-41
613	-2.46265999574186413e-41
614	-1.96816893310149974e-41
615	-1.52195129148763295e-41
616	-1.12172490949229507e-41
617	-7.65071448181776775e-42
618	-4.49479526103583617e-42
619	-1.7238268343499724e-42
620	6.88074706610301696e-43
621	2.76672575184142342e-42
622	4.53762951821029327e-42
623	6.02576817709369806e-42
624	7.25542947628144902e-42
625	8.25006469006527049e-42
626	9.03217486828756388e-42
627	9.62322250317619951e-42
628	1.00435658888791514e-41
629	1.03124136099440377e-41
630	1.04477967591246857e-41
631	1.04665566497563901e-41
632	1.03843459516935035e-41
633	1.02156413409628576e-41
634	9.97376591054647174e-42
635	9.67091974204645344e-42
636	9.31821718455791392e-42
637	8.92572952721595615e-42
638	8.50253188511379169e-42
639	 8.0567532442404935e-42
640	7.59562872955084334e-42
641	7.12555327112863842e-42
642	6.65213594662715706e-42
643	6.18025437382222554e-42
644	5.71410861532383625e-42
645	5.25727413845113811e-42
646	4.81275344720980929e-42
647	 4.3830260704969664e-42
648	3.97009665138950691e-42
649	3.57554093697372631e-42
650	3.20054951698063263e-42
651	  2.845969202848248e-42
652	2.51234197709262453e-42
653	2.19994147638123806e-42
654	1.90880700081600303e-42
655	1.63877506699008778e-42
656	1.38950854371348607e-42
657	1.16052342723240886e-42
658	9.51213327603716161e-43
659	7.60871749924729001e-43
660	5.88712263641409787e-43
661	4.33886660429503677e-43
662	2.95501206413324902e-43
663	1.72631097988701509e-43
664	6.43332324678311035e-44
665	-3.03425946342105938e-44
666	-1.12343954413079443e-43
667	-1.82607401784831552e-43
668	-2.42051337778579058e-43
669	-2.9157001268491616e-43
670	-3.32028569485475121e-43
671	-3.64259031092332939e-43
672	-3.89057139377202971e-43
673	-4.07179958676732733e-43
674	-4.19344161341052198e-43
675	-4.26224917875581002e-43
676	-4.28455319249779543e-43
677	-4.26626263956024178e-43
678	-4.21286747351846133e-43
679	-4.1294449567030688e-43
680	-4.02066891803354844e-43
681	-3.89082144525734044e-43
682	-3.74380657210705731e-43
683	-3.58316556276666612e-43
684	-3.4120934358424273e-43
685	-3.23345640766746146e-43
686	-3.04980997019068899e-43
687	-2.86341735187381332e-43
688	-2.67626814095544105e-43
689	-2.49009687915294875e-43
690	-2.30640146040488444e-43
691	-2.12646119366266347e-43
692	-1.95135441108711078e-43
693	-1.7819755233701592e-43
694	-1.61905144237236067e-43
695	-1.46315730792972307e-43
696	-1.31473147063832257e-43
697	-1.17408969576723267e-43
698	-1.04143856528077715e-43
699	-9.16888065368807229e-44
700	-8.00463355988319917e-44
701	-6.92115726808255289e-44
702	-5.91732750717044429e-44
703	-4.99147651792391725e-44
704	-4.1414790943303661e-44
705	-3.36483124299110503e-44
706	-2.65872174882205535e-44
707	-2.02009696005655121e-44
708	-1.44571912413166665e-44
709	-9.32218619078635519e-45
710	-4.76140433187064963e-45
711	-7.39852495663799468e-46
712	2.77754507658435544e-45
713	5.82563311893656534e-45
714	8.43875509613731473e-45
715	1.06505229333296985e-44
716	1.24936234258641406e-44
717	1.39996581520176995e-44
718	1.51990138410657401e-44
719	1.61207602884516684e-44
720	1.67925730561897748e-44
721	1.72406783478454804e-44
722	1.74898176014391874e-44
723	1.75632294986481771e-44
724	1.74826472432306098e-44
725	1.72683091143108937e-44
726	   1.69389804499719e-44
727	1.65119853625229899e-44
728	1.60032466280997569e-44
729	 1.5427332329266486e-44
730	1.47975079595404322e-44
731	1.41257928228689824e-44
732	 1.3423019678791497e-44
733	1.26988966951397494e-44
734	1.19620708745714928e-44
735	1.12201922189876932e-44
736	1.04799779869764896e-44
737	9.74727648397110087e-45
738	9.02712990293603824e-45
739	8.32383580528217893e-45
740	7.64100689757430469e-45
741	6.98162881966398701e-45
742	6.34811571441038567e-45
743	5.74236339840918703e-45
744	 5.1657999974165283e-45
745	4.61943394971552091e-45
746	4.10389931580471001e-45
747	 3.6194983637978728e-45
748	3.16624142707440702e-45
749	2.74388405430835062e-45
750	2.35196149229291994e-45
751	1.98982055923665052e-45
752	1.65664898069289535e-45
753	1.35150227223826142e-45
754	1.07332826267700099e-45
755	8.20989359136352764e-46
756	5.93282661144837165e-46
757	3.88958034849873326e-46
758	2.06734261119480051e-46
759	4.53133725583040406e-47
760	-9.66067053859316116e-47
761	-2.20321094894427743e-46
762	-3.27108375192840423e-46
763	-4.18222350696461794e-46
764	-4.94885070699931932e-46
765	-5.5828099695705507e-46
766	-6.09552219432714033e-46
767	-6.49794624763769524e-46
768	-6.80054926461675947e-46
769	-7.01328470556455222e-46
770	-7.14557735157525927e-46
771	-7.20631447237866853e-46
772	-7.20384244785436473e-46
773	-7.14596817269105693e-46
774	-7.03996462098949325e-46
775	-6.8925799939341859e-46
776	-6.7100499187200943e-46
777	-6.49811221051215564e-46
778	-6.26202375116935777e-46
779	-6.00657907863926609e-46
780	-5.73613031923093423e-46
781	-5.45460813132807349e-46
782	-5.16554336345973616e-46
783	-4.87208916198973881e-46
784	-4.57704329400378491e-46
785	-4.28287047928362255e-46
786	-3.99172455159269408e-46
787	-3.7054702938898553e-46
788	-3.4257048145991049e-46
789	-3.15377835274561981e-46
790	-2.89081441869692173e-46
791	-2.63772919449103387e-46
792	-2.3952501333727325e-46
793	-2.16393371227088576e-46
794	-1.94418230362302556e-46
795	-1.73626014426544096e-46
796	-1.54030838914751128e-46
797	-1.35635924647668263e-46
798	-1.1843491986422415e-46
799	-1.02413131997803897e-46
800	-8.75486708189332434e-47
801	-7.38135051159278535e-47
802	-6.11744354942682846e-47
803	-4.95939862116107503e-47
804	-3.90312192353464558e-47
805	-2.94424739196653416e-47
806	-2.07820358553418607e-47
807	-1.30027385535121516e-47
808	-6.05650168993895473e-48
809	1.05190336351972009e-49
810	5.53086578201832746e-48
811	 1.0268695162596747e-47
812	1.43661694262468211e-47
813	 1.7869823125208493e-47
814	2.08249991108753936e-47
815	2.32756513919250994e-47
816	 2.5264182920486699e-47
817	2.68313152063329323e-47
818	2.80159868012952721e-47
819	2.88552778434432488e-47
820	2.93843580012492513e-47
821	2.96364553103592526e-47
822	2.96428435482715054e-47
823	2.94328459439713652e-47
824	2.90338531693000853e-47
825	2.84713537056318545e-47
826	2.77689748225117589e-47
827	2.69485325436359424e-47
828	2.60300891093841061e-47
829	2.50320165736358693e-47
830	2.39710652954787125e-47
831	2.28624362034019741e-47
832	2.17198558205245439e-47
833	2.05556531441931121e-47
834	1.93808375719128962e-47
835	1.82051771580288338e-47
836	1.70372765719293282e-47
837	1.58846542089086521e-47
838	1.47538179793251952e-47
839	1.36503393704961976e-47
840	1.25789254390720579e-47
841	1.15434884496311229e-47
842	1.05472129281579398e-47
843	9.59261994714534997e-48
844	8.68162850253267361e-48
845	7.81561388180787858e-48
846	6.99546295760518822e-48
847	6.22162637227876849e-48
848	5.49416760645737924e-48
849	 4.8128089487508315e-48
850	4.17697440480497046e-48
851	3.58582960203217345e-48
852	 3.0383187617992611e-48
853	2.53319882385545483e-48
854	2.06907081853152957e-48
855	1.64440859094757981e-48
856	1.25758498830935711e-48
857	9.06895626541964444e-49
858	5.90580356168804366e-49
859	3.06842549656987637e-49
860	5.38663335664787558e-50
861	-1.70168111099112946e-49
862	-3.67071057806641831e-49
863	-5.38631431806771247e-49
864	-6.86606577339651706e-49
865	-8.12713479172226941e-49
866	-9.18621326345348298e-49
867	-1.00594530985314466e-48
868	-1.07624155014844739e-48
869	-1.13100305479460926e-48
870	-1.17165661120050081e-48
871	-1.19956052412638345e-48
872	-1.21600311247773087e-48
873	-1.22220188477181462e-48
874	-1.21930331752138436e-48
875	-1.20838316560167373e-48
876	-1.19044723841538982e-48
877	-1.16643258032341281e-48
878	-1.13720899834107758e-48
879	-1.10358088449469417e-48
880	-1.06628928447363436e-48
881	-1.02601416828880517e-48
882	-9.83376862548203754e-49
883	-9.38942607678101047e-49
884	-8.93223206948852472e-49
885	-8.46679737505614883e-49
886	-7.99725296753550044e-49
887	-7.52727760406890836e-49
888	-7.06012531281314166e-49
889	-6.59865260494594784e-49
890	-6.14534525142960177e-49
891	-5.7023444874697983e-49
892	-5.27147252815416386e-49
893	-4.85425729764625895e-49
894	-4.45195629161450933e-49
895	-4.06557950835974123e-49
896	-3.6959113984420834e-49
897	-3.34353179556727855e-49
898	-3.00883580315473452e-49
899	-2.69205262144324287e-49
900	-2.39326330927406237e-49
901	-2.11241748289499153e-49
902	-1.8493489613286812e-49
903	-1.60379037411144953e-49
904	-1.37538675260694464e-49
905	-1.16370813069608225e-49
906	-9.68261184506864507e-50
907	-7.88499944036361109e-50
908	-6.23835612089915775e-50
909	-4.73645527977894891e-50
910	-3.37281314919324877e-50
911	-2.14076251156199221e-50
912	-1.03351905429382047e-50
913	-4.42407775123937332e-52
914	8.33919136265265142e-51
915	1.60776558469846116e-50
916	 2.2840205402832268e-50
917	2.86928738470833569e-50
918	3.37002020008518973e-50
919	3.79249764532685642e-50
920	4.14280105831333713e-50
921	 4.4267964378647363e-50
922	4.65011997373802145e-50
923	4.81816680766672861e-50
924	4.93608272369963085e-50
925	5.00875848161088738e-50
926	5.04082652279812526e-50
927	5.03665979374470828e-50
928	5.00037244767475397e-50
929	4.93582220038963159e-50
930	4.84661413135083246e-50
931	4.73610573580051899e-50
932	4.60741304802463081e-50
933	4.46341766971747808e-50
934	  4.306774550754848e-50
935	4.13992038250049727e-50
936	3.96508247602597559e-50
937	3.78428800930279596e-50
938	3.59937353851776478e-50
939	3.41199467915491019e-50
940	3.22363587238960759e-50
941	3.03562016164387521e-50
942	2.84911891287174946e-50
943	2.66516142028592065e-50
944	2.48464434681538279e-50
945	2.30834095561427455e-50
946	2.13691009543879521e-50
947	1.97090490869625663e-50
948	1.81078123646154052e-50
949	1.65690569977718851e-50
950	1.50956344112371212e-50
951	1.36896551408915904e-50
952	 1.2352559130041111e-50
953	1.10851823766239252e-50
954	 9.8878199124185247e-51
955	8.76028512195230777e-51
956	  7.701965432215975e-51
957	6.71187442473406777e-51
958	5.78870043926612013e-51
959	4.93085175359257329e-51
960	4.13649843668843155e-51
961	3.40361098328685506e-51
962	2.72999584656645486e-51
963	2.11332799263273056e-51
964	 1.5511806057734161e-51
965	1.04105207729855574e-51
966	5.80390413285340722e-52
967	1.66615197864926682e-52
968	-2.02862751047992412e-52
969	-5.30623897355888153e-52
970	-8.19224538975771713e-52
971	-1.07118326410849443e-51
972	-1.28896918188012964e-51
973	-1.47499180100668763e-51
974	-1.63159243392585281e-51
975	-1.76103700799726859e-51
976	-1.86551016982589389e-51
977	-1.94711057344691711e-51
978	-2.0078472479672759e-51
979	-2.04963694523813989e-51
980	-2.07430237318364527e-51
981	-2.0835712254958521e-51
982	-2.07907592348597581e-51
983	-2.06235399092197646e-51
984	-2.03484898765903656e-51
985	-1.99791193275146797e-51
986	-1.95280315250725233e-51
987	-1.90069449358413242e-51
988	-1.84267184572215194e-51
989	 -1.779737923041148e-51
990	-1.71281525700039924e-51
991	-1.6427493581070334e-51
992	-1.57031200727107909e-51
993	-1.4962046413275589e-51
994	-1.42106180068391318e-51
995	-1.34545461029913487e-51
996	-1.26989426826202391e-51
997	-1.19483551911260175e-51
998	-1.12068009174230586e-51
999	-1.04778008422362532e-51
1000	-9.76441280258408201e-52
1001	-9.06926384103856684e-52
1002	-8.39458162840772069e-52
1003	-7.74222486696508096e-52
1004	-7.11371259830071354e-52
1005	-6.51025235538514416e-52
1006	-5.93276711254989402e-52
1007	-5.38192099990098947e-52
1008	-4.85814376023806806e-52
1009	-4.36165393693507047e-52
1010	-3.89248079051314236e-52
1011	-3.45048494986562874e-52
1012	-3.03537781135842042e-52
1013	-2.64673970537630462e-52
1014	-2.28403685539185986e-52
1015	-1.94663715935631079e-52
1016	-1.63382482721026523e-52
1017	-1.34481391164350082e-52
1018	-1.0787607719554726e-52
1019	-8.34775513030164541e-53
1020	-6.11932443092310963e-53
1021	-4.09279595106285451e-53
1022	-2.25847357454948388e-53
1023	-6.06562599404101945e-54
1024	8.72760387814319139e-54
1025	2.18928516445812853e-53
1026	3.35271259702948759e-53
1027	4.37260599234463562e-53
1028	5.25834863687526739e-53
1029	6.01910709733345901e-53
1030	6.66379986780753677e-53
1031	7.20107096219913609e-53
1032	7.63926806512318952e-53
1033	7.98642486962269374e-53
1034	8.25024724582849114e-53
1035	8.43810290089950295e-53
1036	8.55701420706396248e-53
1037	8.61365389120210944e-53
1038	8.61434329606678584e-53
1039	8.56505293979526151e-53
1040	8.47140511676235392e-53
1041	8.33867829895510039e-53
1042	8.17181311284697875e-53
1043	7.97541968217073511e-53
1044	7.75378614195498814e-53
1045	 7.5108881436869317e-53
1046	7.25039918542189011e-53
1047	6.97570161410230774e-53
1048	6.68989816018809486e-53
1049	6.39582387699046795e-53
1050	6.09605836877578349e-53
1051	5.79293820279174879e-53
1052	5.48856941085885357e-53
1053	5.18483999605616715e-53
1054	4.88343236933795492e-53
1055	 4.5858356496363777e-53
1056	4.29335776916068443e-53
1057	4.00713733320378041e-53
1058	3.72815519082884353e-53
1059	3.45724567934842796e-53
1060	3.19510751154627607e-53
1061	2.94231428014721434e-53
1062	2.69932455913298633e-53
1063	2.46649158614935367e-53
1064	2.24407251448312012e-53
1065	2.03223722691330535e-53
1066	1.83107670719498695e-53
1067	1.64061096802905941e-53
1068	1.46079653713013833e-53
1069	1.29153350545022264e-53
1070	1.13267214376474496e-53
1071	9.84019095705376208e-54
1072	8.45343156941408567e-54
1073	7.16380651597243646e-54
1074	5.96840418157565534e-54
1075	4.86408418074556738e-54
1076	3.84751981071822459e-54
1077	2.91523701747720926e-54
1078	2.06365002538386986e-54
1079	   1.28909378416027e-54
1080	5.87853388895853215e-55
1081	-4.38093704799327445e-56
1082	-6.09632174049642896e-55
1083	-1.11333089600608149e-54
1084	-1.55858073484062413e-54
1085	-1.94899959907863607e-54
1086	-2.28813360123359689e-54
1087	-2.57944451637842394e-54
1088	-2.82629906589719319e-54
1089	-3.0319598915058485e-54
1090	-3.19957808945373685e-54
1091	-3.33218717987421694e-54
1092	-3.43269839148889477e-54
1093	-3.50389714723527537e-54
1094	-3.54844064183207804e-54
1095	-3.56885640779018096e-54
1096	-3.56754177186348927e-54
1097	-3.54676410940540131e-54
1098	-3.50866180949878262e-54
1099	-3.45524586905677216e-54
1100	-3.38840203930861588e-54
1101	-3.30989345318195241e-54
1102	-3.22136366705122004e-54
1103	-3.12434005511991354e-54
1104	-3.02023749934657677e-54
1105	-2.91036232228445576e-54
1106	-2.79591641448982653e-54
1107	-2.67800151224917546e-54
1108	-2.55762358528360518e-54
1109	-2.4356972978033751e-54
1110	-2.3130505098108026e-54
1111	-2.19042878887938434e-54
1112	-2.06849990578149927e-54
1113	-1.94785829028929597e-54
1114	-1.82902942624520811e-54
1115	-1.71247416758862322e-54
1116	-1.59859295944026719e-54
1117	-1.4877299505903639e-54
1118	-1.38017698581801575e-54
1119	-1.27617746838932529e-54
1120	-1.17593008485259859e-54
1121	-1.07959238587073254e-54
1122	-9.87284218315655678e-55
1123	-8.99091005199903243e-55
1124	-8.15066871245311142e-55
1125	-7.35237612993825428e-55
1126	-6.59603513358447084e-55
1127	-5.88142001397544368e-55
1128	-5.20810158882742841e-55
1129	-4.57547075923421056e-55
1130	-3.9827605851597373e-55
1131	-3.42906691410724932e-55
1132	-2.91336760137855653e-55
1133	-2.43454036412806115e-55
1134	-1.99137931455886087e-55
1135	-1.58261022016239959e-55
1136	-1.20690454090856539e-55
1137	-8.62892294808725154e-56
1138	-5.49173804333796191e-56
1139	-2.64330376823983639e-56
1140	-6.93397231135287418e-58
1141	2.24444087867118894e-56
1142	4.31225318627564026e-56
1143	 6.1481712242848228e-56
1144	7.76606642679713607e-56
1145	9.17955368686990424e-56
1146	1.04019444274856975e-55
1147	1.14462062136768589e-55
1148	1.23249284401574134e-55
1149	 1.3050293644546577e-55
1150	1.36340540128267213e-55
1151	1.40875126608802058e-55
1152	1.44215092936311893e-55
1153	1.46464098613235356e-55
1154	1.47720998506634882e-55
1155	1.48079808668353329e-55
1156	1.47629701806140048e-55
1157	1.46455029329058174e-55
1158	1.44635367069042712e-55
1159	1.42245581956376283e-55
1160	1.39355917098748953e-55
1161	1.36032092881549385e-55
1162	1.32335421870206078e-55
1163	1.28322935453463296e-55
1164	1.24047520319082482e-55
1165	1.19558063000620792e-55
1166	 1.1489960087476814e-55
1167	 1.1011347812395113e-55
1168	1.05237505307701099e-55
1169	1.00306121309001576e-55
1170	9.53505565382472588e-56
1171	9.03989963877519112e-56
1172	8.54767440338798502e-56
1173	8.06063817818295967e-56
1174	7.58079302403330541e-56
1175	7.10990046996659813e-56
1176	6.64949681670647906e-56
1177	6.20090805886059006e-56
1178	5.76526438563935681e-56
1179	5.34351422644187446e-56
1180	4.93643781360142383e-56
1181	4.54466024007389951e-56
1182	4.16866399486771543e-56
1183	3.80880096361328816e-56
1184	3.46530388584265568e-56
1185	3.13829726433704337e-56
1186	 2.8278077253087039e-56
1187	2.53377383124934222e-56
1188	2.25605535100160603e-56
1189	1.99444199403610272e-56
1190	1.74866161804057445e-56
1191	 1.5183879207871213e-56
1192	1.30324762884706362e-56
1193	1.10282719709138209e-56
1194	9.16679034066553258e-57
1195	7.44327269284970959e-57
1196	5.85273079234933832e-57
1197	4.38999589510468914e-57
1198	3.04976370901846133e-57
1199	1.82663547587140942e-57
1200	7.15155357370664327e-58
1201	-2.90155690986743445e-58
1202	-1.19476937502157317e-57
1203	-2.00412266413583254e-57
1204	-2.72359336113120519e-57
1205	-3.3584784629196186e-57
1206	-3.91397513903056699e-57
1207	-4.39516415893546749e-57
1208	-4.80699560378601334e-57
1209	-5.15427670313949017e-57
1210	-5.44166164254157985e-57
1211	-5.67364319339755546e-57
1212	-5.85454602233597798e-57
1213	-5.9885215431818012e-57
1214	-6.07954418069690387e-57
1215	-6.13140892132580603e-57
1216	-6.14773003231103724e-57
1217	-6.13194083664035301e-57
1218	-6.08729443735993745e-57
1219	-6.01686529077905655e-57
1220	-5.92355153399172771e-57
1221	-5.81007797793257128e-57
1222	-5.67899968283104759e-57
1223	-5.53270603843537774e-57
1224	-5.37342527671696772e-57
1225	-5.20322934993053921e-57
1226	-5.02403911189124328e-57
1227	-4.83762974512001046e-57
1228	-4.64563638110940056e-57
1229	-4.44955986535568838e-57
1230	-4.25077262300197319e-57
1231	-4.05052458493101989e-57
1232	-3.84994913793395925e-57
1233	-3.65006906617387708e-57
1234	-3.45180245455125088e-57
1235	-3.2559685277721344e-57
1236	-3.06329340192185667e-57
1237	-2.87441572815789779e-57
1238	-2.68989221076732256e-57
1239	-2.51020298428211092e-57
1240	-2.33575683662643819e-57
1241	-2.16689626738088742e-57
1242	 -2.003902372200212e-57
1243	-1.84699954621917576e-57
1244	-1.6963600009310084e-57
1245	-1.55210809053436409e-57
1246	-1.41432444511801929e-57
1247	-1.28304990930394022e-57
1248	-1.15828928609545858e-57
1249	-1.04001488669214296e-57
1250	-9.28169887939947135e-58
1251	-8.22671499889643191e-58
1252	-7.23413946648571345e-58
1253	-6.30271264331531356e-58
1254	-5.43099920456500123e-58
1255	-4.61741259592580088e-58
1256	-3.86023780458289152e-58
1257	-3.15765249992408102e-58
1258	-2.50774660183006718e-58
1259	-1.9085403364743233e-58
1260	-1.35800084111500612e-58
1261	-8.54057380449956523e-59
1262	-3.94615237764606004e-59
1263	2.24316556248058324e-60
1264	3.99189289205675769e-59
1265	7.37753277342852906e-59
1266	1.04019963622075196e-58
1267	1.30857657219629576e-58
1268	1.54489722123662677e-58
1269	1.75113328043435091e-58
1270	 1.9292094740777546e-58
1271	2.08099879837312388e-58
1272	2.20831849065651474e-58
1273	2.31292667076559668e-58
1274	2.39651960415348048e-58
1275	2.46072953829605612e-58
1276	2.50712306596040098e-58
1277	 2.5371999709409531e-58
1278	2.55239251393118074e-58
1279	2.55406511825827486e-58
1280	2.54351441726466159e-58
1281	2.52196962715578922e-58
1282	 2.4905932111490342e-58
1283	2.45048180273559863e-58
1284	2.40266735781026695e-58
1285	2.34811850731737136e-58
1286	 2.2877420839074756e-58
1287	2.22238479789086841e-58
1288	2.15283503950616517e-58
1289	2.07982478619657753e-58
1290	2.00403159519685165e-58
1291	1.92608066327827249e-58
1292	1.84654693698171323e-58
1293	1.76595725808128202e-58
1294	1.68479253036959203e-58
1295	1.60348989513567406e-58
1296	1.52244490392244462e-58
1297	1.44201367829845428e-58
1298	1.36251504746420692e-58
1299	1.28423265553368835e-58
1300	1.20741703129091639e-58
1301	1.13228761411901236e-58
1302	1.05903473063952408e-58
1303	9.87821517380499683e-59
1304	9.18785785519921586e-59
1305	8.52041824423677309e-59
1306	7.87682141320258588e-59
1307	7.25779135026778601e-59
1308	6.66386702167743143e-59
1309	6.09541774808771938e-59
1310	5.55265788866093074e-59
1311	5.03566083050323942e-59
1312	4.54437228462879036e-59
1313	4.07862289285707214e-59
1314	3.63814015294509904e-59
1315	3.22255967181190851e-59
1316	 2.8314357589819184e-59
1317	 2.4642513743448256e-59
1318	2.12042744604605338e-59
1319	1.79933157578590841e-59
1320	 1.5002861500416283e-59
1321	1.22257587675256261e-59
1322	9.65454767834647568e-60
1323	7.28152588539169176e-60
1324	5.09880795152828093e-60
1325	3.09837982866059763e-60
1326	1.27214865829956304e-60
1327	-3.88011885106659399e-61
1328	-1.89022048765587612e-60
1329	-3.24255110733074606e-60
1330	-4.45299968660931937e-60
1331	-5.52945445293929849e-60
1332	-6.47966959755507324e-60
1333	-7.31124212762147033e-60
1334	 -8.031591691729902e-60
1335	-8.64794318427222724e-60
1336	-9.1673119401065412e-60
1337	-9.59649133712874801e-60
1338	-9.94204263083684548e-60
1339	-1.0210286851631298e-59
1340	-1.0407298602415489e-59
1341	-1.05389016009737909e-59
1342	-1.0610665818577606e-59
1343	-1.06279060732716343e-59
1344	-1.0595681943258598e-59
1345	-1.05187988727436639e-59
1346	-1.04018103494412227e-59
1347	-1.02490210397108254e-59
1348	-1.00644907739080713e-59
1349	-9.85203928102597835e-60
1350	-9.61525157803276448e-60
1351	-9.35748392545089753e-60
1352	-9.0818702667055609e-60
1353	-8.79132907452375141e-60
1354	-8.48857053324056831e-60
1355	-8.1761039912220465e-60
1356	-7.85624562274932214e-60
1357	-7.53112624363983841e-60
1358	-7.20269922957041369e-60
1359	-6.87274849056147264e-60
1360	-6.54289645933022206e-60
1361	-6.21461205527393326e-60
1362	-5.88921858966327603e-60
1363	-5.56790158124227029e-60
1364	-5.25171645483703751e-60
1365	-4.94159609877438766e-60
1366	-4.6383582599108859e-60
1367	-4.34271275788510348e-60
1368	-4.0552685028166405e-60
1369	-3.77654030312096778e-60
1370	-3.50695545236408973e-60
1371	-3.2468600861776502e-60
1372	-2.99652530218407594e-60
1373	-2.75615303765614971e-60
1374	-2.52588170126446884e-60
1375	-2.30579155675001086e-60
1376	-2.0959098577099975e-60
1377	-1.89621573391054541e-60
1378	-1.70664483064016387e-60
1379	-1.52709370360826191e-60
1380	-1.35742397277180174e-60
1381	-1.19746623925535372e-60
1382	-1.04702377021220977e-60
1383	-9.05875957071450886e-61
1384	-7.73781553128794643e-61
1385	-6.50481696874217914e-61
1386	-5.35702727814270721e-61
1387	-4.2915880184400613e-61
1388	-3.30554313460459047e-61
1389	-2.39586132289304968e-61
1390	-1.55945661524766626e-61
1391	-7.93207259638847788e-62
1392	-9.39729735410947219e-63
1393	5.41389352278002849e-62
1394	1.11601142283982108e-61
1395	1.63300070477120285e-61
1396	2.09542891368127111e-61
1397	2.50632174913641655e-61
1398	2.86864980470616695e-61
1399	3.18532058217646007e-61
1400	3.45917154082242709e-61
1401	3.69296411456363005e-61
1402	3.88937863188229189e-61
1403	4.05101007553510449e-61
1404	4.18036462132120764e-61
1405	4.27985689746266936e-61
1406	 4.3518079084877564e-61
1407	4.39844356987903609e-61
1408	4.42189380212755455e-61
1409	4.42419213522145364e-61
1410	4.40727577697838892e-61
1411	4.37298610099058474e-61
1412	4.32306951228482691e-61
1413	4.25917865110263489e-61
1414	4.18287389746020145e-61
1415	4.09562514135798469e-61
1416	3.99881378566895918e-61
1417	3.89373495082650038e-61
1418	 3.7815998524756073e-61
1419	3.66353832521488806e-61
1420	3.54060146746724718e-61
1421	 3.4137643843407667e-61
1422	3.28392900711184287e-61
1423	3.15192696964357387e-61
1424	 3.0185225236725932e-61
1425	   2.88441547643803e-61
1426	2.75024413559368331e-61
1427	 2.6165882477423368e-61
1428	2.48397191825277144e-61
1429	2.35286650127369335e-61
1430	2.22369345004014161e-61
1431	2.09682711868217012e-61
1432	1.97259750779193097e-61
1433	 1.8512929469871618e-61
1434	1.73316270862675411e-61
1435	1.61841954769122915e-61
1436	1.50724216363659131e-61
1437	1.39977758077299573e-61
1438	1.29614344440070901e-61
1439	1.19643023057149845e-61
1440	1.10070336792208529e-61
1441	 1.0090052705613651e-61
1442	9.21357281478561418e-62
1443	8.37761526383344219e-62
1444	7.58202678289962754e-62
1445	6.82649633519083123e-62
1446	6.11057100116203913e-62
1447	5.43367099974195794e-62
1448	4.79510386204317546e-62
1449	4.19407777525024805e-62
1450	3.62971411633918277e-62
1451	3.10105919697131062e-62
1452	2.60709524233931755e-62
1453	2.14675062794242324e-62
1454	1.71890939924644948e-62
1455	1.32242009996575257e-62
1456	9.56103935292818032e-63
1457	 6.1876229682450304e-63
1458	3.09183676195632739e-63
1459	2.61499945530286323e-64
1460	-2.31557625006975491e-63
1461	-4.65153615041190886e-63
1462	-6.75843224638508614e-63
1463	-8.6481825713887735e-63
1464	-1.03325325866774126e-62
1465	-1.18230213194801573e-62
1466	-1.31309515040279915e-62
1467	-1.42673634817146863e-62
1468	-1.52430126231736003e-62
1469	-1.60683500420536096e-62
1470	-1.67535063775870527e-62
1471	-1.73082784306573048e-62
1472	-1.7742118445885519e-62
1473	-1.80641258402548825e-62
1474	-1.82830411868718659e-62
1475	-1.84072422706481705e-62
1476	-1.84447420408647109e-62
1477	-1.84031882937665035e-62
1478	-1.82898649264651197e-62
1479	-1.81116946114798485e-62
1480	-1.78752427491976624e-62
1481	-1.75867225633535199e-62
1482	-1.72520012122899817e-62
1483	-1.68766067962633711e-62
1484	-1.64657361483644547e-62
1485	-1.60242633037270841e-62
1486	-1.55567485486080778e-62
1487	 -1.506744795757639e-62
1488	-1.45603233334976361e-62
1489	-1.40390524712185215e-62
1490	-1.35070396717955899e-62
1491	-1.29674264398574236e-62
1492	-1.24231023021479354e-62
1493	-1.1876715690530497e-62
1494	-1.13306848377235878e-62
1495	-1.07872086387622684e-62
1496	-1.02482774356916541e-62
1497	-9.7156836872476628e-63
1498	-9.19103248931147738e-63
1499	-8.67575191571671134e-63
1500	-8.17110315255955126e-63
1501	-7.67819040252216467e-63
1502	-7.19797053884902398e-63
1503	-6.7312624915640277e-63
1504	-6.27875635124277623e-63
1505	-5.84102217820255483e-63
1506	-5.4185185073332346e-63
1507	-5.01160054096999797e-63
1508	 -4.620528024222528e-63
1509	-4.24547279902075163e-63
1510	-3.88652603483328687e-63
1511	-3.54370513555276813e-63
1512	-3.21696032345201193e-63
1513	-2.90618090237646723e-63
1514	-2.61120120348753253e-63
1515	-2.33180621788802559e-63
1516	-2.06773692137449592e-63
1517	-1.81869529736220981e-63
1518	-1.58434906473277528e-63
1519	-1.36433611796446436e-63
1520	-1.15826868742776874e-63
1521	 -9.657372281703476e-64
1522	-7.86314045880594618e-64
1523	-6.19556669015354589e-64
1524	-4.65010976307293704e-64
1525	-3.22214089037968276e-64
1526	-1.90697037579243552e-64
1527	-6.99872117699640534e-65
1528	 4.0389395284985064e-65
1529	1.40906140428998624e-64
1530	2.32033871177146705e-64
1531	3.14239244538818412e-64
1532	3.87983214654399093e-64
1533	4.53719680112764398e-64
1534	  5.118942819922312e-64
1535	5.62943343864523335e-64
1536	 6.0729294521659226e-64
1537	6.45358119976009631e-64
1538	6.77542172069489518e-64
1539	7.04236100199739594e-64
1540	7.25818124289363108e-64
1541	7.42653306312187639e-64
1542	7.55093258507899205e-64
1543	7.63475932256764397e-64
1544	7.68125481171946622e-64
1545	7.69352192251096779e-64
1546	7.67452479209595339e-64
1547	7.62708932399539476e-64
1548	7.55390419995730268e-64
1549	7.45752235404940109e-64
1550	7.34036286123663892e-64
1551	7.20471319535906535e-64
1552	7.05273181400165256e-64
1553	6.88645103029158217e-64
1554	6.70778013410721717e-64
1555	6.51850872758417646e-64
1556	6.32031024211548161e-64
1557	6.11474560627935277e-64
1558	5.90326703629280984e-64
1559	5.68722192266570012e-64
1560	5.46785678872278381e-64
1561	5.24632129858276918e-64
1562	5.02367229400427739e-64
1563	4.80087784126569464e-64
1564	4.57882127090352212e-64
1565	4.35830519472207315e-64
1566	4.14005548598814509e-64
1567	3.92472521014647537e-64
1568	3.71289849473872649e-64
1569	3.50509432847664527e-64
1570	3.30177028061332952e-64
1571	3.10332613287863095e-64
1572	 2.9101074172955664e-64
1573	2.72240885417660608e-64
1574	2.54047768551531449e-64
1575	2.36451689983972799e-64
1576	2.19468834538770341e-64
1577	2.03111572919271537e-64
1578	1.87388750034604398e-64
1579	1.72305961632152284e-64
1580	1.57865819181736101e-64
1581	 1.4406820300903863e-64
1582	1.30910503722967082e-64
1583	1.18387852024504597e-64
1584	 1.0649333702315675e-64
1585	9.52182132216857932e-65
1586	8.45520963606033466e-65
1587	7.44831483411274451e-65
1588	6.49982514692365021e-65
1589	5.60831722842027534e-65
1590	4.77227152527837458e-65
1591	3.99008666254093196e-65
1592	3.26009287631595481e-65
1593	2.58056452545780431e-65
1594	1.94973171492907352e-65
1595	1.36579106413622127e-65
1596	8.26915653941590861e-66
1597	3.31264186290159025e-66
1598	-1.23010609531003878e-66
1599	-5.37754290044036782e-66
1600	-9.14803696379609283e-66
1601	-1.25598060527052908e-65
1602	-1.56308599920131454e-65
1603	-1.83789492318348497e-65
1604	-2.08215189622061439e-65
1605	-2.29756684619069981e-65
1606	-2.48581153760687825e-65
1607	-2.64851646250004059e-65
1608	-2.78726816550365169e-65
1609	-2.90360697509035309e-65
1610	-2.9990251138185996e-65
1611	-3.07496516137810124e-65
1612	-3.13281884517425861e-65
1613	-3.17392613415812983e-65
1614	-3.19957461258485862e-65
1615	-3.2109991113632041e-65
1616	-3.20938157563714715e-65
1617	 -3.195851148221266e-65
1618	-3.17148444947666691e-65
1619	-3.13730603517709018e-65
1620	-3.09428901485732033e-65
1621	-3.0433558140690092e-65
1622	-2.98537906487888127e-65
1623	-2.9211826098372599e-65
1624	-2.85154260551426406e-65
1625	-2.77718871254804007e-65
1626	-2.69880535997360086e-65
1627	-2.61703307239333361e-65
1628	-2.53246984932592203e-65
1629	-2.44567258680958814e-65
1630	-2.35715853205422503e-65
1631	-2.26740676262281602e-65
1632	-2.1768596822840128e-65
1633	-2.08592452630845459e-65
1634	-1.99497486958545915e-65
1635	-1.90435213151174175e-65
1636	-1.81436707215253861e-65
1637	-1.7253012746951387e-65
1638	-1.63740860970881017e-65
1639	-1.55091667719236986e-65
1640	-1.4660282228306086e-65
1641	-1.38292252529840696e-65
1642	-1.30175675184058365e-65
1643	-1.22266727972351165e-65
1644	-1.14577098149852053e-65
1645	-1.07116647233710412e-65
1646	-9.98935317998939125e-66
1647	-9.29143202270577354e-66
1648	-8.61841052971708223e-66
1649	-7.9706612586465333e-66
1650	-7.34843046022223983e-66
1651	-6.75184806411973456e-66
1652	-6.18093723640021946e-66
1653	-5.63562350966690377e-66
1654	-5.11574348859636895e-66
1655	-4.62105313489937033e-66
1656	-4.15123563700720896e-66
1657	-3.70590887090969248e-66
1658	-3.28463245956097903e-66
1659	-2.88691443915241232e-66
1660	-2.51221754132126042e-66
1661	-2.15996510103163233e-66
1662	-1.82954660043319081e-66
1663	-1.52032285948765434e-66
1664	-1.23163088454689436e-66
1665	-9.62788386387775524e-67
1666	-7.13097979454842823e-67
1667	-4.81851074243428717e-67
1668	-2.68331474873050855e-67
1669	-7.18186939647077403e-68
1670	1.08409003054627868e-67
1671	2.73071812133469642e-67
1672	 4.2288585125565936e-67
1673	5.58560855689457224e-67
1674	6.80798096089760448e-67
1675	7.90288507901593226e-67
1676	8.87711020725182416e-67
1677	 9.7373107653906885e-67
1678	1.04899932593571298e-66
1679	1.11415049180076499e-66
1680	1.16980239015835105e-66
1681	1.21655509821138703e-66
1682	1.25499025992114916e-66
1683	1.28567051979665728e-66
1684	1.30913907589529749e-66
1685	1.32591934337363726e-66
1686	1.33651472026732155e-66
1687	 1.3414084475204874e-66
1688	 1.3410635556267767e-66
1689	 1.3359228905848993e-66
1690	1.32640921221024603e-66
1691	1.31292535817857561e-66
1692	 1.2958544675084204e-66
1693	1.27556025751424763e-66
1694	 1.2523873485817961e-66
1695	1.22666163142922853e-66
1696	1.19869067182341545e-66
1697	1.16876414801740341e-66
1698	1.13715431646583813e-66
1699	1.10411650165358137e-66
1700	1.06988960614663765e-66
1701	1.03469663723545353e-66
1702	9.98745246794716663e-67
1703	9.62228281227357087e-67
1704	9.25324338594248731e-67
1705	8.88198330256328873e-67
1706	8.51002044570444501e-67
1707	8.13874710385552513e-67
1708	   7.76943558282174e-67
1709	7.40324377684141852e-67
1710	7.04122068149308126e-67
1711	6.68431183313596208e-67
1712	6.33336466122135244e-67
1713	5.98913374131527077e-67
1714	 5.6522859380941358e-67
1715	5.32340542890097831e-67
1716	5.00299859971685477e-67
1717	4.69149880656182837e-67
1718	4.38927099645263095e-67
1719	4.09661618305642722e-67
1720	 3.8137757731438969e-67
1721	3.54093574082468367e-67
1722	3.27823064736851078e-67
1723	3.02574750517506372e-67
1724	2.78352948514825461e-67
1725	2.55157946737141721e-67
1726	2.32986343556395669e-67
1727	2.11831371632863771e-67
1728	1.91683206468479249e-67
1729	1.72529259781141472e-67
1730	1.54354457931940455e-67
1731	1.37141505671444074e-67
1732	1.20871135502380435e-67
1733	1.05522342982685967e-67
1734	9.10726083165957242e-68
1735	7.74981046015133828e-68
1736	6.47738931154439021e-68
1737	5.28741060440067669e-68
1738	4.17721170575260763e-68
1739	 3.1440700157647781e-68
1740	2.18521772196642599e-68
1741	1.29785546612418597e-68
1742	4.79164967082508128e-69
1743	-2.73679357022912175e-69
1744	-9.6349972386261884e-69
1745	-1.59310523624456711e-68
1746	-2.16528300297696633e-68
1747	-2.68279008905989456e-68
1748	 -3.148346253613045e-68
1749	-3.56462743465455767e-68
1750	-3.93425994064536241e-68
1751	-4.25981530958333699e-68
1752	-4.54380579737682305e-68
1753	-4.7886804582256981e-68
1754	-4.99682178078482685e-68
1755	-5.17054284497860244e-68
1756	-5.31208496545706441e-68
1757	-5.42361578883546247e-68
1758	-5.50722781303150665e-68
1759	-5.56493729819727276e-68
1760	-5.59868353993914222e-68
1761	-5.61032847671594433e-68
1762	-5.60165660450149137e-68
1763	-5.5743751729883665e-68
1764	-5.53011463879397826e-68
1765	-5.4704293522954718e-68
1766	-5.39679845587716267e-68
1767	-5.31062697250458114e-68
1768	-5.21324706465773632e-68
1769	-5.10591944473973815e-68
1770	-4.98983491914773977e-68
1771	-4.86611604922662865e-68
1772	-4.73581891333565782e-68
1773	-4.59993495524083419e-68
1774	-4.45939290498881854e-68
1775	-4.31506075934127376e-68
1776	-4.16774780973104981e-68
1777	-4.01820670655429321e-68
1778	-3.86713554943375697e-68
1779	-3.71517999387553145e-68
1780	-3.56293536549533852e-68
1781	-3.41094877371103758e-68
1782	-3.25972121749107112e-68
1783	-3.10970967639757816e-68
1784	-2.96132918079648805e-68
1785	-2.81495485569339917e-68
1786	-2.67092393321906779e-68
1787	-2.5295377293229427e-68
1788	-2.39106358073119351e-68
1789	-2.25573673870440308e-68
1790	-2.12376221657309347e-68
1791	-1.99531658844974383e-68
1792	-1.87054973690756322e-68
1793	-1.74958654778349694e-68
1794	-1.63252855060534672e-68
1795	-1.51945550346099696e-68
1796	 -1.410426921423817e-68
1797	-1.30548354792130105e-68
1798	-1.20464876868758228e-68
1799	-1.10792996817163776e-68
1800	-1.01531982848710484e-68
1801	-9.26797571183756951e-69
1802	-8.42330142298318431e-69
1803	-7.61873341302561939e-69
1804	-6.85372894711372571e-69
1805	-6.12765475243605033e-69
1806	-5.43979667543962801e-69
1807	-4.78936881576204301e-69
1808	-4.17552214888414925e-69
1809	-3.59735265027958811e-69
1810	-3.05390893451642864e-69
1811	-2.54419942331964166e-69
1812	-2.06719905707976461e-69
1813	-1.62185556466196482e-69
1814	-1.20709530666836971e-69
1815	-8.21828707517119247e-70
1816	-4.64955291847098743e-70
1817	-1.35368340831881465e-70
1818	  1.680408159976807e-70
1819	4.46378857863652771e-70
1820	7.00746863317089041e-70
1821	9.32237018951369379e-70
1822	1.14192963110405565e-69
1823	1.33089042561657818e-69
1824	1.50016812097236714e-69
1825	1.65079226041605071e-69
1826	 1.7837712889643077e-69
1827	1.90009086154990161e-69
1828	2.00071236889275883e-69
1829	2.08657166805931621e-69
1830	2.15857800505506406e-69
1831	2.21761311718892663e-69
1832	2.26453050335381709e-69
1833	2.30015485077712908e-69
1834	2.32528160721222191e-69
1835	2.34067668796289719e-69
1836	2.34707630755135067e-69
1837	2.34518692626476367e-69
1838	2.33568530223219476e-69
1839	2.31921864010256614e-69
1840	2.29640482780597857e-69
1841	2.26783275328917874e-69
1842	2.23406269351630077e-69
1843	2.19562676842143628e-69
1844	2.15302945288531375e-69
1845	2.10674814018784509e-69
1846	2.05723375075538968e-69
1847	2.00491138038260959e-69
1848	 1.9501809824574601e-69
1849	1.89341807905695105e-69
1850	1.83497449610967617e-69
1851	1.77517911813796263e-69
1852	1.71433865839955187e-69
1853	  1.652738440543049e-69
1854	1.59064318817469312e-69
1855	1.52829781900763934e-69
1856	1.46592824052417028e-69
1857	1.40374214433234544e-69
1858	1.34192979663659145e-69
1859	1.28066482246835773e-69
1860	1.22010498154146375e-69
1861	1.16039293380016201e-69
1862	 1.1016569929244646e-69
1863	1.04401186624230876e-69
1864	9.87559379671678188e-70
1865	9.32389186481765059e-70
1866	8.78579458816907501e-70
1867	 8.2619756107298376e-70
1868	7.75300704353178237e-70
1869	7.25936581357473943e-70
1870	6.78143981180530063e-70
1871	6.31953383603441929e-70
1872	5.87387532569122082e-70
1873	5.44461988626205042e-70
1874	5.03185660216168991e-70
1875	4.63561313759306138e-70
1876	4.25586062570760825e-70
1877	3.89251834706661463e-70
1878	3.54545819902965907e-70
1879	3.21450895826671676e-70
1880	2.89946033910782042e-70
1881	2.60006685090254045e-70
1882	2.31605145798110252e-70
1883	2.04710904617178639e-70
1884	1.79290970015626158e-70
1885	1.55310179622410522e-70
1886	1.32731491523355132e-70
1887	1.11516258079105475e-70
1888	9.16244827835943199e-71
1889	7.30150606957504705e-71
1890	5.56460029883401774e-71
1891	3.94746461662212326e-71
1892	2.44578465121585375e-71
1893	1.05521603217893657e-71
1894	-2.2859895093085597e-72
1895	-1.41001599842465631e-71
1896	-2.49337470294361584e-71
1897	-3.48298564896827062e-71
1898	-4.38311865439712237e-71
1899	-5.19799209992303491e-71
1900	-5.93176329277087194e-71
1901	-6.58851981229689857e-71
1902	-7.17227178599814312e-71
1903	-7.68694504559917205e-71
1904	-8.13637511409021669e-71
1905	-8.52430197585851411e-71
1906	-8.8543655833716904e-71
1907	-9.1301020552498708e-71
1908	-9.35494052196143744e-71
1909	 -9.532200576819796e-71
1910	-9.66509029141623277e-71
1911	-9.75670475610130052e-71
1912	-9.81002510761000427e-71
1913	-9.82791800741858134e-71
1914	-9.81313553590464641e-71
1915	-9.76831546887141626e-71
1916	-9.69598190445629798e-71
1917	-9.59854620991286395e-71
1918	-9.47830825918677463e-71
1919	-9.3374579336183473e-71
1920	-9.17807685950731548e-71
1921	-9.00214035763060773e-71
1922	-8.81151958113954719e-71
1923	-8.60798381957417492e-71
1924	-8.39320294799074449e-71
1925	-8.16875000144385646e-71
1926	-7.93610385626014275e-71
1927	-7.69665200070030997e-71
1928	-7.45169337873598408e-71
1929	-7.20244129175115109e-71
1930	-6.95002634402471644e-71
1931	-6.69549941885975055e-71
1932	-6.43983467319552584e-71
1933	-6.18393253946275104e-71
1934	-5.92862272434084218e-71
1935	-5.67466719491934293e-71
1936	-5.42276314358508698e-71
1937	-5.17354592372935494e-71
1938	-4.92759194910675648e-71
1939	-4.68542155037958941e-71
1940	  -4.44750178304573e-71
1941	-4.21424918157992799e-71
1942	-3.98603245520821944e-71
1943	-3.76317512130416264e-71
1944	-3.54595807291816534e-71
1945	-3.33462207745173205e-71
1946	-3.12937020395384561e-71
1947	-2.93037017695316099e-71
1948	-2.73775665514722962e-71
1949	-2.55163343365166735e-71
1950	-2.37207556886203829e-71
1951	-2.19913142531319795e-71
1952	-2.03282464421912958e-71
1953	-1.87315603365982899e-71
1954	-1.72010538063475842e-71
1955	-1.57363318544060897e-71
1956	-1.43368231904219781e-71
1957	-1.30017960430341659e-71
1958	-1.1730373221186003e-71
1959	-1.05215464364486718e-71
1960	-9.37418989976047328e-72
1961	-8.28707320726456585e-72
1962	-7.2588735310144479e-72
1963	-6.28818713130060227e-72
1964	-5.37354020817621621e-72
1965	-4.51339911046842095e-72
1966	-3.70617992116044368e-72
1967	-2.95025743850556363e-72
1968	-2.24397357262011377e-72
1969	-1.58564517758636239e-72
1970	-9.73571339296524509e-73
1971	-4.06040139383917932e-73
1972	1.18665084368634285e-73
1973	6.02259960782401188e-73
1974	1.04645377092707827e-72
1975	1.45294457653422908e-72
1976	1.82341477125980895e-72
1977	2.15952703512452924e-72
1978	 2.4629206727550299e-72
1979	2.73520831637781332e-72
1980	2.97797297488613211e-72
1981	3.19276541069438516e-72
1982	3.38110182651894408e-72
1983	3.54446184466859725e-72
1984	3.68428676189601716e-72
1985	3.80197806334297675e-72
1986	3.89889617960874078e-72
1987	3.97635947147778151e-72
1988	4.03564342736251314e-72
1989	4.07798005903342458e-72
1990	4.10455748174194132e-72
1991	4.11651966536275811e-72
1992	4.11496634371810552e-72
1993	4.10095306976626206e-72
1994	4.07549140486637409e-72
1995	4.03954923084576514e-72
1996	3.99405117411427953e-72
1997	3.93987913157174936e-72
1998	 3.8778728885550649e-72
1999	 3.8088308195622565e-72
