#
# zeta expansion terms n^2 * (2-d_n)   
#
# computed to precision of 1050 decimal places
# computed up to order of 25250 
# computed with 28838 bits of default mpf 
2	0.556829159258389348534689288296653666629538940786608282770538e1
12	0.237107611896427007987943237107931359297818102060948715694854e2
22	0.278179290046280992278505784623287249511628588555760740237127e2
32	0.294397423961232289221136282279908259620149409031311793361478e2
42	0.302860000075794263071877412282429564307131825207752055347891e2
52	0.308006387763610440573666007447643819903459813336315692868814e2
62	0.311450127899197900451563840078675432322866610519208204374895e2
72	0.313910507784511974288983333415713100500280850950885892631785e2
82	0.315753734856233878326033339112712806894778180779888502605112e2
92	0.317184327966786511989374377705268065262375203658196260344998e2
102	0.318326227219725972296970101571143535346432068628755955978226e2
112	0.319258917186623370509551716211485831940674329578105927536218e2
122	0.320034981562348867505256035899339087024283801103201391638531e2
132	0.320690342706058532419740601780968581266782924044699886118295e2
142	0.321250696932457900527258731468191048264351742191789941006185e2
152	0.321735250857666233904321356403813155337622557774241986436431e2
162	0.322158671309672722437429312331642394083775584514189725272259e2
172	0.32253213944697655270792958398198487294698255083648980178643e2
182	0.322864104852829830970823272545388910280621157237352211647227e2
192	0.323160974873309074804486302144044499269130313537643618339562e2
202	0.323427742680180389024988234646437152194646533803943761681518e2
212	0.323668485411773631741974245329347506748200367105180161257828e2
222	0.323886689559885987395602543423089641291860810772412179912854e2
232	0.324085413829209640430253273036042811337954572900178727492235e2
242	0.324267337800675789904053778387876277663008791797375999653337e2
252	0.324434755770813387863351230238641597871091788287675201707933e2
262	0.324589564855477789648491866985231990905785360422576252536207e2
272	0.324733276266289797817766496189290015485581454959002388427459e2
282	0.324867058428350139458558480527233196508084880928801323110766e2
292	0.324991805939614379861473857241450311774967477940965838470584e2
302	0.3251082209307794223414019724749395921498694256575052843994e2
312	0.325216892214575536535719859224055235393062530155142592273154e2
322	0.325318360592324374188140592147403993691329459059326442157975e2
332	0.325413163576849703693728053316579810344983425384524973611486e2
342	0.325501857822197207933130740070929697173235135842062843022353e2
352	0.325585021611464996216303996213890553749309073436403662562972e2
362	0.325663242352934453592989598479556091599039256374370803350516e2
372	0.325737095144270338656153304741543780056675592250483618661743e2
382	0.325807118340822133575615695224221337870492733181988933644235e2
392	0.325873791088932239377173711151789411719464738414497478660275e2
402	0.325937516352318749229272910297404380655433678995761776166032e2
412	0.325998611405246799065244585761133666662138240884698303783977e2
422	0.326057306337209811811223809892090454922800193825796585763637e2
432	0.326113749962585404761216243548217364042034317678463613845903e2
442	0.326168021724148805669728370514421105730835340587860244509939e2
452	0.32622014772582846222910333892239364733271396178612846459994e2
462	0.326270118888359558717534905732172713907965117867353216621169e2
472	0.326317909327528068032155808392447789698008847346412529857825e2
482	0.32636349333520763636471150681937526261833128402152537802597e2
492	0.326406859726961378431238755647852717375902614688089949961987e2
502	0.32644802274422606187429169663710170615486688755386111639878e2
512	0.326487029114418459185839894988497866885425821591116897142829e2
522	0.326523961243053818100775942469176883373159505329357185183986e2
532	0.326558936815807654631867383655211229734499045136046523734604e2
542	0.326592105314615505429644111650610287334498332158380344958494e2
552	0.326623642098894149450460471914798230505991149342767821905082e2
562	0.32665374077611984640865978027246532457876864115151919213437e2
572	0.326682604595182932403244963829005305034174221664327029174246e2
582	0.326710437553548756762518146616169533941006596104822003741774e2
592	0.326737435828588340644529720527766251697430443698109365212393e2
602	0.326763780037465828096008969163704499126783249734603338122168e2
612	0.32678962871046745701546343908623923806404714868059898290301e2
622	0.326815113239699508215554660590557997213922357796486867791388e2
632	0.326840334446768936224025478231193094556945410096161381988684e2
642	0.326865360805463760654719649571364188583509800357741376414746e2
652	0.326890228262718113075041426106857462004796496995747917576206e2
662	0.32691494152569884538708298285092405628047908012723105808017e2
672	0.32693947662563595181689883665087523980214159862853033558656e2
682	0.326963784529798166844694726492481501980110728477946207308329e2
692	0.326987795550641666331632902366952353490502967753189903639843e2
702	0.327011424293845337737218451717369444973691203091160067486926e2
712	0.327034574892495893827517264458785019317287772302665402130206e2
722	0.327057146290700417004235577468714349455820121994294477538901e2
732	0.327079037363941997314028633767458122149900537622669204032282e2
742	0.32710015169320181275122638589676744462578016218788195831061e2
752	0.327120401843074265990763522683960769638439342980223548898309e2
762	0.32713971302886995405376399850753155402812160441116233569229e2
772	0.327158026092384231249425799095589300161174751928260285049258e2
782	0.327175299739253321726081363275279865913280864431122402354904e2
792	0.327191512021567110549991791398464304246790297804129881381897e2
802	0.327206661076881122918646565295309338214904466930356250179473e2
812	0.327220765158451458221935214921457395882178927616524780301503e2
822	0.327233862011116710534284492877631420500419671021372609959553e2
832	0.327246007662678507032779068706831449055025463417659683967134e2
842	0.327257274711959328499278174815139110218208713101543291849445e2
852	0.327267750202145681965545574544268286592717659175800613534783e2
862	0.327277533171859055908012963577771451247247920132830059929877e2
872	0.327286731977010004752499646866700036263066312339424872792562e2
882	0.327295461474301308152025289375932278523206013666864833749429e2
892	0.327303840152696999075101321537217747049840186200619407489418e2
902	0.327311987292712574497754614298503082904385735417049389074925e2
912	0.327320020225445006381133387876415748323174828869033104560518e2
922	0.327328051754264141785767283094950810941160160760110359214449e2
932	0.327336187792413429321692913378984816657547099724824481240146e2
942	0.32734452525976389433835804077683020357036735793473814780837e2
952	0.327353150271935769628116734780913702887469718315151113896951e2
962	0.32736213664520867635822545435146239507560356600221128210145e2
972	0.327371544731301578361176503901501040417824352279544652931991e2
982	0.327381420587393094603845544580990438289591386921631392801575e2
992	0.327391795478805761546249836302808493525578921757790403268473e2
1002	0.327402685704691359188424040944253126073716694086104389692007e2
1012	0.327414092730890961868090967424452880021422099843102057901087e2
1022	0.327426003608934821258816859059099220958470905841160567946461e2
1032	0.32743839165589866885620599147073403579202041843440810360663e2
1042	0.327451217366526862089858523998471379060251983149458298275621e2
1052	0.327464429526632353629266531062052169579239270118398396274823e2
1062	0.327477966495236818121339377218647086918501427983484070543202e2
1072	0.327491757622157672178591210689307699140916580132643429217395e2
1082	0.327505724767709755219262343482516659662860843621292301858442e2
1092	0.327519783891789879309011523343091671334629260900536353133033e2
1102	0.327533846680770814297606392251323048723591179272157107082634e2
1112	0.327547822182264995391632913316288491133870043882891982015932e2
1122	0.32756161841984558716479243583308369953443118628596208785189e2
1132	0.327575143962154162265286430731127763986483865091805840883915e2
1142	0.327588309423404469460592378556205503763728189255102393504705e2
1152	0.327601028875039554180448678293811120331944359972682061848582e2
1162	0.327613221151149253159309053896866959945746479626850422573083e2
1172	0.327624811033147156960108082779735536447796500511941820835076e2
1182	0.327635730302087139848448250598201277817010730873041115227736e2
1192	0.327645918649822548569434272024967524174165850066827516923938e2
1202	0.327655324442935615400788098711080667545774065498718290514898e2
1212	0.327663905335956439391427629038171566582816273289357950051783e2
1222	0.327671628732821896773318987776948257051341691923101916891871e2
1232	0.327678472097772843567736740468645143095305444732508136490478e2
1242	0.327684423118936158248885160067111663258393216973738976799415e2
1252	0.327689479729674781971901167332618008018238960785654689654642e2
1262	0.327693649994406795780081399852498140933019761317361740369802e2
1272	0.327696951866990724179092391655626157682846102780775231200765e2
1282	0.327699412830949352171633228808964333900562721175250177663974e2
1292	0.32770106943176228940412372317697889131368747216381417523127e2
1302	0.327701966712204980518842735099961859056324728627276037925451e2
1312	0.327702157562257847761565310407211428407662582260350393518409e2
1322	0.327701701995464680538982111374009660181404192720262585381031e2
1332	0.327700666363796704697637893684852496154018015603639541026964e2
1342	0.327699122523091585022581753503105046972290195301223776831849e2
1352	0.327697146960999384130580116725036552664800794262673349854988e2
1362	0.327694819899095197329156732206955101571500831574346783804741e2
1372	0.327692224380426044883177679593146124882642697579589338497842e2
1382	0.327689445353262890654710723494596439879139281546818988866403e2
1392	0.327686568761242441544585805395144269235288853058914102449984e2
1402	0.327683680649422369808271835247216656666759830177534793863255e2
1412	0.32768086629505197399818927036596108939911106231762589906086e2
1422	0.32767820937109159131895598231393345396217606439833577997628e2
1432	0.327675791149711083647254494145785218824281068696143962757977e2
1442	0.327673689752172403047658847260165545329676114389530382342258e2
1452	0.32767197945066467607606718586218044147469162720653127721138e2
1462	0.327670730026822579492098803632671209505757652190034523247108e2
1472	0.327670006190829214271909053864629722110834134380039198828497e2
1482	0.32766986706419146385140739974997385782686015918875231266123e2
1492	0.327670365728486237571072928379648929848219404053031737853761e2
1502	0.327671548841616405841753199457630433341377950175551291999414e2
1512	0.327673456322391072794515605184735733510674512964655223926134e2
1522	0.32767612110356067039416258507027924131004750390379558221435e2
1532	0.327679568952796922498411560858855351567405449603314595477441e2
1542	0.32768381836051395263717512229276333448209497820066916909875e2
1552	0.32768888049288188621193960773366009076630126956955589945042e2
1562	0.327694759207889725594932978937344248115828001286924788144974e2
1572	0.327701451131870916784026172703994024548937026452530274958581e2
1582	0.327708945793513157677456323918730200099491572483237718288235e2
1592	0.327717225812033372029517019801075597893938304031113145352362e2
1602	0.327726267135908668429083043237562928860162401156602912987998e2
1612	0.327736039328313380067629202308323149259048896403814564961799e2
1622	0.327746505895219432011187333702204655039974406556220326372557e2
1632	0.327757624651970485531718492783400895790841969378617011078881e2
1642	0.327769348124037473412343634103629044864081288868380634176131e2
1652	0.32778162397760195368932934281401122680422947444584215974136e2
1662	0.327794395475591680873173311736860152191641733277227154133722e2
1672	0.32780760195480729362398664082165017145622234248723240668125e2
1682	0.327821179319827315351787300627294913333818338210751152289277e2
1692	0.327835060549457961818022129016358171196708480939252771415453e2
1702	0.32784917621160171490424698297955713519905301490623274076025e2
1712	0.327863454982551415032748052913206088322853931259887958157762e2
1722	0.327877824166871926044766823335471483763917156990630697600256e2
1732	0.327892210214206457306385667464348956688651553223904167158388e2
1742	0.327906539229536672052557459144303459411933065514310617291517e2
1752	0.327920737473632131634990904153773952442362393978049809865759e2
1762	0.327934731850642880087483085569009439701870160424790475371956e2
1772	0.327948450380016627164696338236589984887550875087491851231439e2
1782	0.327961822650156723351875907643810475604121137420343163866195e2
1792	0.327974780251476746009518156781639019621606320601425191984559e2
1802	0.327987257186749973163241277791788837947026631303722225441899e2
1812	0.327999190256895389204273027027977815500152768133314740870561e2
1822	0.328010519420584364166149644956754726668292569843253703478721e2
1832	0.328021188126292136696774557971405070646898076710063443686831e2
1842	0.328031143615654214273506797468579676438072384359552906850814e2
1852	0.328040337197218428202089036994233975771553476531487560649934e2
1862	0.328048724489907430857362068206468805675948371530157246893429e2
1872	0.32805626563572282076957923121288615614272242024221598423194e2
1882	0.328062925481429883155173458456416270132277508452458035170327e2
1892	0.32806867372916032395033800141597124905066928706866420918408e2
1902	0.328073485056058663034962032402769206882917501311227974490636e2
1912	0.328077339203275564539418546449573497393940631204268243666308e2
1922	0.328080221034777859234289234729816275072756249434663517731513e2
1932	0.328082120566600003175438919107161714616764725954103932435899e2
1942	0.328083032967304965699235854383442636939917975677409083700693e2
1952	0.32808295853055389027699581639974538533333388879174875436093e2
1962	0.32808190262080325288621863092463971684992478350321482899693e2
1972	0.328079875593255664595033875412743291640943951858150195129272e2
1982	0.328076892689286012490876448250432485830242130747538090180084e2
1992	0.328072973908648458273597937633119636396552584115410438331486e2
2002	0.32806814385984213060329421990993443967157898604753603460323e2
2012	0.328062431590074424697646228160260574033776423071247626678327e2
2022	0.328055870396310978929654066686965888586885098852452816046169e2
2032	0.328048497618940994804097306905817317267999982660820481863525e2
2042	0.328040354419616002876134851813784661513435730458064805793022e2
2052	0.32803148554483988437722280409248657877464628492439779021134e2
2062	0.32802193907689839512694818458155208036802865350611811979135e2
2072	0.328011766173718085596052312756756273197023325759558683347075e2
2082	0.328001020799237867280160175359520871870262173115544854333513e2
2092	0.327989759445862052738952168972618507631181305381379468925879e2
2102	0.327978040850542015973380680557915409948139794812420315819727e2
2112	0.327965925706005208056084366673943920429496574492006409676924e2
2122	0.327953476368615649013052914718151358378145325807221444766843e2
2132	0.327940756564309728717959026960472577822186341080924185731272e2
2142	0.327927831094005710852227547526438804168437429031960520736808e2
2152	0.327914765539835262008624275748782829134693729558942011827598e2
2162	0.327901625973491130943229158783156665896077365225848428129485e2
2172	0.327888478667927277801335731741382033149013101986307048866287e2
2182	0.327875389813586783768006783915283805031406018077399790830016e2
2192	0.327862425240269227182465588818168832967368343875005249904198e2
2202	0.327849650145683345661770392982530438257817776978094483332594e2
2212	0.327837128831663150710552217321348987651534108019507707717332e2
2222	0.327824924448956638664522161449628123285087554895080739683941e2
2232	0.327813098751426247288752315051935343698479072667568311378017e2
2242	0.327801711860429618554338703023764314365167504231576889726586e2
2252	0.327790822040078402119503230051068230162206595323147283112203e2
2262	0.327780485484002106989291171467031769575895745539344035436572e2
2272	0.327770756114173695715566441985183329942085914629144361949621e2
2282	0.327761685392284010070598111836901535925550813051704484999585e2
2292	0.327753322144083491900787234542231073237547958301179516176372e2
2302	0.327745712397042269263856766978398196792279105125199877852786e2
2312	0.32773889923161374652936095558999741353840310243760435056213e2
2322	0.327732922646322577888684853256574298140767634388604979195401e2
2332	0.327727819436835506539916402696467686133007310959649595368241e2
2342	0.327723623089113186871631361294764868970583305991504176790302e2
2352	0.327720363686682925310582466638558981212239095491112606750372e2
2362	0.32771806783201640960801265119311494270788668325934103533231e2
2372	0.327716758581943060782122310483693904197959910263422013603363e2
2382	0.327716455396978734026077302140211343902581155162104848593491e2
2392	0.327717174104401195406213814720430730369900953671310465970738e2
2402	0.32771892687485817507986736920501985869841993847045994242502e2
2412	0.327721722212250894968341890419170624732622377750132373871936e2
2422	0.327725564956595824954694359029970438864354074497142925045138e2
2432	0.327730456299530058859279739872005741869395878362917982768528e2
2442	0.327736393812091129078518566310468901409206767982382765935837e2
2452	0.327743371484370294319351723770624588995316706021075305965481e2
2462	0.327751379776609324636933405418802868427855855132626062647303e2
2472	0.327760405681284547925230080459630101379700436789186709580293e2
2482	0.327770432795698378451121327369918993912016554125822543739969e2
2492	0.327781441404577678442064619736437314730925293380718781735886e2
2502	0.327793408572160057503230528092154691021951222434331821470505e2
2512	0.327806308243233533731139163079268279569346355775966516356385e2
2522	0.327820111352581800100937712438062357425508179724391834632632e2
2532	0.327834785942276589324867379204135805796921167543954490552286e2
2542	0.327850297286250233859498499008967600089295562928961695144871e2
2552	0.327866608021575394323041967542578399421741304700859566617846e2
2562	0.327883678285874994422376676610437008871902537557824475123227e2
2572	0.327901465860283565226675024494000567851991134541305786093942e2
2582	0.327919926317381374958831122257773921192184025378251148399161e2
2592	0.3279390131735248086932068528584703589212815077199348363659e2
2602	0.327958678045000369829162032859497282516245213818712013365402e2
2612	0.327978870807435304909814099929929924128049671844019236615104e2
2622	0.327999539757905107257566936818398840389804258055313260801289e2
2632	0.328020631779186934438996701960457860021831088769039661847906e2
2642	0.328042092505618181041642722231921888441354067906612530494238e2
2652	0.328063866490030983160207314321047841534786721566081151632199e2
2662	0.328085897371246196438893418065664790484778450214367278979419e2
2672	0.328108128041624288484184459972581012776835997708403258340452e2
2682	0.328130500814185523123925269634095912976334528198364906847176e2
2692	0.328152957588827693983761879282892577250497078150822012483852e2
2702	0.328175440017186395533469319064400059825644357095930179701371e2
2712	0.328197889665700310415117430051751179747177551589593264445539e2
2722	0.328220248176462153937140678332839386353141511592734788604705e2
2732	0.32824245742545466386375066366896064841623510647773788001511e2
2742	0.328264459677790272296439988388918625395060571557219023976604e2
2752	0.328286197739592765413073669726322266496388638991844194534937e2
2762	0.328307615106179247734526958437449040371926304768099581826569e2
2772	0.328328656106221004924142756769463007955574754182230106495375e2
2782	0.32834926604158233033652066851671147233579117495181660769735e2
2792	0.328369391322556976087268200135513222766260443553989161882471e2
2802	0.32838897959824254286286363663554083822442469025740826027199e2
2812	0.328407979881813770702069663872866286541022394517437403949345e2
2822	0.328426342670476275383352068038719693236404217782635593362741e2
2832	0.32844402005990273484306774658978055739346016551226051071125e2
2842	0.328460965852973813399119818695064210136733356018114330957658e2
2852	0.328477135662666167806495794261727810294722839966564049877953e2
2862	0.328492487008949660820386780576854529047687250210031146475144e2
2872	0.328506979409575370613097934402399097631853799541869623654163e2
2882	0.328520574464655086799753756537503548206255940235563068730269e2
2892	0.32853323593495168774276074108886219862884586813724851571596e2
2902	0.328544929813818063994930787442371264211273560093428712022171e2
2912	0.328555624392740056919262167870209968216676841805264497979763e2
2922	0.328565290320456190284538304394553376680592354518215988073679e2
2932	0.328573900655643759388788534067070108802271774645691118183893e2
2942	0.328581430913177083156816261143138632696599763823170970438495e2
2952	0.328587859103979398506831837056083603288218066962891250844471e2
2962	0.328593165768504964481188851654685891643688876643008307860372e2
2972	0.328597334003902430082879703296505615286014780793849210599597e2
2982	0.328600349484924390760818903293544994454268793775194957545618e2
2992	0.328602200478661302674614258742525107926182098841851857004344e2
3002	0.328602877853190532107958377828999287258548709569636018092262e2
3012	0.328602375080243282694233136656175988705448366478009969089254e2
3022	0.328600688232003460521409829587485045753600725646535347206879e2
3032	0.328597815972163203702876637693933148932248419755639591005641e2
3042	0.328593759541369817503482756258599043988885383221981394441617e2
3052	0.328588522737208219228937290197856076221930390156120618849207e2
3062	0.328582111888871711127176793593390507227661472241685696762843e2
3072	0.328574535826681968397110234118537776687852752430286463633178e2
3082	0.328565805846626558424946235432306815134529067192361130781097e2
3092	0.32855593567008910333857112946202038414665567175183637805108e2
3102	0.328544941398953368959493898048437941649742320007365583730677e2
3112	0.328532841466268118530399155944816931514029178247644982881177e2
3122	0.328519656582664519625585911327628070847659155039588619753701e2
3132	0.328505409678722248878246491678800039515376291320466381170568e2
3142	0.328490125843484214011764847256703637169874621781270315088479e2
3152	0.328473832259323019452413528676550971913041808085796334218065e2
3162	0.328456558133364954640852684273836559962874500348180780250912e2
3172	0.328438334625679397888313141538934828087302639733919891888901e2
3182	0.328419194774443118730390942839835771165043982411972911465156e2
3192	0.328399173418290044286692133938701299362652511231561266400419e2
3202	0.328378307116057646718001253664039682680974083670543773690472e2
3212	0.328356634064141226507298047863104909858320611499263073783636e2
3222	0.328334194011667027378765305091127856654250766898897227778627e2
3232	0.32831102817369434092891401310411338157245137048859000964884e2
3242	0.328287179142655560452916431438414696289855130833220288400564e2
3252	0.328262690798241542185178888107762869650736505648042708529706e2
3262	0.32823760821593764656122812433983322276784397944792015233079e2
3272	0.32821197757441348056890748580988415198477695710017538349245e2
3282	0.328185846061966663258207713948033737117340079427942905587403e2
3292	0.328159261782217908488693651956524651282100181788136746349661e2
3302	0.328132273659251380435854770279188325549369520355017496650476e2
3312	0.328104931342390646592368001166629758293507618078683901281114e2
3322	0.328077285110796648202985005906878155967767755804396371453804e2
3332	0.328049385778069947317978038692962015224773557171580879244128e2
3342	0.328021284597035110800713487013743125168066687397334770003624e2
3352	0.327993033164880472314477842118743996999201153006383443983519e2
3362	0.327964683328821690920621146761266604935284211470273877344064e2
3372	0.327936287092452516539382576612014067158987459305189901222268e2
3382	0.327907896522940994942596007064871157895313022564192678012612e2
3392	0.327879563659224014617949556532684129061947214747865292228176e2
3402	0.327851340421347630840782044660205032991921721286848386619356e2
3412	0.327823278521094985741066446070180062496053297593146297303032e2
3422	0.327795429374008346899815034281426452570799985592931495783885e2
