#
# zeta expansion terms d_n straight up. 
#
# computed to precision of 750 decimal places
# computed up to order of 5250 
# computed with 7841 bits of default mpf 
2	0.556829159258389348534689288296653666629538940786608282770538e1
3	0.907313460316764824423966346941789910724738608269961180052837e1
4	0.120980556204332789716655031311239274295489205745054866246661e2
5	0.146124508272030006051544778468305304331044281054227464433789e2
6	0.166873078904721038391902199343514420384155314198222720799798e2
7	0.184059022486365291103225034026494562307401566219553749873247e2
8	0.198402517957149596899061327480208111216963467828795018378554e2
9	0.210478207234850064574073183280761384734097165772092763952501e2
10	0.220734489535740848683042789240584972677926113367083403285645e2
11	0.229520198799635695521287611278705545491291984100638246402463e2
12	0.237107611896427007987943237107931359297818102060948715694854e2
13	0.243710395483326837121152349245297836767360094268265298239509e2
14	0.249497286296956256468300513522989190862534960793775355004611e2
15	0.254602489148858910629777169140254430255182789731576768064938e2
16	0.259133580166951377859647367239707752384299053854617638746601e2
17	0.263177507928795570474088199959042933608564505484989122011204e2
18	0.26680514448877106129645901078347554817386806812263020169433e2
19	0.270074736901448725277882239308909024166550169784475043537228e2
20	0.273034531622870512113503109756361874085115345632836180751108e2
21	0.27572478102647907905858471942028005852231221206388993891873e2
22	0.278179290046280992278505784623287249511628588555760740237127e2
23	0.280426620257022013257126845682947386085995644082778621540176e2
24	0.282491037323301947127275453663453623814962421979237487227502e2
25	0.284393264290214449259381640912613079093185464149899488499351e2
26	0.286151086107064147998828662050766363959186292095322858837271e2
27	0.287779838584036393671146721265973284358193440559201616812027e2
28	0.289292806381559420682416637890978948320127951489100010072346e2
29	0.290701548579681256889628785549252403227098344548144380543773e2
30	0.292016166082112272416329361915015266947476788672382066807439e2
31	0.293245522011573525353336153274787643494929716331276994561686e2
32	0.294397423961232289221136282279908259620149409031311793361478e2
33	0.295478775223180824501977064774211562965230117462016029541465e2
34	0.29649570075198445567237744069989227714044675325517364210767e2
35	0.297453652532624952758731762592604799306469075157546763153093e2
36	0.298357498139522743537875644729565068364486005097056854994178e2
37	0.299211595552136819505240605781786649370799878249942190728902e2
38	0.300019856702293481475843872290173081920534069813427758896381e2
39	0.300785801746396111078864806523932899766082602277532959276033e2
40	0.3015126056642973577307557629826980087087962520815348055828e2
41	0.302203138471102982869789954026512939803976335913629279420075e2
42	0.302860000075794263071877412282429564307131825207752055347891e2
43	0.30348555062019424000735328910600483020567863453804814527978e2
44	0.304081936973787719534873625630653962611904569571664713840935e2
45	0.304651115935902918701169578963294870741567794348130551926723e2
46	0.3051948745997090399716597976659509277674960724411295015381e2
47	0.305714848256495957835499211353744850311672256029691708066936e2
48	0.306212536158973477788436514849253399399317216499231693384548e2
49	0.306689315415007117887393499726408434112781492758929340755616e2
50	0.307146453245268662543376520816496772689031969113952540202453e2
51	0.307585117807390508979905908535079513624966642473613315631387e2
52	0.308006387763610440573666007447643819903459813336315692868814e2
53	0.308411260747271704903718121670390081882487095696556874616631e2
54	0.308800660864952876431995717959607682288495030337266372787178e2
55	0.309175445354766053989020799366238997600552918605616354267099e2
56	0.309536410507006163019506003095706521809327987637856349664691e2
57	0.309884296940530690900127617817563967496045710808174772288734e2
58	0.31021979431677295237108097549248981374430532760903362949257e2
59	0.310543545562987192785383090824806870834689340735198719918225e2
60	0.310856150667079484987826684183306929773827957314612051790543e2
61	0.311158170098110667785504739907584935627142489426305461132796e2
62	0.311450127899197900451563840078675432322866610519208204374895e2
63	0.311732514493028527180525190121056144943154092109251001616817e2
64	0.312005789234475282432359424561388155193532940196879679192363e2
65	0.312270382739807030397481784569683008551502631593482043849969e2
66	0.312526699017665042187538878639112707649624575000880003251473e2
67	0.312775117423261315708434120267594494624271407234059418831514e2
68	0.313015994454092473419416436355292627395621549992772419746008e2
69	0.31324966540279081987034280490444397283634345018149022136938e2
70	0.313476445880495275386097846646169031231685338277778197691549e2
71	0.313696633222263663089049755709351762339006331067564648764647e2
72	0.313910507784511974288983333415713100500280850950885892631785e2
73	0.314118334143207341988535219296390414433339825272772089025547e2
74	0.314320362200515299813958780027963560555202839387607564397733e2
75	0.314516828206768728603023300075247799959180367386161738402465e2
76	0.314707955703950453177178133517659703987545288218830170212472e2
77	0.314893956396332969540844282545103712296760148461621612529528e2
78	0.315075030953470775733772799947288641343095623643117557267819e2
79	0.315251369750370810106279933397843901803231444072349091138801e2
80	0.315423153549355865197382243038806016276369822763950811808388e2
81	0.315590554127869225925268960346732500841779629944721116088254e2
82	0.315753734856233878326033339112712806894778180779888502605112e2
83	0.315912851229166797671234856545046499341814986130426526526372e2
84	0.316068051354650684189648586001278927713103490011420590704236e2
85	0.31621947640357663967752396345819258390434947641012671618979e2
86	0.316367261023387851994784893308706995920070003325325553827845e2
87	0.316511533718773878737602597880897336865745209053133834919513e2
88	0.316652417202286152172577271724443968562609443880255901888114e2
89	0.31679002871756724097145148637932325748826497901764741607264e2
90	0.316924480337709193954038437040795955547213136339495720570558e2
91	0.317055879241080394828909215701647577900431921587906724954624e2
92	0.317184327966786511989374377705268065262375203658196260344998e2
93	0.317309924651760250928921944548932809914405214056364809812265e2
94	0.317432763251307709917358223643642047340253426031062145757829e2
95	0.317552933744777212039635831561258713039685669472057398865432e2
96	0.317670522327860499841179411165982112691783486095706868283656e2
97	0.317785611592887003804274234383715019670843647147276954694343e2
98	0.317898280698330285273328521313921044259316889267899389804073e2
99	0.318008605528612324755933292070875014458636006086420778984402e2
100	0.318116658845166549636057134055340951499801587502566156663105e2
101	0.318222510429604697089028742947855737864893030862424389677353e2
102	0.318326227219725972296970101571143535346432068628755955978226e2
103	0.318427873439009539162052057142998348828171686987986128160903e2
104	0.318527510720143098373146307477855586904341953711467100613688e2
105	0.318625198223060984379689721708772611692055024398129425329118e2
106	0.318720992747894572066067919152024311622930653820976254610398e2
107	0.318814948843175468995825951173645330891591631562153945135692e2
108	0.318907118909577557799980315076473598625870601510052162605289e2
109	0.31899755329943697212719576775112844028465198582888561465693e2
110	0.319086300412249027210301424428890317959655798199731792071759e2
111	0.31917340678630744574989022276629179808915183241775470306842e2
112	0.319258917186623370509551716211485831940674329578105927536218e2
113	0.319342874689239081638599047059099378163776199934063162377806e2
114	0.319425320762033488756663242099489987446064904913065779024844e2
115	0.319506295342102806791779321629141735661649748561388360737987e2
116	0.319585836909789830327443242161482963859402910951292250518568e2
117	0.31966398255942839706691167880589824160801724594765799222406e2
118	0.319740768066865507661376555811950078101478774662860599070109e2
119	0.319816227953821707684231371560847302915278310657550151984042e2
120	0.319890395549150331590691855936381907299198406190354306269987e2
121	0.319963303047057685510548268868571165729632219104096842750435e2
122	0.320034981562348867505256035899339087024283801103201391638531e2
123	0.320105461182767386674397601234724374734831003131878391814318e2
124	0.320174771018500776250197476757282693249880531319149133190693e2
125	0.320242939248928763467809172154281895362136539834612614861227e2
126	0.320309993166695054988410627472710154411760064364246463470964e2
127	0.320375959219188245384034681985218331977205790498842464175043e2
128	0.320440863047521610226930920603220269682713634226899041770747e2
129	0.320504729523105483429603493018655459089861686826452528287245e2
130	0.32056758278190944358484887003917288863697003697757108551711e2
131	0.320629446256514571155599311101924285708064058633759607141414e2
132	0.320690342706058532419740601780968581266782924044699886118295e2
133	0.320750294244178159917856670548806592303783760088712697727014e2
134	0.320809322365055511453795559166523375311046767378368869789183e2
135	0.320867447967674093005963506241557063986429262266713267694367e2
136	0.320924691378392029768857083658354189811345756095562369367582e2
137	0.320981072371938478736085805867598888181953918562814504555682e2
138	0.321036610190938519104846271550264292669092934448954128048906e2
139	0.321091323564070163705275631788329483643048473547399463508423e2
140	0.321145230722955041629018803978732868955430064417081504722423e2
141	0.321198349417881749565828306596260089460608052692188160653777e2
142	0.321250696932457900527258731468191048264351742191789941006185e2
143	0.321302290097283559225047983042225761996064282739025426848957e2
144	0.321353145302735090143818616208188703777153507893357512675854e2
145	0.321403278510944504436831093797634225127922843584683925993111e2
146	0.321452705267055221974838935932270414362352635953398068597968e2
147	0.321501440709830811043138922481309752759693395376011761773883e2
148	0.321549499581688774708016534009761752730228681296805716038479e2
149	0.321596896238226862281445919280007871358489670384369634318671e2
150	0.321643644657304736903828575590679047684642677964302819138544e2
151	0.321689758447739163853446869518024761241846603816618511860004e2
152	0.321735250857666233904321356403813155337622557774241986436431e2
153	0.321780134782619534187258379480809526264706174532563685548649e2
154	0.321824422773368654939506904263733535487210934312968140360652e2
155	0.321868127043558000674258818939720384170623432304631978181372e2
156	0.321911259477181582119858832671524917556281085684070346600016e2
157	0.321953831635925321302921479596518777933866886524134718069626e2
158	0.321995854766404424053223499702195358883825430865816493852237e2
159	0.322037339807319576896553433644169296135810924284132802973697e2
160	0.322078297396552121023468139138675438297703890908443900459505e2
161	0.322118737878214954498154118885054254867507619893854095900614e2
162	0.322158671309672722437429312331642394083775584514189725272259e2
163	0.322198107468541878646238381017130831245820048396471510968883e2
164	0.322237055859678444168006955267618887959793500625347493680232e2
165	0.322275525722158749508214574840734597912470473487477647469615e2
166	0.322313526036256127281499331281815014743268299036421217302929e2
167	0.322351065530414418496649974702308703172456980223369096032476e2
168	0.322388152688217264988813264007373047567824736102282796851355e2
169	0.32242479575535047773085187040775194735563712813964978119508e2
170	0.322461002746553289895108523946522118036991826167608952892867e2
171	0.322496781452553017623130446703268797804227734005733500932016e2
172	0.32253213944697655270792958398198487294698255083648980178643e2
173	0.322567084093231191333434866187244179388570059557425620136064e2
174	0.322601622551346552627294491272511429619271279460454679820477e2
175	0.322635761784768750609903957071598357733792871334631487336624e2
176	0.322669508567097543384854980562512026004838338740511183664097e2
177	0.32270286948875688411369529162590506988387943894035044038209e2
178	0.322735850963589129324546453647030942326262332724249354693848e2
179	0.322768459235363111253271672205729480965404930366590684960974e2
180	0.322800700384186342078952670968878217766132001107490109729231e2
181	0.322832580332811779071790834902275007830895655411591532573878e2
182	0.322864104852829830970823272545388910280621157237352211647227e2
183	0.322895279570736617725872186784950554286583225882746608011269e2
184	0.322926109973869898720839312773668575784480670923378815213108e2
185	0.322956601416204549705983093080407234519516767983042669114044e2
186	0.3229867591239999872164388843228185769078348935166874789566e2
187	0.323016588201292502932224998161345933836557454066704773953866e2
188	0.323046093635226071331936364411768601679342776381653973132363e2
189	0.323075280301215824618437257102840239746702359342674359438307e2
190	0.323104152967939042193306087144670094013237561272834264222578e2
191	0.323132716302149171312832221466874085009554056181223541708945e2
192	0.323160974873309074804486302144044499269130313537643618339562e2
193	0.323188933158040385140140213803305650618720150465279109670882e2
194	0.323216595544386526478992425795485854673136922947329225881101e2
195	0.323243966335887642679522967125808860936561813871157405576187e2
196	0.323271049755466335341260929533746097965982442513879717032403e2
197	0.323297849949123767704638625734867782271769597679633761228921e2
198	0.323324370989446324155754627642361852906723151309371727690757e2
199	0.323350616878923627998434886455142085955090634784545123218933e2
200	0.323376591553079309300899797913438394404030365926989696315577e2
201	0.323402298883416477601572992819823497928967900285670120802714e2
202	0.323427742680180389024988234646437152194646533803943761681518e2
203	0.323452926694941302207730411149986701271490797529642716074969e2
204	0.323477854623000990977739209126496336109339617381539079445626e2
205	0.323502530105626822880079161639263093072558377138436535818592e2
206	0.323526956732117720591932554192097150608150729406049154168442e2
207	0.323551138041706697475459571665026085382257806080250855115481e2
208	0.323575077525304998679904744425196727920498074947585540265133e2
209	0.32359877862709318525033910297798879762242565967574931673517e2
210	0.323622244745964770763795372129020045581807592308701034031336e2
211	0.323645479236828258418212090785136453446708622102834902058316e2
212	0.323668485411773631741974245329347506748200367105180161257828e2
213	0.32369126654110952482397996992964672540763891732156489485696e2
214	0.323713825854277438977475340264780437116870350170095947792638e2
215	0.323736166540649482960444519332948439630872787454042278023722e2
216	0.323758291750216194304812198512729567272722334976619026555382e2
217	0.323780204594171051074076648255323229462725861002365762388761e2
218	0.32380190814539830767283499241065121308125163339670041688532e2
219	0.323823405438870786438265579082213268711985363493114897825232e2
220	0.323844699471964229974753278198060356614760007334419730693041e2
221	0.323865793204694768914242988034542911959175665465049931400251e2
222	0.323886689559885987395602543423089641291860810772412179912854e2
223	0.323907391423271975478523497177704452024714031545841031146985e2
224	0.323927901643542645377475187516601697975428605981044853009796e2
225	0.323948223032337458260476432674916389770333803796520773909673e2
226	0.323968358364193561844905872630728988874616382410148674460948e2
227	0.323988310376454177567365749239578558324986919409093464349501e2
228	0.324008081769142901119468351982736495693334222818824613199383e2
229	0.324027675204809393016686355620386507278100529837698933401406e2
230	0.324047093308351737965732035387836287375277205103795381778577e2
231	0.324066338666820544447441426551607789057723187511557718604052e2
232	0.324085413829209640430253273036042811337954572900178727492235e2
233	0.324104321306237998727090713020653832852541664263642138619184e2
234	0.324123063570127297415171549470796923232550426086240847018295e2
235	0.324141643054379288117061615243546490503276197071710448426279e2
236	0.324160062153556908906620186192036059791107663768391485333474e2
237	0.324178323223072840219394129022366508864922367657595622447029e2
238	0.324196428578988962425619995295084732888956757877277859276852e2
239	0.324214380497829933624414256249437549461885734507509577639252e2
240	0.324232181216413866645346064123144787376372409329524275137361e2
241	0.324249832931702846049584487880428102965287282894269032466326e2
242	0.324267337800675789904053778387876277663008791797375999653337e2
243	0.324284697940225928001169003761098012027024643119988462152792e2
244	0.324301915427084938702571653134036885858961356215042591273534e2
245	0.324318992297775561333397185761833094210438020869249806348265e2
246	0.324335930548594280627073337251901353563737759083221844777269e2
247	0.324352732135625464651058324835447276457166894920599014941287e2
248	0.324369398974788128412497861690924934859453576999126223751687e2
249	0.324385932941916292381620769357362057516211449649423841118421e2
250	0.324402335872873708864205226035543326735247496680508661030865e2
251	0.324418609563703539840820396991493359204441152366174179008548e2
252	0.324434755770813387863351230238641597871091788287675201707933e2
253	0.324450776211195907109167120169680049810466339324654669759252e2
254	0.324466672562685054949599231613092384731298589806459835528327e2
255	0.324482446464247885562111844874746956233773370780494115068885e2
256	0.32449809951631163633703996617218266895057755719217743133049e2
257	0.32451363328112571519660059840867519709515874850863426473619e2
258	0.324529049283158062518746899916788141301264305287353623477879e2
259	0.324544349009525235171969477464989636893174116155934153339287e2
260	0.324559533910455442219842043075318495812775769329195346058174e2
261	0.324574605399783652118143457807832445584347122081101140767267e2
262	0.324589564855477789648491866985231990905785360422576252536207e2
263	0.324604413620194947331690502641933128869160538376368313977439e2
264	0.324619153001866450539656255146945115072603491756411352178818e2
265	0.324633784274310537854042548039046709340438041977472391389867e2
266	0.32464830867787134826027107058634246197233594166222222907554e2
267	0.32466272742008284435775420936646564835405386324649973756032e2
268	0.324677041676356245734660156943983755851959468160987115452756e2
269	0.324691252590689498808200334446482413704158677388945472695625e2
270	0.324705361276397268565701554369213938447022798719863741045027e2
271	0.32471936881685990354277616266999834368454205760841727682878e2
272	0.324733276266289797817766496189290015485581454959002388427459e2
273	0.324747084650513552552649446591565280911201614432461554278705e2
274	0.32476079496776832442866639908599131364097929602827979656726e2
275	0.324774408189510738962846975621691915040248578940577030773306e2
276	0.324787925261236742897086160547461720233594373784208554693438e2
277	0.32480134710331077136840921395470402168405371405586752913293e2
278	0.324814674611802612138605352242738542904701394534719484205244e2
279	0.324827908659330360522811522988683235403052553529863660382091e2
280	0.324841050095907874548300450419359281596640041365601979096145e2
281	0.324854099749795160035112571406986834875007219679704750826772e2
282	0.324867058428350139458558480527233196508084880928801323110766e2
283	0.324879926918880286370916304347987338553242930429488975520521e2
284	0.324892705989492638569103108462506891595662034666003157907248e2
285	0.324905396389940737842956906632337037332885481496239687927096e2
286	0.324917998852467081774882678286489319751371395675156794541409e2
287	0.324930514092639713440019537945149166208306942748365613392045e2
288	0.324942942810181617735486535910123874874915823448832805241465e2
289	0.324955285689791638211517220936150715054648586235777548509894e2
290	0.324967543401955675455817970028563903639207793635046048592118e2
291	0.324979716603746977070640514159948084198856189137999522657562e2
292	0.324991805939614379861473857241450311774967477940965838470584e2
293	0.325003812042157416815125822310846039489442453634002359794206e2
294	0.325015735532887254578285875089524452176552615697917577315007e2
295	0.325027577022972481257476232966563892840855829569592296320046e2
296	0.325039337113968819256857838698639602002117468630517254595584e2
297	0.325051016398531893368272583274070990451846671922432628536988e2
298	0.325062615461112240252261559390716091769792761604430972328109e2
299	0.325074134878631801631253694541505278193523900331650867766888e2
300	0.32508557522114119979594554894797879050859271056832810368526e2
301	0.325096937052457150250022789438211204073550873091577647486937e2
302	0.3251082209307794223414019724749395921498694256575052843994e2
303	0.325119427409286814412341520431735967460006312663838578774709e2
304	0.325130557036711665215939007581598716863025880324401761478544e2
305	0.325141610357892477970109641393047806289675875211462582862133e2
306	0.325152587914304287337020548105692443755824002533964428277347e2
307	0.325163490244566452718418607850264967152700730838898802313924e2
308	0.325174317884927613444899226111791893544414428408055386307246e2
309	0.325185071369727592616642651812920496664256016598733470890224e2
310	0.325195751231836086438241722455842758566135723902415481502604e2
311	0.325206358003068024801587786941137583798325994092845021478612e2
312	0.325216892214575536535719859224055235393062530155142592273154e2
313	0.325227354397216499094981724263212103876936735902817742235172e2
314	0.325237745081899697437060330544945252335096341011836186608907e2
315	0.325248064799906660396983891490429255007610079987511415011226e2
316	0.32525831408319028494443922184253977784056022770646666472614e2
317	0.32526849346465039927814325424897937040341176255852313179258e2
318	0.325278603478386454726412804725608451945114697460755751891154e2
319	0.325288644659927573856878715741196132117656087543890075665065e2
320	0.325298617546440218025060549301956399023070632881474972555966e2
321	0.325308522676913771790840828612887986986313075879841699733407e2
322	0.325318360592324374188140592147403993691329459059326442157975e2
323	0.325328131835777357735282174373245170401842674488267892711432e2
324	0.325337836952628685314998272605162327389189628765127453611407e2
325	0.325347476490585802631354661868867893826080682953312035302095e2
326	0.325357050999788349867515531825333813707153761238235954421492e2
327	0.325366561032869200428580463888258788365503757929773301914951e2
328	0.325376007144996317266509611843628623864046362103373021233994e2
329	0.325385389893895938261641106584223463376110570768862033171163e2
330	0.325394709839857621492870024656368418880561753444140420184528e2
331	0.325403967545721698984550278855972353159985596271721852339389e2
332	0.325413163576849703693728053316579810344983425384524973611486e2
333	0.325422298501078349120138749321047469667212611335147750569034e2
334	0.325431372888657654009628548904524238322415444941424613493337e2
335	0.325440387312173816207656084557288266678207772038846340916808e2
336	0.325449342346457449833703786095167755631090219597622946311449e2
337	0.325458238568477808622081657794303937070885553338284091784035e2
338	0.32546707655722362554375755378193772579991138897001476057365e2
339	0.325475856893571204723075746788854299562313005769151032989075e2
340	0.325484580160140406229511879142099364988030505308601455518737e2
341	0.325493246941139167596193011844218307806478078240649703261668e2
342	0.325501857822197207933130740070929697173235135842062843022353e2
343	0.325510413390189561304286180815430180659841823495137666583772e2
344	0.325518914233050585664855089981200279516880271313765150960444e2
345	0.32552736093957909215038121349946004556110053793496685396078e2
346	0.325535754099235236914908718992701003923111746031793952954954e2
347	0.325544094301929814074264644968484006133299575255981836585156e2
348	0.325552382137806583665962638512092378698011131467148077592516e2
349	0.325560618197018262932622865997545972059754923295783755729504e2
350	0.325568803069496802714829918821033775772426997948320105429246e2
351	0.32557693734471856334565982867089795973326905513739270134313e2
352	0.325585021611464996216303996213890553749309073436403662562972e2
353	0.325593056457579428173764971553652828532523282635599450278611e2
354	0.325601042469720536160734544851784772266740333140588914602555e2
355	0.325608980233113089057423031067836236462607443335946900768047e2
356	0.325616870331296522577847457537167442712967998852962362401641e2
357	0.325624713345871901351017055134732743571944790677050851261783e2
358	0.325632509856247810022177957599945508999051172639936580180383e2
359	0.32564026043938570238182564409812892674473524290963795695239e2
360	0.325647965669545224210967274929470192235616266914350472732828e2
361	0.325655626118030011759842404448241911130480801037328569509205e2
362	0.325663242352934453592989598479556091599039256374370803350516e2
363	0.325670814938891888974408779341748157322660409729965545312497e2
364	0.325678344436824701070035864669830813109871421561509892121242e2
365	0.32568583140369674804739307367881301011224018056453347671024e2
366	0.325693276392268559689802505543250824175802810331804230457819e2
367	0.325700679950855711449742092763880900008029560259074217411948e2
368	0.325708042623090771976638164016664531946784049822158996335552e2
369	0.325715364947689204101527713473865345731740908796479820169559e2
370	0.325722647458219583076510148341174800587375902293221101602567e2
371	0.325729890682878479581674010752340837162724094474148677985323e2
372	0.325737095144270338656153304741543780056675592250483618661743e2
373	0.325744261359192669312046726779600406168608411443511460758656e2
374	0.325751389838426843178000374660201718871744253632086077450525e2
375	0.325758481086534784120156042476410404243394870656533204006608e2
376	0.325765535601661814427711152672025138012109886863803537175898e2
377	0.325772553875345906853291517581481753195412024478438277014368e2
378	0.325779536392333575588434095131558568881621453024663973166938e2
379	0.325786483630402623154406364073645901030121568370301937276215e2
380	0.325793396060191944220011616018575471325148596136879653648028e2
381	0.325800274145038571541577925512940418710484124930758051500616e2
382	0.325807118340822133575615695224221337870492733181988933644235e2
383	0.325813929095816877860256646354887776650856086362542740555014e2
384	0.325820706850551399015157818489470769376804203902142663733864e2
385	0.325827452037676195187680942784486678372838745688062909754462e2
386	0.325834165081839161991478380891720090219936334443628829872675e2
387	0.325840846399569118456808342961883971034170792080450159775259e2
388	0.325847496399167445253694993556163924852324118095048776765342e2
389	0.325854115480607901472244292750967343502941988482588048957466e2
390	0.325860704035444672560912431638132037060287430619245836089711e2
391	0.325867262446728688644294402662497328175789634923025553797261e2
392	0.325873791088932239377173711151789411719464738414497478660275e2
393	0.325880290327881898750412250543542768850825811260642351875432e2
394	0.325886760520699760855187382021007231599542499443456385627462e2
395	0.325893202015752975542710990485215949030070392884148257579022e2
396	0.32589961515261156119370774708543592048767375887498828301863e2
397	0.325906000262014460441628763252531550634702312831336751144545e2
398	0.325912357665843793681122597030628558420407222488362584354409e2
399	0.325918687677107254543239139978612800731082613474487248541745e2
400	0.32592499059992858123505721418735532389374419803055796894333e2
401	0.325931266729546027727073166866653614351808471633006179304907e2
402	0.325937516352318749229272910297404380655433678995761776166032e2
403	0.325943739745741007228202114801546439758295293492275434726716e2
404	0.325949937178464090563800639595266306281878032952984794838202e2
405	0.32595610891032584060693618771820421451506812660876513409467e2
406	0.325962255192387660556546119046733143932745782588195923737525e2
407	0.325968376266978881208614635052664483808620535398771912399406e2
408	0.325974472367748348256888741146707491871710192726925955661008e2
409	0.325980543719723089265780757022573266576042295456291312520687e2
410	0.325986590539373911907346825374259177388290174095628676480947e2
411	0.325992613034687778874139885386623628819948575700998972012192e2
412	0.325998611405246799065244585761133666662138240884698303783977e2
413	0.326004585842313669190627400181780622446312932053328564545052e2
414	0.326010536528923394845399904373781538925621121823106893913854e2
415	0.326016463639981115366645149347697050473753219872844378058854e2
416	0.326022367342365852396691507829541256472406050800506228547754e2
417	0.326028247795039998033397512172187562300118669975337125972929e2
418	0.326034105149164354745084182373712403908672771228081264074325e2
419	0.326039939548218535859873695928685139237019184515600112294729e2
420	0.326045751128126532400745997171326242646442199860656701229889e2
421	0.326051540017387249322733276593953020204983118232713240703415e2
422	0.326057306337209811811223809892090454922800193825796585763637e2
423	0.32606305020165344021400936277574064850679259419674346384539e2
424	0.326068771717771690397949873520897326554753778918631642555988e2
425	0.3260744709857608548372257246613485136560974610195006845872e2
426	0.326080148099112318547213104305835532055497099661841192242e2
427	0.326085803144768663069010492717667718813464451447402895963012e2
428	0.326091436203283311077385818304169976706096083623068813210955e2
429	0.326097047348983503822103957471373842680701213367037826150941e2
430	0.326102636650136403511825362210094836574048790879220473591993e2
431	0.326108204169118112903537977848590433311271373450856208362614e2
432	0.326113749962585404761216243548217364042034317678463613845903e2
433	0.326119274081649954487446820280441612649661885791608726787286e2
434	0.326124776572054870103421556529003479996911609309671132283582e2
435	0.326130257474353314848234064808219616401073180185510971787856e2
436	0.32613571682408901898005823217412248965929297807658373114742e2
437	0.32614115465197847888174867875164106100866765999340371264732e2
438	0.326146570984094643293891832949698063687031269486585988509976e2
439	0.326151965842051888411563261314450825322074378256293510071932e2
440	0.326157339243192085679237768845483396706356628685667387252846e2
441	0.32616269120077156839370308679802982500847883607806012651079e2
442	0.326168021724148805669728370514421105730835340587860244509939e2
443	0.326173330818972594929959906357952957940917624815191891574293e2
444	0.326178618487370586841433426460965439095208461977436266320614e2
445	0.326183884728137959528638677009523135706118502650523821817283e2
446	0.326189129536926061939746757427075279529107030388024287019011e2
447	0.326194352906430849420986756568117533053645411259917266808491e2
448	0.32619955482658093785688779679556885924758930987693690690234e2
449	0.326204735284725106153924530910342118379223160421732587963114e2
450	0.326209894265819080374849560836685278938205891068923820044485e2
451	0.326215031752611436463594334197518230628554237197767158873447e2
452	0.32622014772582846222910333892239364733271396178612846459994e2
453	0.326225242164357823073975667207956906178615833544912609279117e2
454	0.326230315045430879853576981072686117111452257111815212600634e2
455	0.326235366344803511226724499530408972158205095173478320636949e2
456	0.326240396036935296903629911903138576012309902461796348930388e2
457	0.32624540409516692230412696844614287886505067459533006506724e2
458	0.326250390491895669303056905670142391309330833891860007328976e2
459	0.326255355198748861953911997647726795199336561297622830855094e2
460	0.326260298186755140340455475095951139039855300197389493816626e2
461	0.326265219426513440003191301055504655164562787680720583373481e2
462	0.326270118888359558717534905732172713907965117867353216621169e2
463	0.326274996542530196757761561129190937777341344723375851036101e2
464	0.326279852359324361159850427282743097810802367105179237713391e2
465	0.326284686309262028891910885413024402601589116653657149209917e2
466	0.326289498363239968247829901961575034525467310772461162708136e2
467	0.326294288492684622193116983699323544280526890218941049729348e2
468	0.326299056669701961806795516887030958477945367812520398240816e2
469	0.326303802867224222374891795164857267920299621832785632877819e2
470	0.326308527059153439095049171591368917880366765003682379895173e2
471	0.326313229220501703743635488683017228558121774017043856830531e2
472	0.326317909327528068032155808392447789698008847346412529857825e2
473	0.326322567357872023734715424013436113601784459166131202781389e2
474	0.326327203290683493998733127663192121816975872072240036099805e2
475	0.326331817106749274553261121992590062783607654770676413982743e2
476	0.326336408788615867799450946923620715551292232467471840040774e2
477	0.326340978320708657002384390153228198271667522463376828012796e2
478	0.326345525689447371999278530121674866588563029206523069243486e2
479	0.32635005088335780199273158584717068280950466422336714641507e2
480	0.326354553893179715106099434758754110251884663379459333477604e2
481	0.3263590347119709484383200092994909948571891679272049522797e2
482	0.32636349333520763636471150681937526261833128402152537802597e2
483	0.32636792976088054878577478255121453140226752387623790028131e2
484	0.326372343989587514925280223374466710194768471755368268818337e2
485	0.326376736024621912119498269664791920488203517783569528851355e2
486	0.326381105872057202819055817834860503520310026632442392961377e2
487	0.326385453540827506741413111982542080009814650553279748559498e2
488	0.326389779042804198763330375112020139335381049003177905479768e2
489	0.326394082392868526727029045555491449264356502392577534334232e2
490	0.326398363608980246849271376098331136528551527684222524126243e2
491	0.326402622712242277867628008456907013095606790759739591409078e2
492	0.326406859726961378431238755647852717375902614688089949961987e2
493	0.326411074680704855542976808413923766450466559365399454940474e2
494	0.326415267604353315084794963772623711504786057325161184490064e2
495	0.326419438532149468606970322062539903983420755041776916089151e2
496	0.326423587501743013633886877838009363630085289801281597706473e2
497	0.326427714554231607732926331304410278056398480092808957138864e2
498	0.326431819734197959508103694077384930493614619362472862145322e2
499	0.326435903089743062515515392131194241913736674833600513211042e2
500	0.326439964672515600852792690927586453117280275035218882598405e2
501	0.326444004537737557848998515189599372835841843733907643411404e2
502	0.32644802274422606187429169663710170615486688755386111639878e2
503	0.326452019354411505799821826937138908998523023836672733120396e2
504	0.326455994434351979067411992200553165608107633969263166034574e2
505	0.326459948053744053675424212551305638788516940307602194728603e2
506	0.32646388028592996765165603894637513031110100692406034944375e2
507	0.326467791207901251766140666447943413339412361027243692195316e2
508	0.326471680900298847336350298753597436438421544983409036584672e2
509	0.32647554944740976499464296531292764208927021063766483341973e2
510	0.326479396937160336223030054723854050638193636717769068592555e2
511	0.32648322346110611131373033825984717589578052470361717117168e2
512	0.326487029114418459185839894988497866885425821591116897142829e2
513	0.326490813995867926179176121425754503154660126353897950550091e2
514	0.326494578207804412556401766670930857129751134510933538365656e2
515	0.3264983218561342269744169191115190256720303982338811249384e2
516	0.326502045050294080636297277562694428182761237908162169438618e2
517	0.326505747903222084206386608157038018275303516177327404611066e2
518	0.326509430531325811864204923123313904811097840463842226010917e2
519	0.326513093054447498088348336149339333869992415843457851812775e2
520	0.326516735595826433900317959649427327825183319007789019982453e2
521	0.326520358282058630361057021190574255627031139257881169796343e2
522	0.326523961243053818100775942469176883373159505329357185183986e2
523	0.326527544611989852576325517831780621195291739341078821077585e2
524	0.326531108525264595590900155725995518255246135685105848071089e2
525	0.326534653122445344379216390698375497784609277608983029613583e2
526	0.32653817854621588025855278487412642103772957916343954508101e2
527	0.326541684942321209473226351819857790361924764449003600172474e2
528	0.326545172459510069418320334637595632127489159075723630811712e2
529	0.326548641249475273918901282631560933857578998156316938139874e2
530	0.326552091466791971664730810771869387362291974857645732842664e2
531	0.326555523268853892258776371711529546146510850810134712366584e2
532	0.326558936815807654631867383655211229734499045136046523734604e2
533	0.326562332270485212806862246001913224961231289121491107993504e2
534	0.326565709798334514164942992036156610698066122715701948792011e2
535	0.326569069567348445475411417630175778856592046012745400987947e2
536	0.326572411747992141999914605622344074232176702335974790058928e2
537	0.326575736513128734973685558008639085637663171727020521810651e2
538	0.326579044037943612701466844147119304636112507496961109223501e2
539	0.326582334499867270385624846766591160169489197628046750371306e2
540	0.32658560807849682362990324784463749069813329810043243895589e2
541	0.326588864955516260335660082879429095468553455120089121315512e2
542	0.326592105314615505429644111650610287334498332158380344958494e2
543	0.326595329341408372534760959501221048079062765907286443069721e2
544	0.326598537223349476319230095630904834656891146745309857706372e2
545	0.326601729149650178836416582976687772356107400162734820990613e2
546	0.326604905311193642698815439321249575101060244562803667013156e2
547	0.32660806590044906341655134917787679150514175980615547843707e2
548	0.326611211111385152674712280102730428261852795253333204091129e2
549	0.326614341139382943726240991524644252694387683338396176432711e2
550	0.326617456181147989439339837233900326937960199634202965866278e2
551	0.326620556434622022861774569690466161227941865308347317214647e2
552	0.326623642098894149450460471914798230505991149342767821905082e2
553	0.326626713374111639364641971755941695788175182201505466117002e2
554	0.326629770461390387436191340179659197894623749964471545490178e2
555	0.32663281356272510761240211099617304308111684993518181910793e2
556	0.32663584288089932781647911655371504381463378181319586425112e2
557	0.32663885861939525029006093948482321229418767396576302429037e2
558	0.326641860982303541571873526236695186652416551564365670442219e2
559	0.326644850174233115328316255567432583035266748220482255295273e2
560	0.326647826400220970286722877102051513777033633017710454582435e2
561	0.326650789865642144531506090528297538278905327137532531152155e2
562	0.32665374077611984640865978027246532457876864115151919213437e2
563	0.326656679337435821246417047962786516437446086201738103117818e2
564	0.326659605755441012040490905391974698567477443346718456148084e2
565	0.326662520235966571172488637429077942613330801623520714667104e2
566	0.326665422984735279131005814536365785965416142213686101282394e2
567	0.326668314207273425087771160225127291196630106605760244819349e2
568	0.326671194108823203047211928396972879585945091006306800458291e2
569	0.326674062894255676138107155378999477325168930349699865221737e2
570	0.326676920767984360451741786311635384616177744939927619010755e2
571	0.326679767933879478653299117661982346586236477502776821450114e2
572	0.326682604595182932403244963829005305034174221664327029174246e2
573	0.326685430954424041424258641695760027738895959596042350163708e2
574	0.326688247213336095837928617850951670701802747398892938575528e2
575	0.326691053572773767175010670829575881093587201268923580923158e2
576	0.326693850232631422234580445544235006750706296568800366407027e2
577	0.32669663739176238273191739501191856722594781271527192539012e2
578	0.326699415247899172433430477793786905194509093664353487640315e2
579	0.326702183997574792230354651144061206131351928941528140203409e2
580	0.326704943836045062352267910242306455668904114082109244771357e2
581	0.326707694957212069667637650402034369497038577889961203245092e2
582	0.326710437553548756762518146616169533941006596104822003741774e2
583	0.326713171816024688231082907029898796708614667918630849096886e2
584	0.326715897934033028353760698535784934469404618901247325023915e2
585	0.326718616095318763081205400510918579598086884858316849759525e2
586	0.326721326485908197985999796309366730429381140830046335363505e2
587	0.326724029290039762589683242631727646358941747332209519869351e2
588	0.326726724690096150221193123789917231512722102472939196207994e2
589	0.326729412866537821314889332936483068884764101048476268669408e2
590	0.32673209399783789681273794021965613046416153987877988431086e2
591	0.326734768260418467096691932866235443820261496942413708613812e2
592	0.326737435828588340644529720527766251697430443698109365212393e2
593	0.326740096874482255376081375990247481979069274845204290764766e2
594	0.326742751568001574437552892231084063920132181211406070877253e2
595	0.326745400076756486960193913444178681643024620118197980515592e2
596	0.326748042566009733126467636335132983740701849759027547105129e2
597	0.326750679198621871682775551144691471343083940782947252965995e2
598	0.326753310134998106853246671804714365238031463334171927219236e2
599	0.326755935533036690434682899052644656614725519770069995563167e2
600	0.326758555548078913689001059010997047634052652378925531301212e2
601	0.326761170332860702496949892031420166264869250714583556745066e2
602	0.326763780037465828096008969163704499126783249734603338122168e2
603	0.326766384809280744596678707909503190145189191136489496407738e2
604	0.326768984792951063355309438072687156760748278850120059127586e2
605	0.32677158013033967317863669296437355247439886034948794550871e2
606	0.326774170960486514245714402818819358658900433086891120652677e2
607	0.326776757419570012557373461357489173039722819714835110012084e2
608	0.32677933964087018066206764139781880376408822086072350822226e2
609	0.326781917754733389360371099405088115291490807848725577898174e2
610	0.326784491888538814058812643271483475400219025094020430686499e2
611	0.326787062166666558427504556599586753453968364819434056635375e2
612	0.32678962871046745701546343908623923806404714868059898290301e2
613	0.32679219163823455749292519859265751728099725210241298737812e2
614	0.326794751065176282221606834401025116708276202770294112701234e2
615	0.326797307103391267902027918218356090394495195389865654901423e2
616	0.326799859861844881111922027371480475250807718720936348207194e2
617	0.326802409446347406631673783036664567826441577173447480975077e2
618	0.326804955959533904551825490278578185427959207051251751275974e2
619	0.326807499500845731274207763185178442678239946099041127037038e2
620	0.326810040166513718652344526364727881663258063645619753880129e2
621	0.326812578049543004668632756826840854740635512127796949519572e2
622	0.326815113239699508215554660590557997213922357796486867791388e2
623	0.32681764582349803973598339576302078295618510680212567897305e2
624	0.326820175884192038683617313693005779344909812330163346251204e2
625	0.32682270350176492798883226413580534421467790823182781650429e2
626	0.32682522875292307495787327993040149030513394012757890444077e2
627	0.3268277517110903472943989042098889482843947873174359989915e2
628	0.32683027244640425221201332738461608136316118203117908915123e2
629	0.326832791025713645904630231474765291528686108498998940771156e2
630	0.326835307512577999958352050945915717248853085399810544584232e2
631	0.326837821967268210624051188000889121529254042485732393354613e2
632	0.326840334446768936224025478231193094556945410096161381988684e2
633	0.326842845004782447338977072292313491941820653794892072608733e2
634	0.326845353691733973813128628526522598046689575614961728706967e2
635	0.326847860554778532025528906530474365688812851435240321790718e2
636	0.32685036563780921530448627021653052665417047799393629472983e2
637	0.326852868981466929809567451615481769139863781427342420594659e2
638	0.326855370623151557671664127607380872191701812578649670056961e2
639	0.326857870597034528666205377477951058413382208713752387768716e2
640	0.32686036893407278119761418609742670843151365332117314872854e2
641	0.32686286566202409289449569763643099757838508540546169753456e2
642	0.326865360805463760654719649571364188583509800357741376414746e2
643	0.326867854385802609537426229114039151762652604665462855382776e2
644	0.326870346421306309474941837980633298582516959666985187464766e2
645	0.326872836927115978371528988911413061524188791971994028132512e2
646	0.326875325915270049767694844387961834610162168254775684932917e2
647	0.326877813394727382878320066426255231052739591120567481815299e2
648	0.326880299371391592460010533952361567756265050364194046846647e2
649	0.326882783848136575627678762018501025846745603364635506605897e2
650	0.326885266824833212422282253398238632801324662313611408577404e2
651	0.326887748298377216630728585237388945601263303452225987756364e2
652	0.326890228262718113075041426106857462004796496995747917576206e2
653	0.326892706708889317320801379366620664348932698829669905069238e2
654	0.326895183625039293504458139422635126345414098030152651586075e2
655	0.326897658996463765745177854237184664238629308051298668012127e2
656	0.326900132805638958389258325728720355154817819872682833786241e2
657	0.326902605032255840133626096493089821566715007682131723650249e2
658	0.326905075653255346889329984054385917730629054499897185305517e2
659	0.326907544642864558076066955821877201619597320127903783440872e2
660	0.326910011972633800884415649826723005410428722116452317973816e2
661	0.326912477611474656903403364589435325829450186287581654619389e2
662	0.32691494152569884538708298285092405628047908012723105808017e2
663	0.326917403679057957324732286277556596358779501460785632061282e2
664	0.326919864032784014384891117873368221346847404647706794867328e2
665	0.326922322545630826723500153768033937536363974074485549252019e2
666	0.326924779173916123580673805884556071710184372034649645306849e2
667	0.326927233871564430538901198751249640686150717936875976925406e2
668	0.326929686590150667277492713988738083089605241983010004051076e2
669	0.326932137278944439633642199206651374572680120206260439102893e2
670	0.326934585884954999769321170935598216312719955836139379611417e2
671	0.326937032352976848245123623484860509584808592975372279505191e2
672	0.32693947662563595181689883665087523980214159862853033558656e2
673	0.326941918643436550798303517025566377398385597908484455073246e2
674	0.326944358344808529872030763968576936799266907565457365104047e2
675	0.326946795666155326284187342698767992378253673112833393246329e2
676	0.326949230541902349419846932245972252580811683390028060016174e2
677	0.326951662904545885832958659736535352403802838550783837808774e2
678	0.326954092684702463890289668616390584336627713188819992165172e2
679	0.326956519811158652286679260127776293713777076838522913420309e2
680	0.326958944210921266797331243089111906844252023569066324786518e2
681	0.326961365809267959751921012696051964772698369835520544510933e2
682	0.326963784529798166844694726492481501980110728477946207308329e2
683	0.326966200294484386034239757267597679840312292228650875855123e2
684	0.326968613023723763435958352352228338679130597362863463313482e2
685	0.326971022636389961269230199276997291008354878400460266325462e2
686	0.326973429049885283089554713925166652781112558448899064014064e2
687	0.326975832180193031713371026163885751821381423389266448589079e2
688	0.326978231941930075429514034764988368826546136257106653324323e2
689	0.326980628248399598286130354413816797621515782801440284544447e2
690	0.326983021011644010445101038832415188689444953768831286235611e2
691	0.326985410142497994807352046949138817014820937444729796693102e2
692	0.326987795550641666331632902366952353490502967753189903639843e2
693	0.326990177144653820696164334613738686716574687509668690478748e2
694	0.326992554832065249186753519069165222208075025954302851110614e2
695	0.326994928519412096936308768699777099458551542341134761632704e2
696	0.326997298112289241888913473049981197749331362683052709701545e2
697	0.326999663515403672116502502088815970555279288893975746178312e2
698	0.327002024632627839377485535365575385270964513352177407759751e2
699	0.327004381367052967074144836802694106173008078542910108546596e2
700	0.327006733621042291039065609266151603198099144086479265524218e2
701	0.327009081296284211860002790275445925776691903204664290443246e2
702	0.327011424293845337737218451717369444973691203091160067486926e2
703	0.32701376251422339715721028023098554170485110099999195456962e2
704	0.327016095857400000961667428918257920765697815974025403060459e2
705	0.327018424222893233690210952666440677507831694536090694068039e2
706	0.327020747509810054379779862446823448279434143201070931653058e2
707	0.327023065616898487312190602480600504432631106159137386608667e2
708	0.327025378442599583514209823332186162337279003758074318788724e2
709	0.327027685885099134131222418375016784245201321522490096203047e2
710	0.327029987842379117116036060035258961280775865070480639569883e2
711	0.327032284212268858998329542594617551985051400783580531582197e2
712	0.327034574892495893827517264458785019317287772302665402130206e2
713	0.327036859780736501712160893888474852411638317588353094586038e2
714	0.327039138774665909712309007147828823476508023320348816610381e2
715	0.327041411772008138177086277711173639262666901098987594236032e2
716	0.327043678670585475958288342187888402056403476282238605760529e2
717	0.327045939368367568271472224669648617563791099438838859253587e2
718	0.32704819376352010131887339200997989137299905655764984619446e2
719	0.327050441754453068133240170499443474260398468401659548918987e2
720	0.32705268323986860044816824884995631856571413291271928668304e2
721	0.327054918118808351748559057721522828103197374016514076908068e2
722	0.327057146290700417004235577468714349455820121994294477538901e2
723	0.327059367655405774940350123191221744353258150023950714439641e2
724	0.327061582113264239049836365558131446091897838326666575301463e2
725	0.327063789565139903905620698961581823821169044548365217832279e2
726	0.327065989912466073683447470285426404648681726754443033636532e2
727	0.327068183057289660159822925656704050839503860680716397310451e2
728	0.327070368902315037803581415075303624985243729162628587496667e2
729	0.32707254735094734393376482601008522210816817555541165841339e2
730	0.327074718307335212270725831163199632288690584758505362962621e2
731	0.327076881676412928561463799050162476390091020112565280694104e2
732	0.327079037363941997314028633767458122149900537622669204032282e2
733	0.327081185276552109029234930481793906523682651932116042863812e2
734	0.327083325321781497670772250173751438947941871152425862770219e2
735	0.327085457408116678466935673054010695733659360726138670306707e2
736	0.327087581445031556488495774391849613354910189184077482193998e2
737	0.32708969734302589679754351462309799469334889168897551502908e2
738	0.327091805013663147311351025568206817960000900887696606070805e2
739	0.327093904369607605873254722480428026574649914203312359808225e2
740	0.327095995324660923369166425610058650659126001342504517662555e2
741	0.327098077793797935073428107868856890513710642921977719317502e2
742	0.32710015169320181275122638589676744462578016218788195831061e2
743	0.327102216940298530386556835341790689170084507234394528604539e2
744	0.327104273453790636744661527331548760883152591443432029804164e2
745	0.327106321153690328315844724324933327310656903311664994692635e2
746	0.327108359961351816523493281140679658340834506848543852702437e2
747	0.327110389799502983412884766635205674029433726593394498787531e2
748	0.327112410592276320368855387480902523706593945216134363391391e2
749	0.327114422265239144739522113793327034690494339543835356178189e2
750	0.327116424745423089569912536967599300860311122022313403518851e2
751	0.32711841796135286197345837821815043144742609982462572931599e2
752	0.327120401843074265990763522683960769638439342980223548898309e2
753	0.327122376322181486103777134172612039606015278251359052845119e2
754	0.327124341331843627889401788702027112361804703998898620190886e2
755	0.327126296806830512609563431104522624828656848290669975325283e2
756	0.327128242683537722844784866237507328865522318727000563124122e2
757	0.327130178900010896585260757087494179036055734332802107101445e2
758	0.327132105395969267497255758075799019695253604904515456141821e2
759	0.327134022112828449383267209211377735523413298951171655192059e2
760	0.327135928993722463151741179664531229019708999402770218727985e2
761	0.327137825983525004906139653751030768374874774688667369784787e2
762	0.32713971302886995405376399850753155402812160441116233569229e2
763	0.327141590078171120621884836876623157913244173406873911998205e2
764	0.327143457081641231252352939097218703602737020755896925497749e2
765	0.327145313991310153625914141648014583123642468484482499130308e2
766	0.327147160761042359343870522418212029226499159065427743799873e2
767	0.327148997346553625567469497202404049511251295901552042480868e2
768	0.327150823705426975984414000496719193732026522240200871221433e2
769	0.327152639797127861937124736415533055747177786246453985097842e2
770	0.327154445583018584808806284916585990972065611791857902157379e2
771	0.327156241026371961020931632595337672320865671462714414192288e2
772	0.327158026092384231249425799095589300161174751928260285049258e2
773	0.327159800748187215716562275425644112990562838642489305025851e2
774	0.327161564962859717661351865258485670766539684941055609822435e2
775	0.327163318707438177332970338417364805074810235038379811109398e2
776	0.327165061954926579089509375791406211087595659274592858285892e2
777	0.327166794680305614418017077158428235188655814040646052917674e2
778	0.327168516860541103921394416448328276589286326514065237604286e2
779	0.327170228474591681543209156363462303488146807549900622976321e2
780	0.327171929503415744522857630700741438751716863504893944716241e2
781	0.327173619929977672790728250334749651616518268260515095783618e2
782	0.327175299739253321726081363275279865913280864431122402354904e2
783	0.327176968918234792409242935661763499716786436932524090285708e2
784	0.327178627455934483704401079568264932788762064893297135039231e2
785	0.327180275343388430709783286891708581095851837208820527454931e2
786	0.327181912573658934308268745269047193002756918637207110939553e2
787	0.327183539141836486743546543637315771174571400840172136450726e2
788	0.327185155045040998334760942033387426167064639229061426984275e2
789	0.327186760282422330626184957214177859226649842524015204164647e2
790	0.327188354855160141447830797506232354779419354350620373289137e2
791	0.327189938766463047538039347792295843021753817176838709374991e2
792	0.327191512021567110549991791398464304246790297804129881381897e2
793	0.327193074627733652430757010349746652755284431083119031174223e2
794	0.327194626594246406323932663332548311214991617584816899967034e2
795	0.327196167932408009305161386001960752186839272636313448923419e2
796	0.327197698655535843413813491429386518680837318584537194021569e2
797	0.327199218778957231593932452441558482551982455713155247067354e2
798	0.327200728320003995303149354279470853320094930431422280894918e2
799	0.327202227298006380689698862931661940658963853592159837617356e2
800	0.327203715734286360374924891572943728104640327726416947625303e2
801	0.327205193652150318011763243984646009618816967180508574118155e2
802	0.327206661076881122918646565295309338214904466930356250179473e2
803	0.327208118035729602213110716247232460840850137110221443889652e2
804	0.327209564557905417990109238087815646910707493710850020901209e2
805	0.327211000674567357206683140675162743527309163205760149223098e2
806	0.327212426418813042047207262916377257056924156585068173053979e2
807	0.327213841825668068651963513687781362982330530558602598223713e2
808	0.327215246932074582196298117788375479593064687591208015559217e2
809	0.327216641776879296408128372153069925418115691165421902051932e2
810	0.327218026400820965708099230310926075418845078043553901114001e2
811	0.327219400846517318249277175768398485640834916554988865302744e2
812	0.327220765158451458221935214921457395882178927616524780301503e2
813	0.32722211938295774587375628365703180214306617568950807240968e2
814	0.327223463568207163776691724455526994114168561699966015791099e2
815	0.327224797764192177948786467305382615906613562840231629226682e2
816	0.327226122022711102512553732654889242516402941447387626172824e2
817	0.327227436397351976640980913155919341315277317289698102380718e2
818	0.32722874094347596260800705005247316772311753900015055913747e2
819	0.327230035718200273822364059868114786675925010378659147188625e2
820	0.327231320780380641782052412603506806700057485650498704889517e2
821	0.327232596190593330941461875994602694647674170517001036371811e2
822	0.327233862011116710534284492877631420500419671021372609959553e2
823	0.327235118305912392442936103779304077150973267081880102927199e2
824	0.327236365140605944249241072993370397665933600536984600850459e2
825	0.327237602582467186641679660542817250817034962417986243462758e2
826	0.327238830700390084391586543610003878720483302601822652350005e2
827	0.327240049564872240144360744449254076560472604394277237245461e2
828	0.327241259247994000302040633208531129122023189217029245529434e2
829	0.32724245982339718230055223445012187949772811879854167009505e2
830	0.327243651366263432608594766746569951440566711895250332642787e2
831	0.327244833953292224795524652517175994869894128848141731776642e2
832	0.327246007662678507032779068706831449055025463417659683967134e2
833	0.327247172574090008407383814010351256317524508632289541206497e2
834	0.327248328768644213436959595163185385135789633203079270386613e2
835	0.32724947632888501418341791425338087234253200159636691358019e2
836	0.327250615338759049367265059978415087320120762177626100863759e2
837	0.327251745883591739886153092736980077232585690048435784467537e2
838	0.32725286805006303014007330430012622937833846065876879386909e2
839	0.327253981926182844561423857105811803901279472445725155288863e2
840	0.327255087601266268741142865788387495930815860207459630437049e2
841	0.327256185165908464532225023433274352950728857851008289263207e2
842	0.327257274711959328499278174815139110218208713101543291849445e2
843	0.327258356332497903067370384319701420509812385219192049752687e2
844	0.327259430121806549705312611385201071938948039365727176048666e2
845	0.327260496175344893457761833772295654189826604581430346540446e2
846	0.327261554589723548117159240789481303762173590511394509571543e2
847	0.327262605462677631300582977239205393113128409472167692637795e2
848	0.327263648893040078668139988702025989695695546285827379606652e2
849	0.327264684980714766488592027966033879743709941886288685615307e2
850	0.327265713826649451724552134951303977841960329442062943056737e2
851	0.327266735532808538773845260795099349957914388541512476457964e2
852	0.327267750202145681965545574544268286592717659175800613534783e2
853	0.327268757938576232868828796322941031081918140626760911887175e2
854	0.327269758846949541430156080129166163606049289607828510632633e2
855	0.327270753033021119909481950741121971098716936398175162257571e2
856	0.327271740603424678539197986966502107227667242298082090921876e2
857	0.327272721665644041780431702833691049216960878701913142185635e2
858	0.327273696327984954000161720223211438314199799473154683342023e2
859	0.3272746646995467833394310928057161186382851803762244723911e2
860	0.327275626890194132487785690541707486418306466494134249572776e2
861	0.327276583010528365021978947525416830684004258172244897919416e2
862	0.327277533171859055908012963577771451247247920132830059929877e2
863	0.327278477486175374704773757112728544860043576886588784075465e2
864	0.327279416066117409944910081195705058014186994053659731255325e2
865	0.327280349024947443104245173793549572528714926223323374254406e2
866	0.327281276476521180504943491604633503013081662752870364633712e2
867	0.327282198535258951429924074285458237042224729600422321144948e2
868	0.327283115316116880656662715408584090311847103409708204434998e2
869	0.327284026934558043547600392996277836565641079832786175396982e2
870	0.327284933506523611761919041562098922948432649676639129059797e2
871	0.327285835148403997579501114677778266238993841133436150420572e2
872	0.327286731977010004752499646866700036263066312339424872792562e2
873	0.327287624109543993723153589844259701218148041456957606742689e2
874	0.327288511663571068968331733601206853045043723290330005447838e2
875	0.327289394756990296151819929813022622116791171162798121168485e2
876	0.327290273508005956684622745882248414524947867824267633211124e2
877	0.327291148035098847211573945907451835625691128202219953404276e2
878	0.327292018456997631459381885563027796788342529273240108394783e2
879	0.327292884892650251796917290521585584986752633998682218041426e2
880	0.327293747461195407773122927398216080962595289944156123542189e2
881	0.327294606281934108811428024529555929641565563333678564506464e2
882	0.327295461474301308152025289375932278523206013666864833749429e2
883	0.327296313157837625044855004573248928935710573266918356107123e2
884	0.327297161452161162106678635611754355657336247001055939299472e2
885	0.327298006476939424665252978183347562470718099511696370320663e2
886	0.327298848351861348822374092656784108394071375517438418429071e2
887	0.32729968719660944487548674262771799199598956899447305026536e2
888	0.327300523130832062644688039134913101674254660129733535423156e2
889	0.327301356274115785158331390534168466162609028838445295003842e2
890	0.327302186745957957056096196675795639166766868201091895773388e2
891	0.327303014665739353973367153966682717671734237099813881661814e2
892	0.327303840152696999075101321537217747049840186200619407489418e2
893	0.327304663325897132811087616998862760281137604232620870364812e2
894	0.327305484304208341867658149925571838447765829478281087693613e2
895	0.327306303206274853193529352372743701338300205396717865089463e2
896	0.327307120150489998879568417794512531487998962628032580239629e2
897	0.327307935254969857573931897157385449650229778367851116653173e2
898	0.327308748637527078015242799814033604620077895119806985825075e2
899	0.327309560415644890167294170587953827830767441108679178555116e2
900	0.327310370706451309339224411823668815278529383465394636889899e2
901	0.327311179626693538575235719533770168223629907894864982198821e2
902	0.327311987292712574497754614298503082904385735417049389074925e2
903	0.327312793820418021687494953999882557654880453871986775639687e2
904	0.327313599325263120583210873689806341884569904662549972208288e2
905	0.327314403922219993783051235573788220429162877749402838822729e2
906	0.327315207725755115528379385535071270621720072191681826355078e2
907	0.327316010849805009049732864771749777781808298211722363143437e2
908	0.327316813407752176353297343770661918264471639183964143257825e2
909	0.327317615512401264924887122036072043678837270965618204555966e2
910	0.327318417275955475726990323572116822268293158853198414778727e2
911	0.32731921880999321676297922846777975383327395165902519123538e2
912	0.327320020225445006381133387876415748323174828869033104560518e2
913	0.327320821632570630389703204555379716928637286542362386907278e2
914	0.327321623140936556952882013016203246337909707633402372783475e2
915	0.327322424859393613136282408448579180720797400772993923895948e2
916	0.327323226896054926869354254821244789822510052854276799296212e2
917	0.327324029358274137991163609210910479796128689659211419749087e2
918	0.327324832352623881945099446978914015563011591919039209263076e2
919	0.327325635984874549587413832642604968995661654626030349813569e2
920	0.327326440359973326474055882276889908729835440378408319506998e2
921	0.327327245582023514890054889774867641542889916289021519160069e2
922	0.327328051754264141785767283094950810941160160760110359214449e2
923	0.327328858979049855684649137128857130865261428755179437264998e2
924	0.327329667357831115527873854725681125426271288130088779552294e2
925	0.327330476991134674322105953474439289040758159403497983933515e2
926	0.32733128797854436035808883987042155026275293768912188503521e2
927	0.327332100418682158669428752326629269214246481821200770927382e2
928	0.32733291440918959530308001023486213030170144945696011712258e2
929	0.327333730046709426875579181547590438814791508625057882438184e2
930	0.327334547426867637792058204676147411127584101155828210969162e2
931	0.327335366644255747408508866842544892962454662959260424702668e2
932	0.327336187792413429321692913378984816657547099724824481240146e2
933	0.327337010963811444875512573593476041681751282921738121683454e2
934	0.327337836249834892877594143037217625399527158722653786800505e2
935	0.327338663740766777425310737133739838201600732071461657367786e2
936	0.327339493525771895646497280475686754342521939189088794562276e2
937	0.32734032569288104706670865058162231271702647577056928059841e2
938	0.327341160328975566222057665250247557485552059402347616509268e2
939	0.327341997519772180044459881651395398888316896206072267321668e2
940	0.327342837349808191454523140197636417925470335508434782859962e2
941	0.327343679902426990506367201188533876674608468200502921910985e2
942	0.32734452525976389433835804077683020357036735793473814780837e2
943	0.327345373502732317094107340566918280230693779873972094891754e2
944	0.32734622471101027088913496242517377563812243929813771858299e2
945	0.327347078963027198810334884625173063738189827167267824906623e2
946	0.327347936335951140847836925318259439667415351591512813641571e2
947	0.327348796905676233572030935734082191532056752807217035686132e2
948	0.32734966074681054428242995582657288680480052133477453904122e2
949	0.327350527932664240269706645782409937071741570712382142418481e2
950	0.327351398535238093747655306616779174703842227035997065457499e2
951	0.327352272625212322928021766067262022757718236386018050541092e2
952	0.327353150271935769628116734780913702887469718315151113896951e2
953	0.327354031543415413718895956784631768188893004873816710544322e2
954	0.327354916506306224639763236936319925694931369545067769493938e2
955	0.327355805225901350125740504410291291418913559088879419142396e2
956	0.327356697766122642212862375038498891246800819562007022841648e2
957	0.327357594189511520508700751538773817349204057609431448021981e2
958	0.327358494557220172636817033088325007814847729603897519453521e2
959	0.327359398929003091686684320390478811239158746750458385276375e2
960	0.3273603073632089504242280712108336776992112088726845156081e2
961	0.327361219916772811942609105630890860648428069887242716817407e2
962	0.32736213664520867635822545435146239507560356600221128210145e2
963	0.327363057602602363083146718374370555687988524884120626114352e2
964	0.327363982841604728132323455828805892310510452883597621638205e2
965	0.327364912413425215851941387276805481545687774516387071442188e2
966	0.327365846367825744384222338135075478596823977961134709722114e2
967	0.327366784753114924113816911191209992534810318787460100764107e2
968	0.327367727616142608271693674381306063703114977574476468998721e2
969	0.327368675002294774804111609180290336777968235180498025083898e2
970	0.327369626955488738546871826472132133695039328543743610326381e2
971	0.32737058351816869267858594001092601465858404123694320023698e2
972	0.327371544731301578361176503901501040417824352279544652931991e2
973	0.327372510634373281411243776120872179920049098154125633870524e2
974	0.327373481265385154782296669946380758199165606587097856722918e2
975	0.327374456660850865575157706939377377455984230430581212429384e2
976	0.327375436855793565232115403196937566672762701789157897714527e2
977	0.327376421883743381509615829882370102760600204729731002411234e2
978	0.32737741177673523076446082910936217174255400955040830552842e2
979	0.327378406565306949029615995165847637875846278241260037567997e2
980	0.32737940627849774029782922943286511274436522288480391905632e2
981	0.327380410943846940374322352305247742403892362059753661757143e2
982	0.327381420587393094603845544580990438289591386921631392801575e2
983	0.327382435233673347722378666272474370848128972716662764549397e2
984	0.327383454905723144029725873206597328277489426444335622304723e2
985	0.327384479625076236026181274198130433155944628451315689442022e2
986	0.327385509411764999604344243541926681250256615132287905775708e2
987	0.327386544284321053836033775068006882514226579746635739550852e2
988	0.327387584259776183344092039468645060185253579533779405042476e2
989	0.327388629353663561199677948883942236708126720789128413383391e2
990	0.327389679580019270237431667057238263541726710764581518603135e2
991	0.327390734951384120633640021335800665379081244134922224756158e2
992	0.327391795478805761546249836302808493525578921757790403268473e2
993	0.32739286117184108457026025405666730434944483050678044885233e2
994	0.327393932038558916717674847482113471307057865471133393250611e2
995	0.32739500808554300058780826679890855906154263735012094338528e2
996	0.327396089317895259351318568796068533379549574976203917572437e2
997	0.327397175739239344129873334988946334427145079117524685758562e2
998	0.327398267351724461312853055849733350674962145669664593309961e2
999	0.327399364156029477312946707363218812734558184594314307841748e2
1000	0.327400466151367298223899439142692961058444769403387224206704e2
1001	0.32740157333548952180602810133510108208640599193216559147288e2
1002	0.327402685704691359188424040944253126073716694086104389692007e2
1003	0.327403803253816823641011090476935800929469284471122256588867e2
1004	0.327404925976264183734816663309933643705203334932743608827611e2
1005	0.327406053863991678174941891871208430887413725338719820440194e2
1006	0.327407186907523489557779152009507660568295174871391232380831e2
1007	0.327408325095955974272018293310001892994492570719061266186362e2
1008	0.327409468416964145731902455961563990293943591808328322319813e2
1009	0.32741061685680840810103635099350885410490252396754785712699e2
1010	0.327411770400341537635810002381587228821840802140011001701645e2
1011	0.327412929031015908749174729632410918681933832630782906142414e2
1012	0.327414092730890961868090967424452880021422099843102057901087e2
1013	0.327415261480640910131454604217414481873001377093563807654455e2
1014	0.327416435259562681949694957591886486109306421509166748365082e2
1015	0.327417614045584096422518230794994104841380737805219464050207e2
1016	0.327418797815272268587440113610597885177386045189305018420122e2
1017	0.327419986543842241448804766525337337683612410309940080919142e2
1018	0.327421180205165841714919293190600076265336859796164015442939e2
1019	0.327422378771780756149737366480428911621486144866531251962348e2
1020	0.327423582214899825425197206656122937368214022487609555018749e2
1021	0.327424790504420552340851772842108922913573545126466580504838e2
1022	0.327426003608934821258816859059099220958470905841160567946461e2
1023	0.32742722149573882558429970593749814265415058760946300364665e2
1024	0.327428444130843200105050559359768891891584076138274560147162e2
1025	0.327429671478983354986996029266470109998532826233636619277183e2
1026	0.327430903503630008208059721759568001774160329206952069316846e2
1027	0.32743214016699991319774592915538126959568988390235632023827e2
1028	0.327433381430066778436449560322195470201606613493542289846179e2
1029	0.327434627252572375755653276017649158036489815375538955000935e2
1030	0.327435877593037834068174166662734934019803170274834344208815e2
1031	0.327437132408775115246420388898169115357032846177881243509156e2
1032	0.32743839165589866885620599147073403579202041843440810360663e2
1033	0.32743965528933726244404265588557114891310983196186385916949e2
1034	0.327440923262845984066973117512500722379863700104598999921693e2
1035	0.327442195529018413745925405374947829056503046833775088119887e2
1036	0.327443472039298960516242455782883662812187080945606131411129e2
1037	0.327444752743995361742470756478970881196887823101452708230449e2
1038	0.327446037592291341358667035178193090517164354390096239443065e2
1039	0.327447326532259423690396124204198148912802625127702210040188e2
1040	0.327448619510873899510238452850860066774453205459369560247395e2
1041	0.327449916474023940974994521966458190356822468639616858170764e2
1042	0.327451217366526862089858523998471379060251983149458298275621e2
1043	0.327452522132141521342626254067102980650414705502386905890353e2
1044	0.327453830713581863149495828732649598364999229823218376144117e2
1045	0.327455143052530594753205654259238979444836649162963415557334e2
1046	0.327456459089652995214124683328381949884208982765477318108383e2
1047	0.32745777876461085313545734156293777518677923125683150543187e2
1048	0.327459102016076529764941623934583296180383394366311104408719e2
1049	0.327460428781747144117295747504547104430927220380129602346147e2
1050	0.327461758998358876764198355126782999563633703295712327768117e2
1051	0.327463092601701388941761514079768726877493981722721594614883e2
1052	0.327464429526632353629266531062052169579239270118398396274823e2
1053	0.327465769707092095257371767551103825137062997837256836575936e2
1054	0.327467113076118334709061016474204563045792027622877545224097e2
1055	0.327468459565861036282272396391949792592700348097494345686658e2
1056	0.327469809107597353289422913765895001323083169463342536480979e2
1057	0.327471161631746668975914597323251519701026496460330932489404e2
1058	0.327472517067885729447166162332913461658922851476518418700702e2
1059	0.327473875344763865301751241566310396084542636053011727417018e2
1060	0.327475236390318298676832034276811888727022865507574004858987e2
1061	0.327476600131689532421247472885165828597525480925009156639105e2
1062	0.327477966495236818121339377218647086918501427983484070543202e2
1063	0.327479335406553699714870237989791345256442558712227691198263e2
1064	0.327480706790483629439193918452508350471751740471551174213575e2
1065	0.327482080571135652871177355411747870664422011659942847432536e2
1066	0.32748345667190015982822894533783532761455049897090495433414e2
1067	0.327484835015464697912159385283515303526484652577637802365947e2
1068	0.327486215523829845490474970217021557431667807122269989464184e2
1069	0.327487598118325140923073400268994191392927697886354547706556e2
1070	0.327488982719625064856169700461630386670278764176418134359495e2
1071	0.327490369247765072419616585957535892387727755765772584192646e2
1072	0.327491757622157672178591210689307699140916580132643429217395e2
1073	0.327493147761608548705890419824747030502559536257706548202905e2
1074	0.327494539584332725656801102447384410910070621193952827573899e2
1075	0.327495933007970766244682739446774246004461665428171313412158e2
1076	0.327497327949605008032007507697944284266957375899032398503363e2
1077	0.32749872432577582896864109695741253494588677598095382623261e2
1078	0.327500122052497941626606500881030299460287081502045290983991e2
1079	0.327501521045276712598445258647512159991774974849302921884006e2
1080	0.327502921219124504044567770926119840673772294757404282387679e2
1081	0.327504322488577034393658238507067796460488888076863245657394e2
1082	0.327505724767709755219262343482516659662860843621292301858442e2
1083	0.327507127970154241335128907012633990207278706779343296245321e2
1084	0.32750853200911459117169233732830592643433459931512197933197e2
1085	0.327509936797383834516262678259201409328173480398510686300753e2
1086	0.327511342247360344720026463761039381920900115638014788537692e2
1087	0.327512748271064252495846390448816718271992660441707432791545e2
1088	0.327514154780153858452073083359366070204692953671354100607725e2
1089	0.327515561685942041529140029175106626532483382757458623825917e2
1090	0.327516968899412660527595200029385977311197937015528310178245e2
1091	0.327518376331236945938422140030234328470041168386421394161676e2
1092	0.327519783891789879309011523343091671334629260900536353133033e2
1093	0.327521191491166557400953643059448573015017332855635906573701e2
1094	0.327522599039198538418925219675549792507283363479986657544245e2
1095	0.32752400644547016761333263294425542514667595078918932796814e2
1096	0.327525413619334879583040528920451793342860663823049749136119e2
1097	0.327526820469931474628452125634730655628548809825759463591364e2
1098	0.327528226906200366529407870092116362796498121844386387909849e2
1099	0.327529632836899799146824864908975306047647181726631343543836e2
1100	0.327531038170622029271703209132229713149878146685747733160094e2
1101	0.327532442815809473170069655357016936888959852517860672340544e2
1102	0.327533846680770814297606392251323048723591179272157107082634e2
1103	0.327535249673697069683115984302883902456026262867107173247681e2
1104	0.32753665170267761250559525437030382707835157981732502940073e2
1105	0.327538052675716148415523944656111242504443284495477633606747e2
1106	0.327539452500746643177011153885084238207258170273408824874899e2
1107	0.327540851085649199233676690042562257547715832462895733777362e2
1108	0.327542248338265878827568518435535773526630024894140810621964e2
1109	0.327543644166416471327024396386187282797632808156304917386783e2
1110	0.327545038477914202446168594419381934972141455168262494975517e2
1111	0.327546431180581383065686389462275637710290608334008172968042e2
1112	0.327547822182264995391632913316288491133870043882891982015932e2
1113	0.327549211390852214216302139974738905676963094204947061541385e2
1114	0.32755059871428586107259954483600829091632278036284877714061e2
1115	0.32755198406057978910092157078172840270738883536629736883182e2
1116	0.327553367337834196475239850976802513991112414411509359786164e2
1117	0.327554748454250866262911584409503913645681664076888654739003e2
1118	0.327556127318148330620683014228996402794461866327532270136546e2
1119	0.327557503837976957257414156249454034791762303220564099483725e2
1120	0.327558877922333956122223360234717032443092466900330662896091e2
1121	0.327560249479978304305023614133583148792856017877838204428075e2
1122	0.32756161841984558716479243583308369953443118628596208785189e2
1123	0.327562984651062753729377513329300093034439667184890951269554e2
1124	0.327564348082962784439184788533774310710606803803849139354091e2
1125	0.327565708625099269335718329621004882363738500716245318276967e2
1126	0.327567066187260894824636060947542028690100626057557824935974e2
1127	0.327568420679485837171746239226208734690378048543157891082875e2
1128	0.327569772012076060919190563249268420359416940420411584355619e2
1129	0.327571120095611520437935128088836910815191846805500556866728e2
1130	0.327572464840964262861614292346609970430964212461224177838651e2
1131	0.327573806159312430675739190844098244868529101063907416499107e2
1132	0.327575143962154162265286430731127763986483865091805840883915e2
1133	0.327576478161321388752717855590276265729670700038153183011295e2
1134	0.327577808668993525487543612838526161211879627278024314456853e2
1135	0.327579135397711056577622641743333771409922496825625281738378e2
1136	0.327580458260389010881491704082620660169865736752315581222511e2
1137	0.327581777170330327910120862687308127757533624315574507782528e2
1138	0.327583092041239112115604595152490942483984520436842097771933e2
1139	0.327584402787233774073408295900812168958270874505674096088666e2
1140	0.327585709322860057093894619324134835726931238319976377302214e2
1141	0.327587011563103947827947864593761894550819406044578251453167e2
1142	0.327588309423404469460592378556205503763728189255102393504705e2
1143	0.327589602819666356115557801594341031537742145725337071528043e2
1144	0.327590891668272607122775012192214723116905823680932403139487e2
1145	0.327592175886096919829787014080497491629526733676740645435707e2
1146	0.327593455390515999667023995293501975316802485242363740367009e2
1147	0.327594730099421746205816676434114183122530418855885985010687e2
1148	0.327595999931233313976902226275189710266684816434964712344948e2
1149	0.32759726480490904684600789202329036736650228047038125286996e2
1150	0.327598524639958284771874569745570511870552008489908962664713e2
1151	0.327599779356453041800801393297856020899641714466447034419186e2
1152	0.327601028875039554180448678293811120331944359972682061848582e2
1153	0.32760227311694969750422591687446872720711709907323797211982e2
1154	0.327603512004012271826109739798557555018096207031628686509238e2
1155	0.327604745458664153714179669981343377517400585890667871572751e2
1156	0.327605973403961314239522976044564052946605293238930675207714e2
1157	0.327607195763589701925439950246500603167750877573546849355295e2
1158	0.327608412461875989710073501320043891165473098238254404029269e2
1159	0.327609623423798185003688152538349699365215910472402469242201e2
1160	0.327610828574996101949829516184905286680813858410501415072141e2
1161	0.32761202784178169502750228895372665850553733829911197633816e2
1162	0.327613221151149253159309053896866959945746479626850422573083e2
1163	0.327614408430785453518190022267004770631032602525315964280188e2
1164	0.327615589609079274252991705325759411783297862442412291084272e2
1165	0.327616764615131765380566837514467107913770470446719816627726e2
1166	0.327617933378765677119465206973704524585349397675473148894493e2
1167	0.32761909583053494496751197874268241278462541373792157965415e2
1168	0.327620251901734030852683274166195100317696563084154803647963e2
1169	0.32762140152440711971367491355028615046495755724201210794431e2
1170	0.327622544631357170893416116527472470347504471278679714490094e2
1171	0.327623681156154823755502426378490349458610759181260250600725e2
1172	0.327624811033147156960108082779735536447796500511941820835076e2
1173	0.327625934197466300862384475513263624693175367910291299330598e2
1174	0.327627050585037902522655194060927654091667404799895073917104e2
1175	0.327628160132589442843876629954247181105561258314438205137248e2
1176	0.327629262777658405377843235999038922505848975731996012878542e2
1177	0.327630358458600296367475604954315265364162215117321704862909e2
1178	0.327631447114596515618234765710108391641791851925010584018164e2
1179	0.327632528685662077817254832831856775582965764017854828172605e2
1180	0.327633603112653183944175770113157000564188155360535112420856e2
1181	0.327634670337274642442885984009662569908058620275893171399031e2
1182	0.327635730302087139848448250598201277817010730873041115227736e2
1183	0.327636782950514360588379660337491087206606615167091009552377e2
1184	0.327637828226849955702184456611317539322867222814210742143618e2
1185	0.327638866076264360247595522560618403445035346867711489936013e2
1186	0.327639896444811459186363568985869559843760474897386248653455e2
1187	0.32764091927943510156664058386908303130656654005528798037155e2
1188	0.327641934527975462843033667515142265874159417615379547141423e2
1189	0.327642942139175255199254898705913687051910508997156339150576e2
1190	0.327643942062685785761960314549936528606027767275470038015789e2
1191	0.327644934249072862617854453154762399007723885986552084491868e2
1192	0.327645918649822548569434272024967524174165850066827516923938e2
1193	0.327646895217346762587855738896807024822913502884958711529605e2
1194	0.327647863904988728944326172385856663829881872570040588776498e2
1195	0.32764882466702827402415371789465600591441775619492649552894e2
1196	0.327649777458686970850120463566799418188936673425542819751657e2
1197	0.327650722236133131364185968450405241666560472038876583431549e2
1198	0.32765165895648664653867177970591507104008779808285384735198e2
1199	0.327652587577823674410023298991126055211761779760502763236508e2
1200	0.32765350805918117614999161306071231897339222823728648471717e2
1201	0.327654420360561300310623174333589964067978713174243254934782e2
1202	0.327655324442935615400788098711080667545774065498718290514898e2
1203	0.327656220268249190973116985638541764609658767698020756908874e2
1204	0.327657107799424527421150254589891209890743923498343771423042e2
1205	0.327657987000365334707231777608166000588543895837171522862325e2
1206	0.327658857835960160262198863098726451645567712687816038550318e2
1207	0.327659720272085866318232254198063247344377842822014124864074e2
1208	0.327660574275610956956331636348727709028960022487403691156721e2
1209	0.327661419814398755169773141535920960831116099040338624116604e2
1210	0.327662256857310430264584476588327453888447133477249300855731e2
1211	0.327663085374207875937539622436208283928955232667842440782195e2
1212	0.327663905335956439391427629038171566582816273289357950051783e2
1213	0.327664716714427501866387991526923309778082746564308669060417e2
1214	0.327665519482500910984927607127092069520082197919743977096332e2
1215	0.327666313614067265326840594700655213444073779110519078185383e2
1216	0.327667099084030051668641569045596139022735715977572990546881e2
1217	0.327667875868307635340294604050112250487037907452204559418889e2
1218	0.327668643943835104169973439835183973795880796542409832768344e2
1219	0.32766940328856596650532287959437688406602325023170442443552e2
1220	0.327670153881473703817206215132975099658666959015091497415984e2
1221	0.327670895702553178409218391504707890514271922410614075418556e2
1222	0.327671628732821896773318987776948257051341691923101916891871e2
1223	0.327672352954321129148792511238456770615219439384539827530486e2
1224	0.327673068350116885858375575524525807285272889369502364215391e2
1225	0.327673774904300751011800898744426375684418393958748206316925e2
1226	0.32767447260199057418319639520310817087287867818163692010246e2
1227	0.327675161429331020684743662568040597939177398877247861576168e2
1228	0.32767584137349398107474364313583789450947811792904998560882e2
1229	0.327676512422678840553757959463639589007327299062464794732038e2
1230	0.32767717456611260891779222530846343288866905366511559698732e2
1231	0.327677827794049911752562384355686367200804106845688320825905e2
1232	0.327678472097772843567736740468645143095305444732508136490478e2
1233	0.327679107469590683584674759600966682213306299478989225289368e2
1234	0.327679733902839474905588926651786577263207686834376702334862e2
1235	0.327680351391881467806237947637902814209315592072267947466176e2
1236	0.327680959932104427908218451021314293454243928995538085853032e2
1237	0.327681559519920810000658149002526207328683323088704810050839e2
1238	0.327682150152766798294626291462064357860424175591630959942262e2
1239	0.327682731829101213906867337187481986682825584326092482270796e2
1240	0.327683304548404290382531267568763026644308246722706345239878e2
1241	0.32768386831117631807941909845093938848994202944921370991831e2
1242	0.327684423118936158248885160067111663258393216973738976799415e2
1243	0.327684968974219627660938898642871166394560547238681529110469e2
1244	0.327685505880577754633268623545423835235070424189260061591138e2
1245	0.32768603384257490733586812894508260455029178299680751847625e2
1246	0.327686552865786795254684837618976069233508296545598955281887e2
1247	0.32768706295679834470922545561372266338298596871050036563659e2
1248	0.327687564123201449330352528497837479118227793640636771310582e2
1249	0.327688056373592596415583220569426626620013669944372094743692e2
1250	0.32768853971757037009006059407244838794089440045080960822541e2
1251	0.327689014165732832212008170934967411581807412863335500595594e2
1252	0.327689479729674781971901167332618008018238960785654689654642e2
1253	0.327689936421984895144793081446960137097138574387644799021833e2
1254	0.327690384256242743965224894022209002258791342492448423670002e2
1255	0.32769082324701569860391664311479444267266949036549641733081e2
1256	0.327691253409855711234998218224812453144241708977332036886047e2
1257	0.327691674761295983691878569859016272285097258649564065288488e2
1258	0.327692087318847519718980858741024830669891030385573959871853e2
1259	0.327692491100995562835486109335691314393382692673810163670978e2
1260	0.32769288612719592083593044437642179346910925007597194323186e2
1261	0.327693272417871177960991743834881472461730702693658598445412e2
1262	0.327693649994406795780081399852498140933019761317361740369802e2
1263	0.32769401887914710383542655817690136642645606183904440544476e2
1264	0.327694379095391181105188698816076484111937809910203047808298e2
1265	0.32769473066738862935081648830450767355946859457968571892448e2
1266	0.327695073620335239421275429277026604215880171866027922104164e2
1267	0.327695407980368551594034857398407830497997457973402424065534e2
1268	0.327695733774563311039725229436804965003944150411544639984888e2
1269	0.327696051030926819504206368225135196491509306829613100407047e2
1270	0.327696359778394184308411359334036708571206871703649918486665e2
1271	0.327696660046823465772752129060302136313117880924945561719386e2
1272	0.327696951866990724179092391655626157682846102780775231200765e2
1273	0.327697235270584967389312672280098639296598630371478465275796e2
1274	0.327697510290203000245311546117287584567282817802757110073581e2
1275	0.327697776959344176880908156643973212800142197409678118024679e2
1276	0.327698035312405057081534578078731146146674445673239429987827e2
1277	0.327698285384673967832833776676843293520458844861038568806583e2
1278	0.327698527212325471204310927806451136992104461028958437980719e2
1279	0.32769876083241473971902380213066106780243081471943173761214e2
1280	0.327698986282871840364943002331017531961613278721227362009998e2
1281	0.327699203602495928408066184955213321344028021985934252409794e2
1282	0.327699412830949352171633228808964333900562721175250177663974e2
1283	0.327699614008751669949862815451077803843464711072791652586898e2
1284	0.327699807177273580228516286989318852755710795212652356964215e2
1285	0.327699992378730766388293173923429331757882492297599171907864e2
1286	0.327700169656177657070575687495709383772676856805990055915591e2
1287	0.327700339053501103388368006622579847488716416184467413464682e2
1288	0.327700500615413974168421631841658259610057485649299787970191e2
1289	0.327700654387448670413501713422717237548120012048907192736482e2
1290	0.327700800415950560176532385860433423791653710002611632829575e2
1291	0.327700938748071335040963066439314227459656251856606448047405e2
1292	0.32770106943176228940412372317697889131368747216381417523127e2
1293	0.327701192515767523762586620296462525480263467447908071228937e2
1294	0.327701308049617073200626351536730305107934511230241592366457e2
1295	0.327701416083619962284770427826331942013475573429169266370383e2
1296	0.3277015166688571875691606611801555548607699985836417894941e2
1297	0.327701609857174628918002456178527900204446362081549739045884e2
1298	0.327701695701175890852766268746453599630073016952301287499877e2
1299	0.327701774254215075133024313183808107693478973481141906871201e2
1300	0.327701845570389485780857495513516275872422770645231276789572e2
1301	0.327701909704532267759653935892754822532330434177502161259019e2
1302	0.327701966712204980518842735099961859056324728627276037925451e2
1303	0.327702016649690107616666268027812573985349779785020267530228e2
1304	0.327702059573983503633492686456868987285726486565422189266554e2
1305	0.327702095542786779588408927340351414883654880232330283890529e2
1306	0.327702124614499628071914801679858492756515851162199419241214e2
1307	0.327702146848212089307462139890845755027288267911521734692861e2
1308	0.327702162303696759354350955912960425497210500077463866345599e2
1309	0.327702171041400941664108633974717093608007072083299072424042e2
1310	0.327702173122438743201939714532872772824362891388675414662659e2
1311	0.327702168608583116344144440737841079397856440287859721201019e2
1312	0.327702157562257847761565310407211428407662582260350393518409e2
1313	0.327702140046529495498133952529492330148668909379052530265084e2
1314	0.327702116125099275452457208126176447723954609696182906463764e2
1315	0.327702085862294898469102843695958762088832627627708573252522e2
1316	0.32770204932306235924482336646484651655927594407045990379745e2
1317	0.327702006572957678253392453201486147637073785621358714831322e2
1318	0.327701957678138597891024061006527581740691929704959814637605e2
1319	0.327701902705356234042500875205976134124134571860481662334716e2
1320	0.327701841721946684266157885344374954944436689558205611556392e2
1321	0.327701774795822593793750087211881381937558280708106491441878e2
1322	0.327701701995464680538982111374009660181404192720262585381031e2
1323	0.32770162338991322030609350367004703728540631811471903983729e2
1324	0.327701539048759493387377959562217501979539525379269925546406e2
1325	0.327701449042137193735869572850649368356507377058886931692215e2
1326	0.3277013534407138018966556325135637806448365462447431668121e2
1327	0.327701252315681922877375223036392096937130662797222781885705e2
1328	0.327701145738750590135437388421183358853650220902332195539268e2
1329	0.327701033782136536856343443860869372764878253737925785915982e2
1330	0.327700916518555435694226698209615253658697501167971361951297e2
1331	0.327700794021213108142330921684227280580297772732846582776111e2
1332	0.327700666363796704697637893684852496154018015603639541026964e2
1333	0.327700533620465856980225832183351367935824498047256647548642e2
1334	0.327700395865843802964195975496217756772021123113037875823792e2
1335	0.32770025317500848647314559566351231899617292585465790684561e2
1336	0.327700105623483632089193805635225352700975541444061728725986e2
1337	0.327699953287229796620483214660782482766611286478767079319638e2
1338	0.327699796242635398267887321215994271194773899470323299705311e2
1339	0.327699634566507724627352042699735192764496082787998182881708e2
1340	0.327699468336063920659891496687474473345731386534163699545212e2
1341	0.327699297628921957756744598720427009674431163941044023161675e2
1342	0.327699122523091585022581753503105046972290195301223776831849e2
1343	0.327698943096965263894931414935632391154849177217598914718154e2
1344	0.327698759429309087213176098278146934642914915881118762211185e2
1345	0.327698571599253683845548065103273075604102192249853803870825e2
1346	0.327698379686285109977537886036579483698533374053288896015866e2
1347	0.327698183770235728160015932256682866565262654206983188539668e2
1348	0.327697983931275075210159065934237765953662893874725118830863e2
1349	0.327697780249900720052973900629379885813250173743282428695295e2
1350	0.327697572806929112585815490152317023450445671851642825645864e2
1351	0.327697361683486424642817679977951273856295381189548607569581e2
1352	0.327697146960999384130580116725036552664800794262673349854988e2
1353	0.327696928721186103400798552306588969031691154140089728447807e2
1354	0.327696707046046902919781089922506447671755488962204312873222e2
1355	0.327696482017855131288964884677564829908170487119153732937853e2
1356	0.327696253719147982664637013479598994363800611215606041345085e2
1357	0.327696022232717312619071243692454695519693004795885486961824e2
1358	0.327695787641600453479220729800618061705284267915959743760022e2
1359	0.327695550029071030172956719278566900709929179205954362097525e2
1360	0.327695309478629777606616615169825601242262592204695493181168e2
