#
# zeta expansion terms 
#
# computed with variable precision of 100 decimal places
# computed with 528 bits of default mpf 
0	-0.421583245720288081139509042383975061091691949728637259471349e1
1	-0.135928039314847840327900826812632647287211034301506037002185e1
2	0.373663967902614436279557481384222010687345298462061074587454e0
3	0.11208619810043162885590195861821765229118855930831200474978e1
4	0.109602354419069540236829664011919766839074755287016332007599e1
5	0.611857899852474059034803596107931138354241977227217775636007e0
6	-0.190680219559665664769755712588669773328130966028704656462302e-1
7	-0.555358099638583082664302007331736645511797524201954948285244e0
8	-0.857089501468883442152088206085964553049195817689560564013476e0
9	-0.883680131428868745924810972495746957432904179222450293154288e0
10	-0.671918834334642836551328926733208533894704920630778578471946e0
11	-0.30574113344654934645601915714634813519319318617582372687437e0
12	0.113635157733630391240450658753068927910875405830690317221562e0
13	0.491929620062133458379779589340846428289881082339564096133493e0
14	0.757991726387365460937967152180529501036049480390655452335395e0
15	0.871742966755174233145482477024323132393416396252777958433874e0
16	0.825022589536688901247280222648221841118502597611372794006834e0
17	0.63719129815894288968784985485419378760348069668181035974567e0
18	0.347533770260255500118148889902524975244438334922819991260333e0
19	0.634233722608254838121545557203362750448396575189353090862815e-2
20	-0.333792043674441356768472499154198113128540493035608077905226e0
21	-0.625394214910636432385670344839022894025936504074435657577158e0
22	-0.831577308220388664198318695958842236886301768696627018199703e0
23	-0.929315463986400536759306600491659702704132785428169144697408e0
24	-0.910570343304904361219625111407670312921990246759159680185961e0
25	-0.781548505308389057197836469914066406692210536011443031490805e0
26	-0.560504821784065618841830003828828970750176450210246255177237e0
27	-0.274569906353225053780266655597866017093788732038231917902004e0
28	0.439187839528960231586854773516050349552248085733733170493176e-1
29	0.361146364269758751286394454737924542612327662910798730980523e0
30	0.645248807460432260874213544710145003994803304865007471375661e0
31	0.869169261012588476590191062483072580272300793215494488641658e0
32	0.10127675331898886990944654722798207361162241338153275466205e1
33	0.106410002490470751263368708494673180626764772540725535523738e1
34	0.101986916027992977376036110240639773299533315184926452979602e1
35	0.885108571790635405343236683403463474819681388144884284227901e0
36	0.672220743862697870346420660341227458930659112866558518664919e0
37	0.399517017507281880741564227121494894675629415106822500254207e0
38	0.894266356945272114741959634650042429736882208146857638395774e-1
39	-0.233456343831619008515533439829505842487258066202995871520496e0
40	-0.544329501353790630756657553206443576103086405275374219616297e0
41	-0.82000261037906562700151811242447941491465920085114038080113e0
42	-0.104046912339919247423696532932129256762632013693604619312517e1
43	-0.119014534202654835946430315942885832527923543002943877951579e1
44	-0.125872528225546900521217817646002952194950635453486750657485e1
45	-0.124162968279163644454348440643835831781482959209200783053031e1
46	-0.114005548303492478350703713315155299435898810283645925419269e1
47	-0.960656115592798728335254754974529513784512241989119030689945e0
48	-0.714902246922069667340558913409657137051973023704967679083429e0
49	-0.418186694950500144931033588147992440939162026150002183453832e0
50	-0.887460517912076642943865585383938551798724981197825669093498e-1
51	0.253524753222670299723777327216087768056228961336205680999596e0
52	0.588289650820653218554579856510215782008878921107852820866912e0
53	0.895950037230563728911262303900963993175556321773671330256774e0
54	0.115872264117681000889020509293665979032751952760096739240425e1
55	0.136156515233987545890514587606912698757696033888917243324655e1
56	0.149291036710807560907533550039710039952801209855417095583236e1
57	0.154518267025513401009146580972111045055211410573037381306876e1
58	0.151508380181546767254933305198497692585233056581335184947479e1
59	0.140364740760902295831784792667734190009575261998954143579948e1
60	0.121607329803095357133230127645790781584701074235771455655452e1
61	0.961362219396270665321760270774985476994480770686165466544326e0
62	0.651779973426300485461877774156862539173927420058131798223245e0
63	0.302185720668535121757319272307702608049255630123188601362584e0
64	-0.707367980568641283084099890381575066269003983929651649757606e-1
65	-0.4493045616736864130369423311601046544735746332636020072353e0
66	-0.815676658266871893543166402457997828126518704637942485248866e0
67	-0.115267322672392752640882808620716582535712881835723946876971e1
68	-0.144453683138114534167437203747098852259755305402039553305367e1
69	-0.167760580971632251005418624010876711556075765670565182812679e1
70	-0.184087472947993452505307622015092293961687914340091353216417e1
71	-0.192642331324678516725151522422530209007584405616790345246395e1
72	-0.192970172897586234081074320025419369232598591328700447365562e1
73	-0.184966671559613044131155805819743882471412261879252154517812e1
74	-0.168876935010363490747028013757006379884135759018871777245987e1
75	-0.145280113803228078934427668898585066457132539788588862556684e1
76	-0.11506103321193377769139567358090507485101946258363038672732e1
77	-0.793704806113212751248872762951031596218332173956665123602377e0
78	-0.395761326692148794141103373698385025587827096992010074379439e0
79	0.27936386222965809876817353727703425499139284306799666733911e-1
80	0.461106863740521745525409825246200630534179675419527611568282e0
81	0.88710282797843855600726053934005293551110612420696832023982e0
82	0.128954168278544427665874791891255964041415462064313128946359e1
83	0.165291156222264362190205428588285154745682719866116727465953e1
84	0.196313188295916659445331518247499593804949171532342557547709e1
85	0.22080499144108458525146333872633311763828127170076659057778e1
86	0.237785794597402056660394804398504576658920069259823512454561e1
87	0.246541905673438627700385281187088171362370839891865395636251e1
88	0.246649314068722127684793274205361333774844721642932483825112e1
89	0.237985857405291309841019009567664344433227438437814545978265e1
90	0.220732860223603125324501063863431239360964598494895804636385e1
91	0.195366505465078280021011318969670413005631115825503067859224e1
92	0.162639526192302042654152719941615819296640321425903814243421e1
93	0.12355409635477177243720420601286748822407912685173893839954e1
94	0.793270483842601765901660451298724430404145573157076476093404e0
95	0.313487466967411737619705722173152314788433913684534996948575e0
96	-0.188629036887495385702289524602477385497317354178837866977558e0
97	-0.697117369158007187153671599420999383363929895815187374146979e0
98	-0.119574273480976888634306726694693857268463381641155346714848e1
99	-0.166850720660225523707822126933168193239337049815675767885134e1
100	-0.210014466980486256363682541169164912605159729681460335084457e1
101	-0.247658610542455633663357481827607288839163071852426074140943e1
102	-0.278538198757563506178954964396891850036014642891797940895749e1
103	-0.301607027551096296590486429950226558333782545040292946478796e1
104	-0.31604804471177414344346954065177974196717313524116623293005e1
105	-0.321296617903725467736172214701274021137118983147166167306704e1
106	-0.317056155843267468692518318547757777943035874536699650975401e1
107	-0.303305804302062715823897760719608029131586221483016985444179e1
108	-0.280300170215242765272460661871304728640678210407575176287867e1
109	-0.248561250960449904129288865705935310265285519501529685742709e1
110	-0.208862956111725551830496954319481686698165964470947829009818e1
111	-0.162208800624044116488765298375768949869928015415116103119193e1
112	-0.10980351720531799653392587122096343508033233543139711451331e1
113	-0.530194781527350180776760698910004064447722756037160139490761e0
114	0.664106938951408790246549693376568897005211932571617271092754e-1
115	0.675868676293217708097608175919047362900407605654479110711166e0
116	0.128180472815098679532863935503698383738749955903433246561912e1
117	0.186781880883422427393262612022455600516097693034054035989865e1
118	0.241791804431344915579141870863956098592612627411124118517257e1
119	0.291693490186260768838713530323538465301594987274806625015135e1
120	0.335092031677838919894173508248723456764552330402405173233872e1
121	0.370750221333729904987823063093833425436441876648451322387625e1
122	0.397620096532214608923231226811336440597805066983866549985638e1
123	0.414869461708937572491699972303396706032330623519824783180276e1
124	0.421902809643581961342739757295049847516585693036235649462185e1
125	0.41837621561544712783368225591253524487105553816149581914679e1
126	0.404205934241869025983151523105445307026322590451033117056383e1
127	0.379570586580774181091377176856049085196251627349873752506274e1
128	0.344906980710030684908337826582354781022355222420932675344619e1
129	0.300899758934052807079811071939314631619823289341224773105654e1
130	0.248465205745293291311117411027139763023193808343843413247485e1
131	0.188729679767485675728838615741061458618736027496924677263259e1
132	0.123003247608992011292448068511947767440221187991249812483542e1
133	0.527491957723670234786414858532286749178785622988028946248877e0
134	-0.204498231273648967836061215990495353394438519070919463024393e0
135	-0.949281927443261345624199482433938274507222585380389517591951e0
136	-0.168975426002945778842173815012044423830662297208752557600794e1
137	-0.240875070016289211222257498111047981429163695631216161828973e1
138	-0.308943543433356110957173365571804887432237194185575573200601e1
139	-0.37156804522535589118933236499914076609382598773660972901978e1
140	-0.427242710663432815036138895225075558104952051261309941901464e1
141	-0.474602243839749497062777593368628188465424654524655184777764e1
142	-0.512452324850725247438158089172193631358462302301968180054084e1
143	-0.539796171752939197841954769209915893328193313665266171851097e1
144	-0.555856730474808269798309800897526842684538484612614194071265e1
145	-0.560094067728618561287652229343393805721937773257034465933222e1
146	-0.552217650231248446511107236977593872441090266785827878243137e1
147	-0.532193305779552468806349281528501120732820253152352376897445e1
148	-0.500244775518520579431559329418380757825303076520231966862336e1
149	-0.456849879724885883916952194832871807272769353291055325607556e1
150	-0.402731429345657674369867130628572737952964979228361591357211e1
151	-0.338843120262357151581785442107312826905813744764639758806947e1
152	-0.266350744857940906350510665592440346536668702815619855347807e1
153	-0.186609144213637066861894044930735805102300448659522579803782e1
154	-0.101135402660100243584822666324951546790119496523631871994527e1
155	-0.115788532075032743561615519658921880563529750626673228387131e0
156	0.803114833946486242165725578439433244855790077061016542107018e0
157	0.172721362267351610727852273440465107272790217208067427129174e1
158	0.263806989732506701092581998860529901681988181243556147255021e1
159	0.351731206018521866848189682649207480003899885246312920405284e1
160	0.434699471335928328084151021100850421421599769839744407870172e1
161	0.510994965024840496874493809257640883177417064887953672523883e1
162	0.579012133942884848853408074743297360808225680971448241128774e1
163	0.637288064664563061177924502316355597315403661383772160956042e1
164	0.684531103382741383420199758508482333594453469951956894648101e1
165	0.71964620645376904001528492542130557854156766660317972792609e1
166	0.741756571982871759389995088376446627146662085548365996818296e1
167	0.75022117726777146933008159130334316155819216177646891250149e1
168	0.744647926786148121892392095601272723815653799036841023468355e1
169	0.724902199155138633223508624113103871120426153294543180134587e1
170	0.691110667515122655922541474659928377726000321892074755455799e1
171	0.643660354508961658092320970394365133354166006774809386432474e1
172	0.583192968889371088060069614249993305214756151303895078655136e1
173	0.510594654299114426093555730874716323407327614986620062651322e1
174	0.426981360523022668399593680565643167642901254895852299498368e1
175	0.333680122204550324937021686523318356327029014835235069747078e1
176	0.232206598473775670270899453548420584766140798396953308202731e1
177	0.124239288109445178422756005926439363682426319046461925659252e1
178	0.115908878686953027536680418230478778442586758975058546226803e0
179	-0.103822694258983565622187402522040477653384514028016992851926e1
180	-0.220015124436090092404433620465794013149735653968765159107536e1
181	-0.334963655704193871312693015086838711195980700130826163970615e1
182	-0.446643781929613135011177114803094765894347673838130743171593e1
183	-0.553063942079485012973098674574701184962577996791716875918501e1
184	-0.65229968910852084764764111301097858824707668048975734828311e1
185	-0.742526752546299292855550639992633223977443016885132347240553e1
186	-0.822052447884252147136618269955916060001146092852956023778525e1
187	-0.88934491849114526426870237838690427678653073150116727868618e1
188	-0.943059736331917411138633357405692639348158341441791538754616e1
189	-0.982063435413782204683507161345781301863518926031772546257497e1
190	-0.100545360572882690211308682660271949975960144835314407974465e2
191	-0.101257523452113059009670223669135944935623088959659176793728e2
192	-0.100303304493744439342212696799418080981196969723769328267535e2
193	-0.976699648442121909104309481117602713893600988972099207566275e1
194	-0.933719395685309959882116621007536646979164649817199181162516e1
195	-0.874507879699880106582089904958350529124448296071534903639821e1
196	-0.799747114271329142063609397119644362411063519578688728949129e1
197	-0.710376478009152715954871021262406573586489538317647383739299e1
198	-0.607579580025847808266585852930168239920000071036852878049864e1
199	-0.492767265237461421060030143909176867900844165609502004897708e1
200	-0.367557035246032029233199244480465590657533734000371174614032e1
201	-0.233749213741187451674150129113194131573412991085865844539375e1
202	-0.933002326504812294183153496870804953136028990772545491665842e0
203	0.517065437380901189886957419316125019674162625234964646757905e0
204	0.199092005268795444282326778144666755960726535691338493299923e1
205	0.346614014623111172071102216438438577785315389504553335839133e1
206	0.492001160321283237951849536875514962162491225601561488277223e1
207	0.632987034232998200796097589662707093804988244151756368282694e1
208	0.767344519626022203909173928757259459514675137912627200176165e1
209	0.892919579220737010989835480893508683783103307820267171938311e1
210	0.100766404360546587817193481604134598166135553688977319598739e2
211	0.110966691842359050472720582596785367937139897248416990981943e2
212	0.119718375359264979310575495672756794597743268236404726171312e2
213	0.126866364899230626797580887580665596302579427998317905320825e2
214	0.132277350801601537240785121793714618159006556384966096119861e2
215	0.135841919250321717398194366513950746087407280318838492575608e2
216	0.137476327917711847730044138619171403082793163429406584923678e2
217	0.137123916808028062286833120801496782604400396781999695945717e2
218	0.134756134686064310790656004751398079213360802336513911836508e2
219	0.130373167032193107698174591475950971734287009586688749698007e2
220	0.124004157160709046363114852598897394671611231303182546826053e2
221	0.11570701789202360048396240335016854533111670798755628527317e2
222	0.105567836900782947557254072922396584553856593368524535691169e2
223	0.936998844927922438498628523509133580408096043338842924218534e1
224	0.802422380180271674936573178308667141513756518697243416647285e1
225	0.653580423330982446314565475875855798149377676596294920392641e1
226	0.492324306170912205206327301940950380030839788524960687850498e1
227	0.320701343580009524074241242758271010380413237771029547906133e1
228	0.14092815407447716769013449828104247284282472357008586024107e1
229	-0.446384339976909697595396373954363210236757835310323847396981e0
230	-0.233532494889755578254842546907488441461441391519644731433891e1
231	-0.423211715607029744664645438628817611752626570284518610315221e1
232	-0.611091263505720673129449750129367970199605544535018491837878e1
233	-0.794578357718343685922739521610700265007227227440619110331781e1
234	-0.971107083536223722795497097932609481260083909991884351374818e1
235	-0.113817298775089843818690243362428555872280001620535227273677e2
236	-0.129336699788285703803652394225399032643280982026925142391431e2
237	-0.143440821906694616354955239563531582332053559121798099623283e2
238	-0.155917517890426826863334981127290812543815806448698853007319e2
239	-0.166573511254643771566772318774378562943410983719027606235134e2
240	-0.175237090730125750964313900340861306383415421220609622465227e2
241	-0.181760535773223074329265450206742987978001879322576535782292e2
242	-0.186022241810851798473116504383534864256561970237765125017441e2
243	-0.187928517864219726915756277159175808595064738185037123424856e2
244	-0.187415033468290248440454526718523342723603042592993843953841e2
245	-0.18444789633522715557241852269676300560032138255332874194419e2
246	-0.179024346939524256510346469280899710245249661024965560306157e2
247	-0.171173061068997526273927563334044026801166214692827397926628e2
248	-0.160954056327351340088241789634592952286798838100400576663859e2
249	-0.148458203528701622213122720777788651982113689620195079317993e2
250	-0.133806348831110456624424661874013908342000165321134921594299e2
251	-0.117148057255234493719697169151642957450000927550054279115411e2
252	-0.9865999286819428765167035911656888494600379716420797950237e1
253	-0.785439553271701115942749777025923237216356841694994561187471e1
254	-0.570245966209156547249765847695580323655087143589199853935009e1
255	-0.343468456732522941970389476750277526101562107237384484017077e1
256	-0.107730719380527625658715266498120569189336698647086267557294e1
257	0.134199778174517702147508312936973583846914607402727692663389e1
258	0.37944432707427587119569258192160551686313468232943805880201e1
259	0.625047018872765932867249611987459939570596829382203533379072e1
260	0.86800988964715108698657991215395993765575470459892146781006e1
261	0.110532874741073378084129367046338508637958094008915264366936e2
262	0.133402925657487902962215263616054751085838434036909631312878e2
263	0.15512028512241815813858457190961719514855205045522369453713e2
264	0.175404205202020612405706029424322961041638239215945272154255e2
265	0.193987476954842068882947202565384517821456344381424086591177e2
266	0.210619718972945828662169516540999649408312466879920503274518e2
267	0.225070485433518494182113327937663928945283544687969948640797e2
268	0.23713215714376071758900653434693802545740432494594195971726e2
269	0.246622581648320611649161567766660724899807684562256163433479e2
270	0.253387431429310557503780932391600102127155674534998918055336e2
271	0.257302252526878349845325845096044934242881244113464745636485e2
272	0.258274179502878998067341914210936839431226496042741892348166e2
273	0.25624329651809432586616790545644246806552262360638889876822e2
274	0.251183628349066390536443112042626165622489536405031972598966e2
275	0.243103749386596491773068529917521028324590335175979232099765e2
276	0.232047002985771568890600835349050069823123442706397915089862e2
277	0.21809132792783477403249885156531491677832299482934066317638e2
278	0.201348693158051765249588820922303530671467178612912064505619e2
279	0.181964146332128880454746931715612277424997387570183974852105e2
280	0.160114485988885027013456138072195530375415956599669561792578e2
281	0.136006571322423307276071260255886071886856916203531313263403e2
282	0.109875287508614344881688135001417897905651053045430237490588e2
283	0.819811883063293657974327361096483171258204230498643910441168e1
284	0.526078411644158816442432785390456778345842147791434410828718e1
285	0.220589032849681240641013844994849176669120080577220844106673e1
286	-0.934504001037282600322260468598974610269990141524217570560464e0
287	-0.412698407200936516609350211560254523582781799158180438961503e1
288	-0.733713213495882230896459893243425622565973414992423865401212e1
289	-0.105298938014867489658268931999597282508618696254209710554629e2
290	-0.13669953427404421063167913852879305582711525410644628706881e2
291	-0.167221145562000199485810531979217552447918225504564209361849e2
292	-0.196516813598389432268883081517622773048389244339433937707056e2
293	-0.22424837006610905675449647044227230066605104011335312257242e2
294	-0.250090149214089722612050049211256485356226182285229712366781e2
295	-0.273732589817771805260310561218246629024592284174287427365655e2
296	-0.294885688121682091325950696874462621917414652888367924440596e2
297	-0.313282264975702010721872797580951806248717893140830871643483e2
298	-0.328681012340593752112000178369805897885681946819434151270541e2
299	-0.340869286656121590436424059758778029853088942439333088979362e2
300	-0.349665619210281583932470560793016589688508343096334826708543e2
301	-0.354921916591269444691694066293022516801524574374343267920043e2
302	-0.356525327512677246644826105788087294280440524330664904111314e2
303	-0.35439975574244785795467947513900005075479279763502668210458e2
304	-0.348507002500774572753924488650803039090502727193444324002701e2
305	-0.338847525483258941236821343610015280222808439791121071427847e2
306	-0.325460805573885561056974315201729840120716640823505791666374e2
307	-0.308425316297607066899740039039375147332060947030762980250565e2
308	-0.287858095084048948979338420051927651623590334152200058594947e2
309	-0.263913919431566758849953164086785080085021167397475645030192e2
310	-0.236784095034573564016045672990540715599290869428216049501222e2
311	-0.206694866827479469278659935346189242445952440236370272832721e2
312	-0.173905467667719349873977286822807221175032552718443812463622e2
313	-0.138705822991714221404552190147071086330108582386204331791344e2
314	-0.101413933196630069778903309802649730290626723659528775492275e2
315	-0.623729586950823792048020016566480844004202775744783202428533e1
316	-0.219480355295916658843815777171195665584967979081329920729002e1
317	0.194771479085199768633498472532361577166820793633657995308058e1
318	0.615039801591574451592901514641806677482935228101419160578145e1
319	0.103722727050765010336977309347057718068398688495813409294349e2
320	0.145716466532870079380611725332637962153732637715298310669228e2
321	0.187065120060186192605288255439353751149432919828626077236116e2
322	0.227349541652411481980961446348519138533089442269200953308825e2
323	0.266155625178114294935820031986815270918278534220452100748426e2
324	0.303078390215177893558360914700205260815875428097580439381367e2
325	0.337726007023927863295088251477399469980759532594016991321247e2
326	0.369723721728449634481496306567986832252265924828944618161093e2
327	0.398717643729371000713272470563572342249409387115750636185037e2
328	0.424378358656787505426027381163705792604803856694288642664721e2
329	0.4464043318010379957210436544209735602648805982802825829763e2
330	0.464525068914590810993247760465879854878462227210815676628202e2
331	0.478504003540375074543813114071629682206643703868978566999657e2
332	0.488141082567800667620895809243487838395998512070213514971962e2
333	0.493275024522325126041233480606122757247054333453317249693173e2
334	0.493785228130430513767571727403381607660705236149654794598903e2
335	0.48959331194004143536041395559480314366087231820924982444059e2
336	0.480664269185896400047834879080099733332018147480051043294458e2
337	0.467007225638003652800779902287710577278548471027722464606e2
338	0.448675791825876160442629174788419566799938702835879123554551e2
339	0.425768004757849078657388811482795056015759462516642285083635e2
340	0.398425858019144509373655146003027503238939064229318450109542e2
341	0.366834422900090963661770812213873148660064400068906064067644e2
342	0.33122056694288707865489660496897245574668461579319806167218e2
343	0.291851279967912795433102360738968301841381141326785331867272e2
344	0.249031621216056678873503692054599897101658853203821552592491e2
345	0.203102304690177411471695743899664349440122659138622630392864e2
346	0.154436943066364487884805422419105643127570710821051331410412e2
347	0.103438973645457483007405054200808955638329438283357041409174e2
348	0.505382927005471681442014143269768130077251278987601190396021e1
349	-0.381237277777300398664998120522252610714583943182961672565093e0
350	-0.591413245522125293411608259926171687888766397867481683079141e1
351	-0.114961950336594716611787395124022876429109601391372609445324e2
352	-0.170776943427660322783708852973453590757479053999616430171108e2
353	-0.226082647987389139707893295289987221207445341285558887244303e2
354	-0.280373492027165043959447840528584960779889097428436433613901e2
355	-0.333146469314027988563521052865273900470398029400753332929754e2
356	-0.383905630928188837093018370940892169101847388228989327301206e2
357	-0.43216654705284590339333728582233811447667875254255377083717e2
358	-0.47746069977207407960374709275065033837210688944683986127664e2
359	-0.51933976818714799705317682701645967096824821653574921618418e2
360	-0.557379768030203517688517424988102465708633133098718950350186e2
361	-0.591185009147912239728588226084496254649140964846974971894773e2
362	-0.620391835735398519918112346255195502806598705684619900501505e2
363	-0.644672116007928245504867037795497388574530787468599393400919e2
364	-0.663736450088449630937113671839113958480642505252411246137631e2
365	-0.677337067244082257946934876890268767732452546549508281383174e2
366	-0.685270386203230791581922329938076218760770379316284283489023e2
367	-0.687379215104323601575464380185904984093875909878684175440624e2
368	-0.683554570642711068823212866178371336648746824205795824961253e2
369	-0.673737099167978434375604655589541260834488878403028817863872e2
370	-0.657918085812545626071393009007872357198162593872012698250368e2
371	-0.63614004117562816603810333371934721713264584025804813955594e2
372	-0.608496858615323410786258716865493996026172257108702565350497e2
373	-0.575133538786134068650039171925477446369059844706716650378057e2
374	-0.536245481669728414266564454077870870686505697295887751868661e2
375	-0.492077349953207364445551473533711568485219834236105031438929e2
376	-0.442921511181852977629532806470155169324799856365984177217527e2
377	-0.389116069622969525039131595021122823546476406817463890994772e2
378	-0.331042502195378717393607659528817355746460537398470803523871e2
379	-0.269122916117686631431363970243517786715590130759967312477926e2
380	-0.203816949081020132808286474497494972491833426770455813816951e2
381	-0.135618335733286660821404037791333340927896545793011450151859e2
382	-0.650511670484201619945004808970837169177402836268216038811017e1
383	0.733412827648124037799586879848267342900915920478761782916673e0
384	0.809650489208955914311306463789916622131546575520431274713231e1
385	0.155251498985197381178105716941140052065585965797384022390409e2
386	0.229590443621445200984210770066060071144152933113873764607133e2
387	0.303370705371707021608853088157514181571189320233557526608242e2
388	0.37597786311057311101387902150231098447094507331758285701801e2
389	0.446799214569466839411679957959491297309632016355051785025343e2
390	0.515228762813219189537745084220124051963361575454325487708789e2
391	0.580672186748137601177952243229031840872737556429242037469927e2
392	0.642551755766974248069766184620003886692265638903654914921868e2
393	0.700311148978777178471209808297940907987699983243215928691792e2
394	0.753420140127104671191294166406351217407061500722691215697332e2
395	0.801379110262579644124087172898137362356565569873344228127234e2
396	0.843723351496968389643749373223410636706398925520281617136457e2
397	0.880027126715309949959514064953525965527204174389184794945676e2
398	0.90990745194733369846533674883533578578750181845492505209923e2
399	0.933027570184643323350618533069083344435139802894765490304769e2
400	0.949100087759130532200884361928556135387083787485356950238931e2
401	0.957889746952224525076431757574727475975567978218366878653436e2
402	0.959215811263650168069245274641665201528625024679097732273442e2
403	0.95295404271064531425358114232678051655318026956979926021783e2
404	0.939038253631058402026452567089957283683607602550610955987045e2
405	0.91746141870227423013236010098969497982424816150472960902542e2
406	0.888276336237432929497309794037484914884259361759215624585782e2
407	0.851595831255116260303542070607193132925713150355263963812474e2
408	0.80759249631224487509462630322622059975093275961269105680459e2
409	0.756497969615696330607978750258032850019485775696442375731457e2
410	0.698601753459321193313354182674279411190190534825145146581101e2
411	0.634249579542875412885115354627625835180286632261048466412586e2
412	0.563841331191434459615967299963448666139115763926226337058161e2
413	0.487828535882092259172960326591830317945920922815719788046887e2
414	0.406711444773796074595378090595264604762069676777515462780645e2
415	0.321035719101479585751542873045474625725402257108726149401588e2
416	0.231388746313759628859625772016901315859996202374398135841833e2
417	0.138395611682370144370213395282197905730217414406753276081505e2
418	0.42714753771582658290043217370499356332554053149382566082435e1
419	-0.549666653881038992251596798610153680386581459886106943916648e1
420	-0.153937642331377599418662858235277862381209076001799597235935e2
421	-0.253468431250787814851055414822641933761163355332671752181796e2
422	-0.352815823077212560052993015049119299514594507669386728925395e2
423	-0.451228565472375380545388540842169319544502907437865002934702e2
424	-0.547952882085032337415996889137662194597669818980478035673389e2
425	-0.642238045070455032493670285230926813031312892068197300063084e2
426	-0.733341945867790807192252960550155807425610325544154077382474e2
427	-0.820536588830209322575502513236957287243339773586270265771261e2
428	-0.903113384834753663543202994280001426633637372225391708622616e2
429	-0.980388011265575848483846866069390219373293296819867024359225e2
430	-0.105170434760451126630228340574181142057920713943404077350078e3
431	-0.111643640199199198029308407884874016687455148585282414323637e3
432	-0.117398577952483149907368993264729645433065179953055011547166e3
433	-0.122376912023875557042329083195042664942343407509578153122357e3
434	-0.126518281103312721150052792910217226636776304974271907342734e3
435	-0.129751606493655052961151416435654428661176452642784138471612e3
436	-0.13197466380917749764000794876895071654753624667289790257046e3
437	-0.133006992023260966510296641102525291805858080365560104460995e3
438	-0.13248228006136920815215331090155560505672293856096636404877e3
439	-0.129603481540105084848394108915369418027807106827732776995142e3
440	-0.122586777699549742981956516658147549798049292031252821411268e3
441	-0.107400554311026975721590947681982404066865103522715143145878e3
442	-0.749074186123125149662118165708482285665453741935222274731908e2
443	-0.43888862227849735521045822290953539818410061543288955582581e1
444	0.151124421026986472276419675749358185222266878188272312560267e3
445	0.49808940164791486828253415302395542303750721402189555290617e3
446	0.12777657572514499819841041880491596500178867258445792101812e4
447	0.303692212061709662359802490340487300113759569040285989592017e4
448	0.701484973660885031303661511556567909519010261420586725885537e4
449	0.160209966457751409229390964967508215412496598619653899216174e5
450	0.364256368061499929425128781981231943474963599546494731498973e5
451	0.826759618428405275366717716256978167136813624454079074516395e5
452	0.187542629611221022294214041177890339344584832235936687900328e6
453	0.425369153545149632949320340882572259486992698096077382512636e6
454	0.964822683424106254530268316952774872300868944847357284380391e6
455	0.218856573592183216946960324852471455390082659536524502519342e7
456	0.496468772278576164480190859844145951866071976206699162743612e7
457	0.112621587277505004595474648062817931236607803129457733363848e8
458	0.255457769371334513483823171293423436920633138494762793425757e8
459	0.579363305567759235413904591767029793050230737020603349288621e8
460	0.131365656948693611820343163638969915939115268918129837417826e9
461	0.297766185905323903021823688936491414534388819546139987004626e9
462	0.674675946821411620806588941045655139410137679728694846553038e9
463	0.152793753138688982985220899749942976934563126795379994868975e10
464	0.345837240131752283166889396702926783435483320613142306255593e10
465	0.78227665521721214709689160766993483115922246325165714129881e10
466	0.176823407495155582818465863389857722407465123772396390922796e11
467	0.399374219996723864435921942769861738181747317763450707823175e11
468	0.901266387947484250167679483384278917527445147040285352031973e11
469	0.203204385134070575297717530506492386426161548882820322681606e12
470	0.457715337746194696296687538060663285860136442915532432838798e12
471	0.102995409373901261717460016051398505947268940210574573326662e13
472	0.231515196042014307498325914804329230571494365598137839770563e13
473	0.519829798016329055959748020471569608871536198346478858917633e13
474	0.116585661020470361456130372571702043349008307028767889114707e14
475	0.261165021719790745782551597334657860235177816701058179064081e14
476	0.584326520878226869519475763417708056012216827654436811927117e14
477	0.130572825935941453192714923138118094494109639160772123143768e15
478	0.291402651917947702268107103666564605026024337555117428142577e15
479	0.649479460991349465120623168371017346970952601673665553333048e15
480	0.144562970684699626503025733987676604922977276311686251326238e16
481	0.321334674140073823857622447553661547988916373753592072463149e16
482	0.713274590764714863370768917829625387764718787997543380631933e16
483	0.158104711900771152605591285190144585750208918257082141930999e17
484	0.349955225796862303706373802699153282675840355175242318300139e17
485	0.77348317052906955366093804818712679557963507638200560934426e17
486	0.170707035920979312349527352455025266476817594063885182730819e18
487	0.376188832202290059946657004099935716848719817071029365993296e18
488	0.82776360909137811160332312107229182129363001875320861487509e18
489	0.181863267129816980601614483425416211757208010788567250855793e19
490	0.398946237255990833713534118213235072861874538182965638441538e19
491	0.873790231949055357143833969303105705342905056390551150109449e19
492	0.191080478277454574343804498215013202147098979773982927835654e20
493	0.417190924616188905765058641105169156621532017480142450513591e20
494	0.909402273123706463577714945868351334418600275505192550013861e20
495	0.197912530298599696630101797915747561743618171584951165985372e21
496	0.430011639323679374730166184805659311747467288057837149975129e21
497	0.932761374043906277618830750771617886766085725948811081055425e21
498	0.201993896202453746637239690700754658310075603405834933581886e22
499	0.436694162833443872310046885533719720182457767458908399975981e22
