0	1	0	0	0	0
1	1	0	0	0	0
1	2	1.66667	0	0	0
2	2	1.66667	0	0	0
2	2	1.66667	0	0	0
3	2	1.66667	0	0	0
3	3	2.77778	1.66667	0	0
4	3	2.77778	1.66667	0	0
4	3	-2.77778	1.66667	0	0
5	3	-2.77778	1.66667	0	0
5	3	2.77778	1.66667	0	0
6	3	2.77778	1.66667	0	0
6	3	-2.77778	1.66667	0	0
7	3	-2.77778	1.66667	0	0
7	4	4.62963	2.77778	1.66667	0
8	4	4.62963	2.77778	1.66667	0
8	4	1.85185	-2.77778	1.66667	0
9	4	1.85185	-2.77778	1.66667	0
9	4	-4.62963	2.77778	1.66667	0
10	4	-4.62963	2.77778	1.66667	0
10	4	-1.85185	-2.77778	1.66667	0
11	4	-1.85185	-2.77778	1.66667	0
11	4	4.62963	2.77778	1.66667	0
12	4	4.62963	2.77778	1.66667	0
12	4	1.85185	-2.77778	1.66667	0
13	4	1.85185	-2.77778	1.66667	0
13	4	-4.62963	2.77778	1.66667	0
14	4	-4.62963	2.77778	1.66667	0
14	4	-1.85185	-2.77778	1.66667	0
15	4	-1.85185	-2.77778	1.66667	0
15	5	7.71605	4.62963	2.77778	1.66667
16	5	7.71605	4.62963	2.77778	1.66667
16	5	-1.23457	1.85185	-2.77778	1.66667
17	5	-1.23457	1.85185	-2.77778	1.66667
17	5	3.08642	-4.62963	2.77778	1.66667
18	5	3.08642	-4.62963	2.77778	1.66667
18	5	-3.08642	-1.85185	-2.77778	1.66667
19	5	-3.08642	-1.85185	-2.77778	1.66667
19	5	-7.71605	4.62963	2.77778	1.66667
20	5	-7.71605	4.62963	2.77778	1.66667
20	5	1.23457	1.85185	-2.77778	1.66667
21	5	1.23457	1.85185	-2.77778	1.66667
21	5	-3.08642	-4.62963	2.77778	1.66667
22	5	-3.08642	-4.62963	2.77778	1.66667
22	5	3.08642	-1.85185	-2.77778	1.66667
23	5	3.08642	-1.85185	-2.77778	1.66667
23	5	7.71605	4.62963	2.77778	1.66667
24	5	7.71605	4.62963	2.77778	1.66667
24	5	-1.23457	1.85185	-2.77778	1.66667
25	5	-1.23457	1.85185	-2.77778	1.66667
25	5	3.08642	-4.62963	2.77778	1.66667
26	5	3.08642	-4.62963	2.77778	1.66667
26	5	-3.08642	-1.85185	-2.77778	1.66667
27	5	-3.08642	-1.85185	-2.77778	1.66667
27	5	-7.71605	4.62963	2.77778	1.66667
28	5	-7.71605	4.62963	2.77778	1.66667
28	5	1.23457	1.85185	-2.77778	1.66667
29	5	1.23457	1.85185	-2.77778	1.66667
29	5	-3.08642	-4.62963	2.77778	1.66667
30	5	-3.08642	-4.62963	2.77778	1.66667
30	5	3.08642	-1.85185	-2.77778	1.66667
31	5	3.08642	-1.85185	-2.77778	1.66667
31	6	12.8601	7.71605	4.62963	2.77778
32	6	12.8601	7.71605	4.62963	2.77778
32	6	0.823045	-1.23457	1.85185	-2.77778
33	6	0.823045	-1.23457	1.85185	-2.77778
33	6	-2.05761	3.08642	-4.62963	2.77778
34	6	-2.05761	3.08642	-4.62963	2.77778
34	6	-5.14403	-3.08642	-1.85185	-2.77778
35	6	-5.14403	-3.08642	-1.85185	-2.77778
35	6	5.14403	-7.71605	4.62963	2.77778
36	6	5.14403	-7.71605	4.62963	2.77778
36	6	2.05761	1.23457	1.85185	-2.77778
37	6	2.05761	1.23457	1.85185	-2.77778
37	6	-5.14403	-3.08642	-4.62963	2.77778
38	6	-5.14403	-3.08642	-4.62963	2.77778
38	6	-2.05761	3.08642	-1.85185	-2.77778
39	6	-2.05761	3.08642	-1.85185	-2.77778
39	6	-12.8601	7.71605	4.62963	2.77778
40	6	-12.8601	7.71605	4.62963	2.77778
40	6	-0.823045	-1.23457	1.85185	-2.77778
41	6	-0.823045	-1.23457	1.85185	-2.77778
41	6	2.05761	3.08642	-4.62963	2.77778
42	6	2.05761	3.08642	-4.62963	2.77778
42	6	5.14403	-3.08642	-1.85185	-2.77778
43	6	5.14403	-3.08642	-1.85185	-2.77778
43	6	-5.14403	-7.71605	4.62963	2.77778
44	6	-5.14403	-7.71605	4.62963	2.77778
44	6	-2.05761	1.23457	1.85185	-2.77778
45	6	-2.05761	1.23457	1.85185	-2.77778
45	6	5.14403	-3.08642	-4.62963	2.77778
46	6	5.14403	-3.08642	-4.62963	2.77778
46	6	2.05761	3.08642	-1.85185	-2.77778
47	6	2.05761	3.08642	-1.85185	-2.77778
47	6	12.8601	7.71605	4.62963	2.77778
48	6	12.8601	7.71605	4.62963	2.77778
48	6	0.823045	-1.23457	1.85185	-2.77778
49	6	0.823045	-1.23457	1.85185	-2.77778
49	6	-2.05761	3.08642	-4.62963	2.77778
50	6	-2.05761	3.08642	-4.62963	2.77778
50	6	-5.14403	-3.08642	-1.85185	-2.77778
51	6	-5.14403	-3.08642	-1.85185	-2.77778
51	6	5.14403	-7.71605	4.62963	2.77778
52	6	5.14403	-7.71605	4.62963	2.77778
52	6	2.05761	1.23457	1.85185	-2.77778
53	6	2.05761	1.23457	1.85185	-2.77778
53	6	-5.14403	-3.08642	-4.62963	2.77778
54	6	-5.14403	-3.08642	-4.62963	2.77778
54	6	-2.05761	3.08642	-1.85185	-2.77778
55	6	-2.05761	3.08642	-1.85185	-2.77778
55	6	-12.8601	7.71605	4.62963	2.77778
56	6	-12.8601	7.71605	4.62963	2.77778
56	6	-0.823045	-1.23457	1.85185	-2.77778
57	6	-0.823045	-1.23457	1.85185	-2.77778
57	6	2.05761	3.08642	-4.62963	2.77778
58	6	2.05761	3.08642	-4.62963	2.77778
58	6	5.14403	-3.08642	-1.85185	-2.77778
59	6	5.14403	-3.08642	-1.85185	-2.77778
59	6	-5.14403	-7.71605	4.62963	2.77778
60	6	-5.14403	-7.71605	4.62963	2.77778
60	6	-2.05761	1.23457	1.85185	-2.77778
61	6	-2.05761	1.23457	1.85185	-2.77778
61	6	5.14403	-3.08642	-4.62963	2.77778
62	6	5.14403	-3.08642	-4.62963	2.77778
62	6	2.05761	3.08642	-1.85185	-2.77778
63	6	2.05761	3.08642	-1.85185	-2.77778
63	7	21.4335	12.8601	7.71605	4.62963
64	7	21.4335	12.8601	7.71605	4.62963
64	7	-0.548697	0.823045	-1.23457	1.85185
65	7	-0.548697	0.823045	-1.23457	1.85185
65	7	1.37174	-2.05761	3.08642	-4.62963
66	7	1.37174	-2.05761	3.08642	-4.62963
66	7	-8.57339	-5.14403	-3.08642	-1.85185
67	7	-8.57339	-5.14403	-3.08642	-1.85185
67	7	-3.42936	5.14403	-7.71605	4.62963
68	7	-3.42936	5.14403	-7.71605	4.62963
68	7	3.42936	2.05761	1.23457	1.85185
69	7	3.42936	2.05761	1.23457	1.85185
69	7	-8.57339	-5.14403	-3.08642	-4.62963
70	7	-8.57339	-5.14403	-3.08642	-4.62963
70	7	1.37174	-2.05761	3.08642	-1.85185
71	7	1.37174	-2.05761	3.08642	-1.85185
71	7	8.57339	-12.8601	7.71605	4.62963
72	7	8.57339	-12.8601	7.71605	4.62963
72	7	-1.37174	-0.823045	-1.23457	1.85185
73	7	-1.37174	-0.823045	-1.23457	1.85185
73	7	3.42936	2.05761	3.08642	-4.62963
74	7	3.42936	2.05761	3.08642	-4.62963
74	7	-3.42936	5.14403	-3.08642	-1.85185
75	7	-3.42936	5.14403	-3.08642	-1.85185
75	7	-8.57339	-5.14403	-7.71605	4.62963
76	7	-8.57339	-5.14403	-7.71605	4.62963
76	7	1.37174	-2.05761	1.23457	1.85185
77	7	1.37174	-2.05761	1.23457	1.85185
77	7	-3.42936	5.14403	-3.08642	-4.62963
78	7	-3.42936	5.14403	-3.08642	-4.62963
78	7	3.42936	2.05761	3.08642	-1.85185
79	7	3.42936	2.05761	3.08642	-1.85185
79	7	-21.4335	12.8601	7.71605	4.62963
80	7	-21.4335	12.8601	7.71605	4.62963
80	7	0.548697	0.823045	-1.23457	1.85185
81	7	0.548697	0.823045	-1.23457	1.85185
81	7	-1.37174	-2.05761	3.08642	-4.62963
82	7	-1.37174	-2.05761	3.08642	-4.62963
82	7	8.57339	-5.14403	-3.08642	-1.85185
83	7	8.57339	-5.14403	-3.08642	-1.85185
83	7	3.42936	5.14403	-7.71605	4.62963
84	7	3.42936	5.14403	-7.71605	4.62963
84	7	-3.42936	2.05761	1.23457	1.85185
85	7	-3.42936	2.05761	1.23457	1.85185
85	7	8.57339	-5.14403	-3.08642	-4.62963
86	7	8.57339	-5.14403	-3.08642	-4.62963
86	7	-1.37174	-2.05761	3.08642	-1.85185
87	7	-1.37174	-2.05761	3.08642	-1.85185
87	7	-8.57339	-12.8601	7.71605	4.62963
88	7	-8.57339	-12.8601	7.71605	4.62963
88	7	1.37174	-0.823045	-1.23457	1.85185
89	7	1.37174	-0.823045	-1.23457	1.85185
89	7	-3.42936	2.05761	3.08642	-4.62963
90	7	-3.42936	2.05761	3.08642	-4.62963
90	7	3.42936	5.14403	-3.08642	-1.85185
91	7	3.42936	5.14403	-3.08642	-1.85185
91	7	8.57339	-5.14403	-7.71605	4.62963
92	7	8.57339	-5.14403	-7.71605	4.62963
92	7	-1.37174	-2.05761	1.23457	1.85185
93	7	-1.37174	-2.05761	1.23457	1.85185
93	7	3.42936	5.14403	-3.08642	-4.62963
94	7	3.42936	5.14403	-3.08642	-4.62963
94	7	-3.42936	2.05761	3.08642	-1.85185
95	7	-3.42936	2.05761	3.08642	-1.85185
95	7	21.4335	12.8601	7.71605	4.62963
96	7	21.4335	12.8601	7.71605	4.62963
96	7	-0.548697	0.823045	-1.23457	1.85185
97	7	-0.548697	0.823045	-1.23457	1.85185
97	7	1.37174	-2.05761	3.08642	-4.62963
98	7	1.37174	-2.05761	3.08642	-4.62963
98	7	-8.57339	-5.14403	-3.08642	-1.85185
99	7	-8.57339	-5.14403	-3.08642	-1.85185
99	7	-3.42936	5.14403	-7.71605	4.62963
100	7	-3.42936	5.14403	-7.71605	4.62963
100	7	3.42936	2.05761	1.23457	1.85185
101	7	3.42936	2.05761	1.23457	1.85185
101	7	-8.57339	-5.14403	-3.08642	-4.62963
102	7	-8.57339	-5.14403	-3.08642	-4.62963
102	7	1.37174	-2.05761	3.08642	-1.85185
103	7	1.37174	-2.05761	3.08642	-1.85185
103	7	8.57339	-12.8601	7.71605	4.62963
104	7	8.57339	-12.8601	7.71605	4.62963
104	7	-1.37174	-0.823045	-1.23457	1.85185
105	7	-1.37174	-0.823045	-1.23457	1.85185
105	7	3.42936	2.05761	3.08642	-4.62963
106	7	3.42936	2.05761	3.08642	-4.62963
106	7	-3.42936	5.14403	-3.08642	-1.85185
107	7	-3.42936	5.14403	-3.08642	-1.85185
107	7	-8.57339	-5.14403	-7.71605	4.62963
108	7	-8.57339	-5.14403	-7.71605	4.62963
108	7	1.37174	-2.05761	1.23457	1.85185
109	7	1.37174	-2.05761	1.23457	1.85185
109	7	-3.42936	5.14403	-3.08642	-4.62963
110	7	-3.42936	5.14403	-3.08642	-4.62963
110	7	3.42936	2.05761	3.08642	-1.85185
111	7	3.42936	2.05761	3.08642	-1.85185
111	7	-21.4335	12.8601	7.71605	4.62963
112	7	-21.4335	12.8601	7.71605	4.62963
112	7	0.548697	0.823045	-1.23457	1.85185
113	7	0.548697	0.823045	-1.23457	1.85185
113	7	-1.37174	-2.05761	3.08642	-4.62963
114	7	-1.37174	-2.05761	3.08642	-4.62963
114	7	8.57339	-5.14403	-3.08642	-1.85185
115	7	8.57339	-5.14403	-3.08642	-1.85185
115	7	3.42936	5.14403	-7.71605	4.62963
116	7	3.42936	5.14403	-7.71605	4.62963
116	7	-3.42936	2.05761	1.23457	1.85185
117	7	-3.42936	2.05761	1.23457	1.85185
117	7	8.57339	-5.14403	-3.08642	-4.62963
118	7	8.57339	-5.14403	-3.08642	-4.62963
118	7	-1.37174	-2.05761	3.08642	-1.85185
119	7	-1.37174	-2.05761	3.08642	-1.85185
119	7	-8.57339	-12.8601	7.71605	4.62963
120	7	-8.57339	-12.8601	7.71605	4.62963
120	7	1.37174	-0.823045	-1.23457	1.85185
121	7	1.37174	-0.823045	-1.23457	1.85185
121	7	-3.42936	2.05761	3.08642	-4.62963
122	7	-3.42936	2.05761	3.08642	-4.62963
122	7	3.42936	5.14403	-3.08642	-1.85185
123	7	3.42936	5.14403	-3.08642	-1.85185
123	7	8.57339	-5.14403	-7.71605	4.62963
124	7	8.57339	-5.14403	-7.71605	4.62963
124	7	-1.37174	-2.05761	1.23457	1.85185
125	7	-1.37174	-2.05761	1.23457	1.85185
125	7	3.42936	5.14403	-3.08642	-4.62963
126	7	3.42936	5.14403	-3.08642	-4.62963
126	7	-3.42936	2.05761	3.08642	-1.85185
127	7	-3.42936	2.05761	3.08642	-1.85185
127	8	35.7225	21.4335	12.8601	7.71605
128	8	35.7225	21.4335	12.8601	7.71605
128	8	0.365798	-0.548697	0.823045	-1.23457
129	8	0.365798	-0.548697	0.823045	-1.23457
129	8	-0.914495	1.37174	-2.05761	3.08642
130	8	-0.914495	1.37174	-2.05761	3.08642
130	8	-14.289	-8.57339	-5.14403	-3.08642
131	8	-14.289	-8.57339	-5.14403	-3.08642
131	8	2.28624	-3.42936	5.14403	-7.71605
132	8	2.28624	-3.42936	5.14403	-7.71605
132	8	5.71559	3.42936	2.05761	1.23457
133	8	5.71559	3.42936	2.05761	1.23457
133	8	-14.289	-8.57339	-5.14403	-3.08642
134	8	-14.289	-8.57339	-5.14403	-3.08642
134	8	-0.914495	1.37174	-2.05761	3.08642
135	8	-0.914495	1.37174	-2.05761	3.08642
135	8	-5.71559	8.57339	-12.8601	7.71605
136	8	-5.71559	8.57339	-12.8601	7.71605
136	8	-2.28624	-1.37174	-0.823045	-1.23457
137	8	-2.28624	-1.37174	-0.823045	-1.23457
137	8	5.71559	3.42936	2.05761	3.08642
138	8	5.71559	3.42936	2.05761	3.08642
138	8	2.28624	-3.42936	5.14403	-3.08642
139	8	2.28624	-3.42936	5.14403	-3.08642
139	8	-14.289	-8.57339	-5.14403	-7.71605
140	8	-14.289	-8.57339	-5.14403	-7.71605
140	8	-0.914495	1.37174	-2.05761	1.23457
141	8	-0.914495	1.37174	-2.05761	1.23457
141	8	2.28624	-3.42936	5.14403	-3.08642
142	8	2.28624	-3.42936	5.14403	-3.08642
142	8	5.71559	3.42936	2.05761	3.08642
143	8	5.71559	3.42936	2.05761	3.08642
143	8	14.289	-21.4335	12.8601	7.71605
144	8	14.289	-21.4335	12.8601	7.71605
144	8	0.914495	0.548697	0.823045	-1.23457
145	8	0.914495	0.548697	0.823045	-1.23457
145	8	-2.28624	-1.37174	-2.05761	3.08642
146	8	-2.28624	-1.37174	-2.05761	3.08642
146	8	-5.71559	8.57339	-5.14403	-3.08642
147	8	-5.71559	8.57339	-5.14403	-3.08642
147	8	5.71559	3.42936	5.14403	-7.71605
148	8	5.71559	3.42936	5.14403	-7.71605
148	8	2.28624	-3.42936	2.05761	1.23457
149	8	2.28624	-3.42936	2.05761	1.23457
149	8	-5.71559	8.57339	-5.14403	-3.08642
150	8	-5.71559	8.57339	-5.14403	-3.08642
150	8	-2.28624	-1.37174	-2.05761	3.08642
151	8	-2.28624	-1.37174	-2.05761	3.08642
151	8	-14.289	-8.57339	-12.8601	7.71605
152	8	-14.289	-8.57339	-12.8601	7.71605
152	8	-0.914495	1.37174	-0.823045	-1.23457
153	8	-0.914495	1.37174	-0.823045	-1.23457
153	8	2.28624	-3.42936	2.05761	3.08642
154	8	2.28624	-3.42936	2.05761	3.08642
154	8	5.71559	3.42936	5.14403	-3.08642
155	8	5.71559	3.42936	5.14403	-3.08642
155	8	-5.71559	8.57339	-5.14403	-7.71605
156	8	-5.71559	8.57339	-5.14403	-7.71605
156	8	-2.28624	-1.37174	-2.05761	1.23457
157	8	-2.28624	-1.37174	-2.05761	1.23457
157	8	5.71559	3.42936	5.14403	-3.08642
158	8	5.71559	3.42936	5.14403	-3.08642
158	8	2.28624	-3.42936	2.05761	3.08642
159	8	2.28624	-3.42936	2.05761	3.08642
159	8	-35.7225	21.4335	12.8601	7.71605
160	8	-35.7225	21.4335	12.8601	7.71605
160	8	-0.365798	-0.548697	0.823045	-1.23457
161	8	-0.365798	-0.548697	0.823045	-1.23457
161	8	0.914495	1.37174	-2.05761	3.08642
162	8	0.914495	1.37174	-2.05761	3.08642
162	8	14.289	-8.57339	-5.14403	-3.08642
163	8	14.289	-8.57339	-5.14403	-3.08642
163	8	-2.28624	-3.42936	5.14403	-7.71605
164	8	-2.28624	-3.42936	5.14403	-7.71605
164	8	-5.71559	3.42936	2.05761	1.23457
165	8	-5.71559	3.42936	2.05761	1.23457
165	8	14.289	-8.57339	-5.14403	-3.08642
166	8	14.289	-8.57339	-5.14403	-3.08642
166	8	0.914495	1.37174	-2.05761	3.08642
167	8	0.914495	1.37174	-2.05761	3.08642
167	8	5.71559	8.57339	-12.8601	7.71605
168	8	5.71559	8.57339	-12.8601	7.71605
168	8	2.28624	-1.37174	-0.823045	-1.23457
169	8	2.28624	-1.37174	-0.823045	-1.23457
169	8	-5.71559	3.42936	2.05761	3.08642
170	8	-5.71559	3.42936	2.05761	3.08642
170	8	-2.28624	-3.42936	5.14403	-3.08642
171	8	-2.28624	-3.42936	5.14403	-3.08642
171	8	14.289	-8.57339	-5.14403	-7.71605
172	8	14.289	-8.57339	-5.14403	-7.71605
172	8	0.914495	1.37174	-2.05761	1.23457
173	8	0.914495	1.37174	-2.05761	1.23457
173	8	-2.28624	-3.42936	5.14403	-3.08642
174	8	-2.28624	-3.42936	5.14403	-3.08642
174	8	-5.71559	3.42936	2.05761	3.08642
175	8	-5.71559	3.42936	2.05761	3.08642
175	8	-14.289	-21.4335	12.8601	7.71605
176	8	-14.289	-21.4335	12.8601	7.71605
176	8	-0.914495	0.548697	0.823045	-1.23457
177	8	-0.914495	0.548697	0.823045	-1.23457
177	8	2.28624	-1.37174	-2.05761	3.08642
178	8	2.28624	-1.37174	-2.05761	3.08642
178	8	5.71559	8.57339	-5.14403	-3.08642
179	8	5.71559	8.57339	-5.14403	-3.08642
179	8	-5.71559	3.42936	5.14403	-7.71605
180	8	-5.71559	3.42936	5.14403	-7.71605
180	8	-2.28624	-3.42936	2.05761	1.23457
181	8	-2.28624	-3.42936	2.05761	1.23457
181	8	5.71559	8.57339	-5.14403	-3.08642
182	8	5.71559	8.57339	-5.14403	-3.08642
182	8	2.28624	-1.37174	-2.05761	3.08642
183	8	2.28624	-1.37174	-2.05761	3.08642
183	8	14.289	-8.57339	-12.8601	7.71605
184	8	14.289	-8.57339	-12.8601	7.71605
184	8	0.914495	1.37174	-0.823045	-1.23457
185	8	0.914495	1.37174	-0.823045	-1.23457
185	8	-2.28624	-3.42936	2.05761	3.08642
186	8	-2.28624	-3.42936	2.05761	3.08642
186	8	-5.71559	3.42936	5.14403	-3.08642
187	8	-5.71559	3.42936	5.14403	-3.08642
187	8	5.71559	8.57339	-5.14403	-7.71605
188	8	5.71559	8.57339	-5.14403	-7.71605
188	8	2.28624	-1.37174	-2.05761	1.23457
189	8	2.28624	-1.37174	-2.05761	1.23457
189	8	-5.71559	3.42936	5.14403	-3.08642
190	8	-5.71559	3.42936	5.14403	-3.08642
190	8	-2.28624	-3.42936	2.05761	3.08642
191	8	-2.28624	-3.42936	2.05761	3.08642
191	8	35.7225	21.4335	12.8601	7.71605
192	8	35.7225	21.4335	12.8601	7.71605
192	8	0.365798	-0.548697	0.823045	-1.23457
193	8	0.365798	-0.548697	0.823045	-1.23457
193	8	-0.914495	1.37174	-2.05761	3.08642
194	8	-0.914495	1.37174	-2.05761	3.08642
194	8	-14.289	-8.57339	-5.14403	-3.08642
195	8	-14.289	-8.57339	-5.14403	-3.08642
195	8	2.28624	-3.42936	5.14403	-7.71605
196	8	2.28624	-3.42936	5.14403	-7.71605
196	8	5.71559	3.42936	2.05761	1.23457
197	8	5.71559	3.42936	2.05761	1.23457
197	8	-14.289	-8.57339	-5.14403	-3.08642
198	8	-14.289	-8.57339	-5.14403	-3.08642
198	8	-0.914495	1.37174	-2.05761	3.08642
199	8	-0.914495	1.37174	-2.05761	3.08642
199	8	-5.71559	8.57339	-12.8601	7.71605
200	8	-5.71559	8.57339	-12.8601	7.71605
