#
# GSL variant K=0.8
#
#
# K = 572 / 715 =  0.80000000000000004 =  0.79999999999999993
#
#
#------------------------
#
# Done verifying orthogonality
#
# eigenvalue = -0.629104 + i 0.00671327 mag=0.62914
#
0	0.00041632	0.0735031	0.538259	-0.0797674	-0.541004	0.0861022	0.5437
1	0.00124896	0.0137492	0.561813	-0.019874	-0.565355	0.0260771	0.568854
2	0.0020816	0.0732092	0.539839	-0.0794885	-0.542597	0.0858386	0.545306
3	0.00291424	0.0139109	0.561037	-0.0200285	-0.564572	0.0262242	0.568064
4	0.00374688	0.0139109	0.561037	-0.0200285	-0.564572	0.0262242	0.568064
5	0.00457952	0.0730403	0.540608	-0.0793268	-0.543373	0.0856842	0.546089
6	0.00541216	0.0730403	0.540608	-0.0793268	-0.543373	0.0856842	0.546089
7	0.0062448	0.0730403	0.540608	-0.0793268	-0.543373	0.0856842	0.546089
8	0.00707744	-0.151964	0.377218	0.14891	-0.381327	-0.145792	0.385431
9	0.00791007	-0.151964	0.377218	0.14891	-0.381327	-0.145792	0.385431
10	0.00874271	-0.151964	0.377218	0.14891	-0.381327	-0.145792	0.385431
11	0.00957535	-0.151964	0.377218	0.14891	-0.381327	-0.145792	0.385431
12	0.010408	-0.151964	0.377218	0.14891	-0.381327	-0.145792	0.385431
13	0.0112406	0.0110442	0.56082	-0.0171406	-0.564384	0.0233154	0.567906
14	0.0120733	0.069815	0.541909	-0.0760942	-0.544717	0.0824448	0.547477
15	0.0129059	0.069815	0.541909	-0.0760942	-0.544717	0.0824448	0.547477
16	0.0137386	0.069815	0.541909	-0.0760942	-0.544717	0.0824448	0.547477
17	0.0145712	0.069815	0.541909	-0.0760942	-0.544717	0.0824448	0.547477
18	0.0154038	0.069815	0.541909	-0.0760942	-0.544717	0.0824448	0.547477
19	0.0162365	0.0359436	0.647728	-0.043137	-0.651595	0.0504192	0.655411
20	0.0170691	-0.468153	0.974707	0.460758	-0.986136	-0.453191	0.997561
21	0.0179017	-0.468153	0.974707	0.460758	-0.986136	-0.453191	0.997561
22	0.0187344	-0.631163	0.799683	0.626718	-0.811714	-0.622115	0.823776
23	0.019567	-0.631163	0.799683	0.626718	-0.811714	-0.622115	0.823776
24	0.0203997	-0.631163	0.799683	0.626718	-0.811714	-0.622115	0.823776
25	0.0212323	-0.631163	0.799683	0.626718	-0.811714	-0.622115	0.823776
26	0.0220649	-0.631163	0.799683	0.626718	-0.811714	-0.622115	0.823776
27	0.0228976	-0.631163	0.799683	0.626718	-0.811714	-0.622115	0.823776
28	0.0237302	-0.631163	0.799683	0.626718	-0.811714	-0.622115	0.823776
29	0.0245629	-0.775082	1.80842	0.760747	-1.82862	-0.746101	1.8488
30	0.0253955	-0.775082	1.80842	0.760747	-1.82862	-0.746101	1.8488
31	0.0262281	-0.982861	1.54546	0.972715	-1.56616	-0.96228	1.5869
32	0.0270608	-0.982861	1.54546	0.972715	-1.56616	-0.96228	1.5869
33	0.0278934	-0.478644	1.22599	0.468618	-1.23918	-0.458385	1.25236
34	0.0287261	0.00882571	0.599964	-0.015328	-0.603809	0.0219143	0.607609
35	0.0295587	0.0119317	0.590968	-0.0183578	-0.594721	0.0248664	0.598429
36	0.0303913	0.0119317	0.590968	-0.0183578	-0.594721	0.0248664	0.598429
37	0.031224	0.0119317	0.590968	-0.0183578	-0.594721	0.0248664	0.598429
38	0.0320566	0.0119317	0.590968	-0.0183578	-0.594721	0.0248664	0.598429
39	0.0328893	0.0119317	0.590968	-0.0183578	-0.594721	0.0248664	0.598429
40	0.0337219	0.0119317	0.590968	-0.0183578	-0.594721	0.0248664	0.598429
41	0.0345545	0.0119317	0.590968	-0.0183578	-0.594721	0.0248664	0.598429
42	0.0353872	0.0119317	0.590968	-0.0183578	-0.594721	0.0248664	0.598429
43	0.0362198	0.0119317	0.590968	-0.0183578	-0.594721	0.0248664	0.598429
44	0.0370525	0.0119317	0.590968	-0.0183578	-0.594721	0.0248664	0.598429
45	0.0378851	0.0119317	0.590968	-0.0183578	-0.594721	0.0248664	0.598429
46	0.0387177	0.165588	-0.409552	-0.162277	0.41402	0.158895	-0.418482
47	0.0395504	0.165588	-0.409552	-0.162277	0.41402	0.158895	-0.418482
48	0.040383	0.165588	-0.409552	-0.162277	0.41402	0.158895	-0.418482
49	0.0412157	0.404849	-0.249823	-0.404824	0.255812	0.404734	-0.26184
50	0.0420483	0.369201	-0.146128	-0.370055	0.151054	0.370863	-0.15602
51	0.0428809	0.369201	-0.146128	-0.370055	0.151054	0.370863	-0.15602
52	0.0437136	-0.135056	0.165872	0.134162	-0.168411	-0.133234	0.170958
53	0.0445462	-0.135056	0.165872	0.134162	-0.168411	-0.133234	0.170958
54	0.0453789	-0.135056	0.165872	0.134162	-0.168411	-0.133234	0.170958
55	0.0462115	-0.684109	0.799265	0.680016	-0.811862	-0.675761	0.824497
56	0.0470441	-0.629107	0.791481	0.624737	-0.803436	-0.62021	0.815422
57	0.0478768	-0.629107	0.791481	0.624737	-0.803436	-0.62021	0.815422
58	0.0487094	-0.629107	0.791481	0.624737	-0.803436	-0.62021	0.815422
59	0.049542	-0.629107	0.791481	0.624737	-0.803436	-0.62021	0.815422
60	0.0503747	-0.629107	0.791481	0.624737	-0.803436	-0.62021	0.815422
61	0.0512073	-0.629107	0.791481	0.624737	-0.803436	-0.62021	0.815422
62	0.05204	-0.629107	0.791481	0.624737	-0.803436	-0.62021	0.815422
63	0.0528726	-0.629107	0.791481	0.624737	-0.803436	-0.62021	0.815422
64	0.0537052	-0.629107	0.791481	0.624737	-0.803436	-0.62021	0.815422
65	0.0545379	-0.629107	0.791481	0.624737	-0.803436	-0.62021	0.815422
66	0.0553705	-0.629107	0.791481	0.624737	-0.803436	-0.62021	0.815422
67	0.0562032	-0.180271	0.177392	0.179549	-0.180493	-0.17879	0.183607
68	0.0570358	-0.180271	0.177392	0.179549	-0.180493	-0.17879	0.183607
69	0.0578684	-0.180271	0.177392	0.179549	-0.180493	-0.17879	0.183607
70	0.0587011	-0.180271	0.177392	0.179549	-0.180493	-0.17879	0.183607
71	0.0595337	-0.180271	0.177392	0.179549	-0.180493	-0.17879	0.183607
72	0.0603664	-0.180271	0.177392	0.179549	-0.180493	-0.17879	0.183607
73	0.061199	-0.180271	0.177392	0.179549	-0.180493	-0.17879	0.183607
74	0.0620316	-0.343514	1.16964	0.333206	-1.18101	-0.322708	1.19235
75	0.0628643	-0.343514	1.16964	0.333206	-1.18101	-0.322708	1.19235
76	0.0636969	-0.420735	1.09313	0.411756	-1.10483	-0.402593	1.11651
77	0.0645296	-0.420735	1.09313	0.411756	-1.10483	-0.402593	1.11651
78	0.0653622	-0.420735	1.09313	0.411756	-1.10483	-0.402593	1.11651
79	0.0661948	-0.656054	0.65529	0.653323	-0.66664	-0.650453	0.678035
80	0.0670275	-0.682121	0.769488	0.678335	-0.781867	-0.674391	0.794288
81	0.0678601	-0.682121	0.769488	0.678335	-0.781867	-0.674391	0.794288
82	0.0686928	-0.682121	0.769488	0.678335	-0.781867	-0.674391	0.794288
83	0.0695254	-0.682121	0.769488	0.678335	-0.781867	-0.674391	0.794288
84	0.070358	-0.177903	0.464904	0.174078	-0.469868	-0.170174	0.474823
85	0.0711907	-0.177903	0.464904	0.174078	-0.469868	-0.170174	0.474823
86	0.0720233	-0.177903	0.464904	0.174078	-0.469868	-0.170174	0.474823
87	0.072856	-0.177903	0.464904	0.174078	-0.469868	-0.170174	0.474823
88	0.0736886	0.316246	-0.142506	-0.316793	0.146839	0.317296	-0.151206
89	0.0745212	0.3195	-0.151316	-0.319973	0.155742	0.320402	-0.160202
90	0.0753539	0.3195	-0.151316	-0.319973	0.155742	0.320402	-0.160202
91	0.0761865	0.3195	-0.151316	-0.319973	0.155742	0.320402	-0.160202
92	0.0770192	0.3195	-0.151316	-0.319973	0.155742	0.320402	-0.160202
93	0.0778518	0.3195	-0.151316	-0.319973	0.155742	0.320402	-0.160202
94	0.0786844	0.3195	-0.151316	-0.319973	0.155742	0.320402	-0.160202
95	0.0795171	0.3195	-0.151316	-0.319973	0.155742	0.320402	-0.160202
96	0.0803497	0.3195	-0.151316	-0.319973	0.155742	0.320402	-0.160202
97	0.0811823	0.3195	-0.151316	-0.319973	0.155742	0.320402	-0.160202
98	0.082015	0.3195	-0.151316	-0.319973	0.155742	0.320402	-0.160202
99	0.0828476	0.3195	-0.151316	-0.319973	0.155742	0.320402	-0.160202
100	0.0836803	0.3195	-0.151316	-0.319973	0.155742	0.320402	-0.160202
101	0.0845129	0.3195	-0.151316	-0.319973	0.155742	0.320402	-0.160202
102	0.0853455	0.3195	-0.151316	-0.319973	0.155742	0.320402	-0.160202
103	0.0861782	0.24246	-0.33597	-0.240443	0.340781	0.238362	-0.345601
104	0.0870108	0.24246	-0.33597	-0.240443	0.340781	0.238362	-0.345601
105	0.0878435	0.691742	-0.388586	-0.69211	0.398567	0.692374	-0.408619
106	0.0886761	0.691742	-0.388586	-0.69211	0.398567	0.692374	-0.408619
107	0.0895087	0.239375	0.21667	-0.243274	-0.215521	0.247186	0.214324
108	0.0903414	0.239375	0.21667	-0.243274	-0.215521	0.247186	0.214324
109	0.091174	0.239375	0.21667	-0.243274	-0.215521	0.247186	0.214324
110	0.0920067	0.190726	0.301009	-0.195212	-0.300937	0.199726	0.300817
111	0.0928393	0.190726	0.301009	-0.195212	-0.300937	0.199726	0.300817
112	0.0936719	0.190726	0.301009	-0.195212	-0.300937	0.199726	0.300817
113	0.0945046	0.190726	0.301009	-0.195212	-0.300937	0.199726	0.300817
114	0.0953372	0.190726	0.301009	-0.195212	-0.300937	0.199726	0.300817
115	0.0961699	0.190726	0.301009	-0.195212	-0.300937	0.199726	0.300817
116	0.0970025	0.190726	0.301009	-0.195212	-0.300937	0.199726	0.300817
117	0.0978351	0.190726	0.301009	-0.195212	-0.300937	0.199726	0.300817
118	0.0986678	0.59601	0.314699	-0.603305	-0.310364	0.6106	0.305922
119	0.0995004	0.768688	-0.669235	-0.766547	0.681887	0.764257	-0.694598
120	0.100333	0.768688	-0.669235	-0.766547	0.681887	0.764257	-0.694598
121	0.101166	1.19409	-0.677268	-1.19466	0.694541	1.19505	-0.711934
122	0.101998	1.27922	-0.349677	-1.28387	0.365714	1.28837	-0.381906
123	0.102831	1.27922	-0.349677	-1.28387	0.365714	1.28837	-0.381906
124	0.103664	0.795445	-0.201096	-0.798508	0.210961	0.801486	-0.220923
125	0.104496	0.795445	-0.201096	-0.798508	0.210961	0.801486	-0.220923
126	0.105329	1.02815	-0.0384596	-1.03449	0.0497557	1.04075	-0.0611941
127	0.106162	0.963743	0.279821	-0.973078	-0.271307	0.982382	0.262637
128	0.106994	1.49176	-0.21423	-1.49926	0.23166	1.50661	-0.249285
129	0.107827	1.49176	-0.21423	-1.49926	0.23166	1.50661	-0.249285
130	0.108659	1.49176	-0.21423	-1.49926	0.23166	1.50661	-0.249285
131	0.109492	1.02665	-0.124165	-1.03206	0.136008	1.03738	-0.147987
132	0.110325	1.02665	-0.124165	-1.03206	0.136008	1.03738	-0.147987
133	0.111157	1.02665	-0.124165	-1.03206	0.136008	1.03738	-0.147987
134	0.11199	1.02048	-0.0465443	-1.02668	0.0578112	1.03281	-0.0692187
135	0.112823	1.02048	-0.0465443	-1.02668	0.0578112	1.03281	-0.0692187
136	0.113655	1.02048	-0.0465443	-1.02668	0.0578112	1.03281	-0.0692187
137	0.114488	1.02048	-0.0465443	-1.02668	0.0578112	1.03281	-0.0692187
138	0.115321	1.02048	-0.0465443	-1.02668	0.0578112	1.03281	-0.0692187
139	0.116153	1.02048	-0.0465443	-1.02668	0.0578112	1.03281	-0.0692187
140	0.116986	0.388927	0.601071	-0.397937	-0.60084	0.407004	0.600512
141	0.117818	0.24091	0.415273	-0.246952	-0.415412	0.253036	0.415487
142	0.118651	0.248088	0.586701	-0.256019	-0.587889	0.264015	0.588999
143	0.119484	-0.188701	0.614353	0.183341	-0.620414	-0.177881	0.626458
144	0.120316	-0.188701	0.614353	0.183341	-0.620414	-0.177881	0.626458
145	0.121149	-0.188701	0.614353	0.183341	-0.620414	-0.177881	0.626458
146	0.121982	-0.188701	0.614353	0.183341	-0.620414	-0.177881	0.626458
147	0.122814	-0.128044	0.584247	0.12261	-0.589459	-0.117083	0.594647
148	0.123647	-0.128044	0.584247	0.12261	-0.589459	-0.117083	0.594647
149	0.12448	-0.128044	0.584247	0.12261	-0.589459	-0.117083	0.594647
150	0.125312	-0.128044	0.584247	0.12261	-0.589459	-0.117083	0.594647
151	0.126145	-0.128044	0.584247	0.12261	-0.589459	-0.117083	0.594647
152	0.126978	-0.128044	0.584247	0.12261	-0.589459	-0.117083	0.594647
153	0.12781	-0.128044	0.584247	0.12261	-0.589459	-0.117083	0.594647
154	0.128643	-0.128044	0.584247	0.12261	-0.589459	-0.117083	0.594647
155	0.129475	-0.128044	0.584247	0.12261	-0.589459	-0.117083	0.594647
156	0.130308	-0.128044	0.584247	0.12261	-0.589459	-0.117083	0.594647
157	0.131141	-0.128044	0.584247	0.12261	-0.589459	-0.117083	0.594647
158	0.131973	-0.156922	0.435491	0.153275	-0.440036	-0.149555	0.444572
159	0.132806	-0.156922	0.435491	0.153275	-0.440036	-0.149555	0.444572
160	0.133639	-0.156922	0.435491	0.153275	-0.440036	-0.149555	0.444572
161	0.134471	-0.156922	0.435491	0.153275	-0.440036	-0.149555	0.444572
162	0.135304	-0.156922	0.435491	0.153275	-0.440036	-0.149555	0.444572
163	0.136137	-0.203132	0.52414	0.198836	-0.529764	-0.194451	0.535378
164	0.136969	-0.203132	0.52414	0.198836	-0.529764	-0.194451	0.535378
165	0.137802	0.253366	0.754101	-0.26313	-0.756332	0.272982	0.758472
166	0.138634	0.260765	0.515044	-0.268009	-0.515625	0.275308	0.516133
167	0.139467	0.761934	0.267961	-0.769815	-0.261537	0.77768	0.254986
168	0.1403	0.0195493	0.187987	-0.0216969	-0.189012	0.0238696	0.19002
169	0.141132	0.0195493	0.187987	-0.0216969	-0.189012	0.0238696	0.19002
170	0.141965	0.0195493	0.187987	-0.0216969	-0.189012	0.0238696	0.19002
171	0.142798	-0.0165917	0.0366541	0.016307	-0.037073	-0.0160159	0.0374916
172	0.14363	0.47533	-0.408456	-0.474064	0.416243	0.472706	-0.424069
173	0.144463	0.47533	-0.408456	-0.474064	0.416243	0.472706	-0.424069
174	0.145296	0.47533	-0.408456	-0.474064	0.416243	0.472706	-0.424069
175	0.146128	0.47533	-0.408456	-0.474064	0.416243	0.472706	-0.424069
176	0.146961	0.47533	-0.408456	-0.474064	0.416243	0.472706	-0.424069
177	0.147794	0.112022	0.185371	-0.114749	-0.185385	0.117493	0.185369
178	0.148626	0.112022	0.185371	-0.114749	-0.185385	0.117493	0.185369
179	0.149459	0.112022	0.185371	-0.114749	-0.185385	0.117493	0.185369
180	0.150291	0.112022	0.185371	-0.114749	-0.185385	0.117493	0.185369
181	0.151124	0.112022	0.185371	-0.114749	-0.185385	0.117493	0.185369
182	0.151957	0.112022	0.185371	-0.114749	-0.185385	0.117493	0.185369
183	0.152789	0.112022	0.185371	-0.114749	-0.185385	0.117493	0.185369
184	0.153622	0.112022	0.185371	-0.114749	-0.185385	0.117493	0.185369
185	0.154455	0.112022	0.185371	-0.114749	-0.185385	0.117493	0.185369
186	0.155287	0.112022	0.185371	-0.114749	-0.185385	0.117493	0.185369
187	0.15612	0.112022	0.185371	-0.114749	-0.185385	0.117493	0.185369
188	0.156953	0.112022	0.185371	-0.114749	-0.185385	0.117493	0.185369
189	0.157785	-0.290427	0.167475	0.290535	-0.171694	-0.290599	0.175943
190	0.158618	-0.472388	1.14305	0.463213	-1.15563	-0.453842	1.16819
191	0.15945	-0.472388	1.14305	0.463213	-1.15563	-0.453842	1.16819
192	0.160283	-0.472388	1.14305	0.463213	-1.15563	-0.453842	1.16819
193	0.161116	-0.839028	1.07917	0.832946	-1.09527	-0.826651	1.11141
194	0.161948	-0.895056	1.14652	0.888619	-1.16366	-0.881955	1.18085
195	0.162781	-0.733375	-0.0957497	0.73922	0.0885012	-0.745025	-0.0811422
196	0.163614	-0.733375	-0.0957497	0.73922	0.0885012	-0.745025	-0.0811422
197	0.164446	-0.682022	-0.174724	0.688378	0.168546	-0.694708	-0.162259
198	0.165279	-0.199878	-0.317191	0.204598	0.317127	-0.209348	-0.317012
199	0.166112	-0.199878	-0.317191	0.204598	0.317127	-0.209348	-0.317012
200	0.166944	-0.199878	-0.317191	0.204598	0.317127	-0.209348	-0.317012
201	0.167777	-0.858862	0.160484	0.862778	-0.170763	-0.86661	0.181151
202	0.168609	-0.858862	0.160484	0.862778	-0.170763	-0.86661	0.181151
203	0.169442	-0.79151	-0.155002	0.798373	0.147518	-0.8052	-0.139912
204	0.170275	-0.976102	-0.334013	0.9861	0.325722	-0.996074	-0.317269
205	0.171107	-1.50585	0.151162	1.51412	-0.168329	-1.52225	0.185698
206	0.17194	-1.50585	0.151162	1.51412	-0.168329	-1.52225	0.185698
207	0.172773	-1.50585	0.151162	1.51412	-0.168329	-1.52225	0.185698
208	0.173605	-1.02915	-0.360598	1.03978	0.351911	-1.05039	-0.343054
209	0.174438	-1.02915	-0.360598	1.03978	0.351911	-1.05039	-0.343054
210	0.175271	-0.566172	-0.445134	0.574671	0.441975	-0.583192	-0.438705
211	0.176103	-0.626422	-0.395932	0.634788	0.391803	-0.643165	-0.387558
212	0.176936	-0.626422	-0.395932	0.634788	0.391803	-0.643165	-0.387558
213	0.177769	-0.626422	-0.395932	0.634788	0.391803	-0.643165	-0.387558
214	0.178601	-0.934795	-0.585657	0.947224	0.579462	-0.959669	-0.573093
215	0.179434	-0.934795	-0.585657	0.947224	0.579462	-0.959669	-0.573093
216	0.180266	-0.934795	-0.585657	0.947224	0.579462	-0.959669	-0.573093
217	0.181099	-1.26969	-0.681665	1.28535	0.672504	-1.30101	-0.663114
218	0.181932	-1.26969	-0.681665	1.28535	0.672504	-1.30101	-0.663114
219	0.182764	-1.26969	-0.681665	1.28535	0.672504	-1.30101	-0.663114
220	0.183597	-1.26969	-0.681665	1.28535	0.672504	-1.30101	-0.663114
221	0.18443	-1.26969	-0.681665	1.28535	0.672504	-1.30101	-0.663114
222	0.185262	-1.37792	-0.869258	1.39631	0.860166	-1.41472	-0.850816
223	0.186095	-1.09898	-0.730848	1.11404	0.723843	-1.12914	-0.71663
224	0.186928	-0.743695	-1.50588	0.764754	1.50778	-0.785971	-1.50947
225	0.18776	-0.743695	-1.50588	0.764754	1.50778	-0.785971	-1.50947
226	0.188593	-0.59863	-1.31975	0.616736	1.32198	-0.634986	-1.32404
227	0.189425	-0.541094	-1.33427	0.558979	1.33722	-0.577013	-1.34
228	0.190258	-0.603943	-1.49011	0.623914	1.49341	-0.644053	-1.49652
229	0.191091	-0.16976	-1.51295	0.187126	1.52106	-0.204692	-1.52904
230	0.191923	-0.16976	-1.51295	0.187126	1.52106	-0.204692	-1.52904
231	0.192756	-0.16976	-1.51295	0.187126	1.52106	-0.204692	-1.52904
232	0.193589	-0.16976	-1.51295	0.187126	1.52106	-0.204692	-1.52904
233	0.194421	-0.16976	-1.51295	0.187126	1.52106	-0.204692	-1.52904
234	0.195254	-0.16976	-1.51295	0.187126	1.52106	-0.204692	-1.52904
235	0.196087	-0.230333	-1.48369	0.247782	1.49096	-0.265424	-1.49809
236	0.196919	-0.230333	-1.48369	0.247782	1.49096	-0.265424	-1.49809
237	0.197752	-0.230333	-1.48369	0.247782	1.49096	-0.265424	-1.49809
238	0.198585	-0.230333	-1.48369	0.247782	1.49096	-0.265424	-1.49809
239	0.199417	-0.230333	-1.48369	0.247782	1.49096	-0.265424	-1.49809
240	0.20025	-0.230333	-1.48369	0.247782	1.49096	-0.265424	-1.49809
241	0.201082	-0.230333	-1.48369	0.247782	1.49096	-0.265424	-1.49809
242	0.201915	-0.230333	-1.48369	0.247782	1.49096	-0.265424	-1.49809
243	0.202748	-0.230333	-1.48369	0.247782	1.49096	-0.265424	-1.49809
244	0.20358	-0.230333	-1.48369	0.247782	1.49096	-0.265424	-1.49809
245	0.204413	-0.230333	-1.48369	0.247782	1.49096	-0.265424	-1.49809
246	0.205246	-0.230333	-1.48369	0.247782	1.49096	-0.265424	-1.49809
247	0.206078	-0.230333	-1.48369	0.247782	1.49096	-0.265424	-1.49809
248	0.206911	-0.230333	-1.48369	0.247782	1.49096	-0.265424	-1.49809
249	0.207744	-0.230333	-1.48369	0.247782	1.49096	-0.265424	-1.49809
250	0.208576	-0.230333	-1.48369	0.247782	1.49096	-0.265424	-1.49809
251	0.209409	-0.230333	-1.48369	0.247782	1.49096	-0.265424	-1.49809
252	0.210241	-0.230333	-1.48369	0.247782	1.49096	-0.265424	-1.49809
253	0.211074	-0.203224	-1.33561	0.218904	1.3422	-0.234759	-1.34866
254	0.211907	-0.203224	-1.33561	0.218904	1.3422	-0.234759	-1.34866
255	0.212739	-0.203224	-1.33561	0.218904	1.3422	-0.234759	-1.34866
256	0.213572	-0.203224	-1.33561	0.218904	1.3422	-0.234759	-1.34866
257	0.214405	-0.203224	-1.33561	0.218904	1.3422	-0.234759	-1.34866
258	0.215237	-0.203224	-1.33561	0.218904	1.3422	-0.234759	-1.34866
259	0.21607	-0.203224	-1.33561	0.218904	1.3422	-0.234759	-1.34866
260	0.216903	-0.118654	-1.14988	0.131784	1.15615	-0.145068	-1.16233
261	0.217735	-0.118654	-1.14988	0.131784	1.15615	-0.145068	-1.16233
262	0.218568	-0.0718112	-1.23745	0.0855745	1.2448	-0.0995071	-1.25206
263	0.2194	-0.0718112	-1.23745	0.0855745	1.2448	-0.0995071	-1.25206
264	0.220233	-0.522842	-1.47072	0.542073	1.47476	-0.561473	-1.47863
265	0.221066	-0.0344884	-1.63799	0.0523089	1.64838	-0.070358	-1.65864
266	0.221898	-0.532725	-1.23333	0.549471	1.23571	-0.566352	-1.23792
267	0.222731	-1.03319	-0.9932	1.05064	0.988624	-1.06816	-0.983831
268	0.223564	-1.03319	-0.9932	1.05064	0.988624	-1.06816	-0.983831
269	0.224396	-0.740973	-0.863436	0.755113	0.861147	-0.769322	-0.858691
270	0.225229	-0.357433	-0.873214	0.36916	0.875109	-0.380984	-0.876891
271	0.226062	-0.357433	-0.873214	0.36916	0.875109	-0.380984	-0.876891
272	0.226894	-0.357433	-0.873214	0.36916	0.875109	-0.380984	-0.876891
273	0.227727	-0.323136	-0.722502	0.333019	0.723776	-0.34298	-0.724952
274	0.22856	-0.323136	-0.722502	0.333019	0.723776	-0.34298	-0.724952
275	0.229392	-1.20737	-0.3197	1.21873	0.30883	-1.23005	-0.297768
276	0.230225	-1.20737	-0.3197	1.21873	0.30883	-1.23005	-0.297768
277	0.231057	-1.20737	-0.3197	1.21873	0.30883	-1.23005	-0.297768
278	0.23189	-1.20737	-0.3197	1.21873	0.30883	-1.23005	-0.297768
279	0.232723	-1.20737	-0.3197	1.21873	0.30883	-1.23005	-0.297768
280	0.233555	-1.20737	-0.3197	1.21873	0.30883	-1.23005	-0.297768
281	0.234388	-1.20737	-0.3197	1.21873	0.30883	-1.23005	-0.297768
282	0.235221	-1.42497	0.62202	1.42765	-0.641411	-1.43013	0.660958
283	0.236053	-1.47475	0.70421	1.47687	-0.724675	-1.47878	0.745297
284	0.236886	-1.05778	0.0359866	1.06434	-0.0475847	-1.07082	0.0593295
285	0.237719	-1.52706	0.573279	1.53093	-0.593446	-1.53461	0.613787
286	0.238551	-1.52706	0.573279	1.53093	-0.593446	-1.53461	0.613787
287	0.239384	-1.18251	0.660224	1.18318	-0.677261	-1.18368	0.694418
288	0.240216	-1.18251	0.660224	1.18318	-0.677261	-1.18368	0.694418
289	0.241049	-1.18251	0.660224	1.18318	-0.677261	-1.18368	0.694418
290	0.241882	-1.18251	0.660224	1.18318	-0.677261	-1.18368	0.694418
291	0.242714	-1.18251	0.660224	1.18318	-0.677261	-1.18368	0.694418
292	0.243547	-1.18251	0.660224	1.18318	-0.677261	-1.18368	0.694418
293	0.24438	-1.18251	0.660224	1.18318	-0.677261	-1.18368	0.694418
294	0.245212	-1.18251	0.660224	1.18318	-0.677261	-1.18368	0.694418
295	0.246045	-1.18251	0.660224	1.18318	-0.677261	-1.18368	0.694418
296	0.246878	-1.18251	0.660224	1.18318	-0.677261	-1.18368	0.694418
297	0.24771	-1.18251	0.660224	1.18318	-0.677261	-1.18368	0.694418
298	0.248543	-1.27479	0.473631	1.27807	-0.490434	-1.2812	0.507382
299	0.249376	-1.27479	0.473631	1.27807	-0.490434	-1.2812	0.507382
300	0.250208	-1.27479	0.473631	1.27807	-0.490434	-1.2812	0.507382
301	0.251041	-1.27479	0.473631	1.27807	-0.490434	-1.2812	0.507382
302	0.251873	-0.875203	0.495674	0.875626	-0.508329	-0.875916	0.521073
303	0.252706	-0.684108	-0.471497	0.693665	0.467245	-0.703238	-0.462862
304	0.253539	-0.223223	-1.03458	0.235801	1.03897	-0.248509	-1.04326
305	0.254371	-0.577327	-1.11197	0.593062	1.11307	-0.608912	-1.11401
306	0.255204	-0.577327	-1.11197	0.593062	1.11307	-0.608912	-1.11401
307	0.256037	-0.577327	-1.11197	0.593062	1.11307	-0.608912	-1.11401
308	0.256869	-0.577327	-1.11197	0.593062	1.11307	-0.608912	-1.11401
309	0.257702	-0.213798	-1.04463	0.226422	1.04919	-0.239179	-1.05365
310	0.258535	-0.157428	-1.11093	0.170394	1.11654	-0.183506	-1.12204
311	0.259367	-0.448719	0.00326477	0.451631	-0.00810601	-0.454509	0.0130103
312	0.2602	-0.316917	-0.000791256	0.319007	-0.00260763	-0.321073	0.00605128
313	0.261032	-0.316917	-0.000791256	0.319007	-0.00260763	-0.321073	0.00605128
314	0.261865	-0.328965	-0.142131	0.332652	0.139531	-0.336335	-0.136874
315	0.262698	-0.0546692	-1.02331	0.0660197	1.02944	-0.0775107	-1.03549
316	0.26353	-0.176933	-1.00266	0.188864	1.00734	-0.200925	-1.01193
317	0.264363	-0.657386	-0.866249	0.671008	0.864876	-0.684704	-0.863348
318	0.265196	-0.657386	-0.866249	0.671008	0.864876	-0.684704	-0.863348
319	0.266028	-0.716251	-0.809152	0.729646	0.806772	-0.743103	-0.804232
320	0.266861	-0.716251	-0.809152	0.729646	0.806772	-0.743103	-0.804232
321	0.267694	-0.282751	-1.44204	0.300098	1.44847	-0.317627	-1.45476
322	0.268526	-0.0565773	-1.27667	0.0706619	1.28445	-0.0849224	-1.29212
323	0.269359	-0.0565773	-1.27667	0.0706619	1.28445	-0.0849224	-1.29212
324	0.270192	-0.0659047	-1.00562	0.0771391	1.01152	-0.0885106	-1.01733
325	0.271024	-0.126827	-0.963993	0.138014	0.968961	-0.149328	-0.973841
326	0.271857	-0.119456	-0.825118	0.129103	0.829253	-0.138858	-0.833312
327	0.272689	0.0620135	-0.645339	-0.055489	0.650243	0.0488689	-0.655109
328	0.273522	0.593391	-1.12168	-0.585239	1.13542	0.576886	-1.14916
329	0.274355	0.64895	-1.16596	-0.640687	1.18059	0.632213	-1.19522
330	0.275187	0.64895	-1.16596	-0.640687	1.18059	0.632213	-1.19522
331	0.27602	0.64895	-1.16596	-0.640687	1.18059	0.632213	-1.19522
332	0.276853	0.64895	-1.16596	-0.640687	1.18059	0.632213	-1.19522
333	0.277685	0.223236	-0.737364	-0.216781	0.744604	0.210207	-0.751822
334	0.278518	0.290436	-0.679047	-0.28505	0.686626	0.279547	-0.694197
335	0.279351	0.290436	-0.679047	-0.28505	0.686626	0.279547	-0.694197
336	0.280183	-0.170363	-0.59998	0.177927	0.60209	-0.185562	-0.604133
337	0.281016	-0.170363	-0.59998	0.177927	0.60209	-0.185562	-0.604133
338	0.281848	-0.109991	-0.648217	0.117676	0.651292	-0.125445	-0.654305
339	0.282681	0.365079	-0.766807	-0.35924	0.775764	0.353267	-0.784717
340	0.283514	0.365079	-0.766807	-0.35924	0.775764	0.353267	-0.784717
341	0.284346	0.365079	-0.766807	-0.35924	0.775764	0.353267	-0.784717
342	0.285179	0.669394	-0.575072	-0.667613	0.586039	0.665702	-0.597058
343	0.286012	1.05784	-1.29663	-1.05086	1.31651	1.04362	-1.33644
344	0.286844	1.05784	-1.29663	-1.05086	1.31651	1.04362	-1.33644
345	0.287677	1.05784	-1.29663	-1.05086	1.31651	1.04362	-1.33644
346	0.28851	1.31769	-1.17615	-1.31371	1.19803	1.30947	-1.22001
347	0.289342	1.64935	-1.07723	-1.64861	1.10202	1.6476	-1.12696
348	0.290175	1.64935	-1.07723	-1.64861	1.10202	1.6476	-1.12696
349	0.291007	1.64935	-1.07723	-1.64861	1.10202	1.6476	-1.12696
350	0.29184	1.64935	-1.07723	-1.64861	1.10202	1.6476	-1.12696
351	0.292673	1.64935	-1.07723	-1.64861	1.10202	1.6476	-1.12696
352	0.293505	1.64935	-1.07723	-1.64861	1.10202	1.6476	-1.12696
353	0.294338	1.64935	-1.07723	-1.64861	1.10202	1.6476	-1.12696
354	0.295171	1.64935	-1.07723	-1.64861	1.10202	1.6476	-1.12696
355	0.296003	1.31024	-0.28318	-1.3158	0.299113	1.32123	-0.315211
356	0.296836	1.30325	-0.153182	-1.31016	0.168187	1.31696	-0.183364
357	0.297669	1.30325	-0.153182	-1.31016	0.168187	1.31696	-0.183364
358	0.298501	0.989526	0.794201	-1.00455	-0.788788	1.01962	0.783177
359	0.299334	0.41195	1.39119	-0.429598	-1.3959	0.447413	1.40045
360	0.300167	0.41195	1.39119	-0.429598	-1.3959	0.447413	1.40045
361	0.300999	0.41195	1.39119	-0.429598	-1.3959	0.447413	1.40045
362	0.301832	0.26982	1.20475	-0.284533	-1.20976	0.299395	1.21465
363	0.302664	0.212513	1.21857	-0.226997	-1.22429	0.241638	1.22989
364	0.303497	0.266089	1.37475	-0.235707	-1.38603	0.252142	1.3926
365	0.30433	0.266089	1.37475	-0.289846	-1.38013	0.306573	1.38608
366	0.305162	-0.158251	1.39213	0.144337	-1.40297	-0.130215	1.41373
367	0.305995	-0.181938	1.22302	0.169996	-1.233	-0.157868	1.24292
368	0.306828	-0.140606	1.12682	0.129426	-1.13573	-0.118077	1.14458
369	0.30766	-0.140606	1.12682	0.129426	-1.13573	-0.118077	1.14458
370	0.308493	-0.012907	1.31428	-0.00112524	-1.32305	0.0153438	1.33172
371	0.309326	-0.012907	1.31428	-0.00112524	-1.32305	0.0153438	1.33172
372	0.310158	0.0480958	1.2754	-0.062111	-1.28326	0.0763026	1.29102
373	0.310991	0.0480958	1.2754	-0.062111	-1.28326	0.0763026	1.29102
374	0.311823	0.0480958	1.2754	-0.062111	-1.28326	0.0763026	1.29102
375	0.312656	0.105713	1.11066	-0.118337	-1.11682	0.13111	1.12288
376	0.313489	0.105713	1.11066	-0.118337	-1.11682	0.13111	1.12288
377	0.314321	0.105713	1.11066	-0.118337	-1.11682	0.13111	1.12288
378	0.315154	0.105713	1.11066	-0.118337	-1.11682	0.13111	1.12288
379	0.315987	-0.0664654	0.928804	0.0569254	-0.935617	-0.0472495	0.942372
380	0.316819	-0.0664654	0.928804	0.0569254	-0.935617	-0.0472495	0.942372
381	0.317652	-0.0664654	0.928804	0.0569254	-0.935617	-0.0472495	0.942372
382	0.318485	-0.0664654	0.928804	0.0569254	-0.935617	-0.0472495	0.942372
383	0.319317	-0.602101	1.37889	0.591244	-1.39441	-0.580149	1.40992
384	0.32015	-0.546021	1.36849	0.534907	-1.38334	-0.523561	1.39817
385	0.320983	-0.546021	1.36849	0.534907	-1.38334	-0.523561	1.39817
386	0.321815	-0.546021	1.36849	0.534907	-1.38334	-0.523561	1.39817
387	0.322648	-0.919143	2.23849	0.901134	-2.26306	-0.882744	2.2876
388	0.32348	-0.919143	2.23849	0.901134	-2.26306	-0.882744	2.2876
389	0.324313	-0.601852	1.41014	0.590657	-1.42587	-0.57922	1.44158
390	0.325146	-0.601852	1.41014	0.590657	-1.42587	-0.57922	1.44158
391	0.325978	-0.601852	1.41014	0.590657	-1.42587	-0.57922	1.44158
392	0.326811	-0.601852	1.41014	0.590657	-1.42587	-0.57922	1.44158
393	0.327644	-0.601852	1.41014	0.590657	-1.42587	-0.57922	1.44158
394	0.328476	-0.601852	1.41014	0.590657	-1.42587	-0.57922	1.44158
395	0.329309	-0.601852	1.41014	0.590657	-1.42587	-0.57922	1.44158
396	0.330142	-0.601852	1.41014	0.590657	-1.42587	-0.57922	1.44158
397	0.330974	-0.601852	1.41014	0.590657	-1.42587	-0.57922	1.44158
398	0.331807	-0.601852	1.41014	0.590657	-1.42587	-0.57922	1.44158
399	0.332639	-0.601852	1.41014	0.590657	-1.42587	-0.57922	1.44158
400	0.333472	-0.601852	1.41014	0.590657	-1.42587	-0.57922	1.44158
401	0.334305	-0.645556	1.25649	0.636299	-1.27167	-0.626819	1.28686
402	0.335137	-0.160432	0.778328	0.153125	-0.785162	-0.145697	0.791963
403	0.33597	-0.160432	0.778328	0.153125	-0.785162	-0.145697	0.791963
404	0.336803	-0.160432	0.778328	0.153125	-0.785162	-0.145697	0.791963
405	0.337635	-0.240316	0.702486	0.234349	-0.709681	-0.228265	0.716858
406	0.338468	-0.280398	0.526982	0.276578	-0.533454	-0.272665	0.539928
407	0.339301	-0.304335	0.643234	0.299425	-0.650727	-0.294401	0.658217
408	0.340133	-0.304335	0.643234	0.299425	-0.650727	-0.294401	0.658217
409	0.340966	-0.304335	0.643234	0.299425	-0.650727	-0.294401	0.658217
410	0.341799	-0.304335	0.643234	0.299425	-0.650727	-0.294401	0.658217
411	0.342631	-0.304335	0.643234	0.299425	-0.650727	-0.294401	0.658217
412	0.343464	-0.304335	0.643234	0.299425	-0.650727	-0.294401	0.658217
413	0.344296	-0.304335	0.643234	0.299425	-0.650727	-0.294401	0.658217
414	0.345129	-0.304335	0.643234	0.299425	-0.650727	-0.294401	0.658217
415	0.345962	-0.304335	0.643234	0.299425	-0.650727	-0.294401	0.658217
416	0.346794	0.0676371	0.394817	-0.0723221	-0.396683	0.0770579	0.398511
417	0.347627	0.0676371	0.394817	-0.0723221	-0.396683	0.0770579	0.398511
418	0.34846	0.0201772	0.48131	-0.0254795	-0.484254	0.0308483	0.48716
419	0.349292	0.0201772	0.48131	-0.0254795	-0.484254	0.0308483	0.48716
420	0.350125	0.0201772	0.48131	-0.0254795	-0.484254	0.0308483	0.48716
421	0.350958	0.431051	0.486415	-0.439106	-0.48498	0.447199	0.483448
422	0.35179	0.806918	0.539565	-0.818013	-0.534441	0.829125	0.529164
423	0.352623	0.876615	0.722922	-0.890137	-0.718254	0.903697	0.713409
424	0.353455	0.38973	0.883905	-0.401783	-0.885523	0.413933	0.887023
425	0.354288	0.828278	0.532583	-0.839438	-0.527183	0.850613	0.521629
426	0.355121	0.828278	0.532583	-0.839438	-0.527183	0.850613	0.521629
427	0.355953	0.858727	0.400649	-0.86867	-0.394056	0.878607	0.387313
428	0.356786	0.858727	0.400649	-0.86867	-0.394056	0.878607	0.387313
429	0.357619	0.858727	0.400649	-0.86867	-0.394056	0.878607	0.387313
430	0.358451	0.569829	0.268648	-0.576456	-0.264292	0.58308	0.259836
431	0.359284	0.142092	0.470716	-0.148081	-0.472281	0.154126	0.473792
432	0.360117	0.142092	0.470716	-0.148081	-0.472281	0.154126	0.473792
433	0.360949	0.20289	0.438905	-0.208937	-0.439608	0.215031	0.440251
434	0.361782	0.20289	0.438905	-0.208937	-0.439608	0.215031	0.440251
435	0.362614	0.20289	0.438905	-0.208937	-0.439608	0.215031	0.440251
436	0.363447	0.20289	0.438905	-0.208937	-0.439608	0.215031	0.440251
437	0.36428	0.170418	0.28883	-0.17464	-0.288896	0.17889	0.288918
438	0.365112	0.170418	0.28883	-0.17464	-0.288896	0.17889	0.288918
439	0.365945	0.125522	0.379636	-0.130424	-0.380781	0.135371	0.381881
440	0.366778	0.515751	0.175352	-0.521021	-0.170963	0.526279	0.16649
441	0.36761	0.71598	-0.208548	-0.718441	0.217608	0.720822	-0.226753
442	0.368443	0.71598	-0.208548	-0.718441	0.217608	0.720822	-0.226753
443	0.369276	0.71598	-0.208548	-0.718441	0.217608	0.720822	-0.226753
444	0.370108	0.71598	-0.208548	-0.718441	0.217608	0.720822	-0.226753
445	0.370941	0.312706	0.486307	-0.319983	-0.486141	0.327306	0.485897
446	0.371774	0.312706	0.486307	-0.319983	-0.486141	0.327306	0.485897
447	0.372606	0.312706	0.486307	-0.319983	-0.486141	0.327306	0.485897
448	0.373439	0.312706	0.486307	-0.319983	-0.486141	0.327306	0.485897
449	0.374271	0.312706	0.486307	-0.319983	-0.486141	0.327306	0.485897
450	0.375104	0.312706	0.486307	-0.319983	-0.486141	0.327306	0.485897
451	0.375937	0.538844	-0.446856	-0.537583	0.455579	0.536219	-0.464345
452	0.376769	0.58916	-0.527973	-0.587358	0.537768	0.585439	-0.547609
453	0.377602	0.58916	-0.527973	-0.587358	0.537768	0.585439	-0.547609
454	0.378435	0.167878	0.131396	-0.170391	-0.130455	0.172912	0.129482
455	0.379267	-0.0229964	-0.0459614	0.023641	0.0460162	-0.0242906	-0.0460644
456	0.3801	-0.0229964	-0.0459614	0.023641	0.0460162	-0.0242906	-0.0460644
457	0.380933	0.448868	-0.574713	-0.445643	0.583309	0.442304	-0.591926
458	0.381765	0.388895	-0.523566	-0.385825	0.531181	0.382653	-0.538814
459	0.382598	0.0670154	-0.630904	-0.0606788	0.635767	0.0542483	-0.640594
460	0.38343	-0.274329	-0.720925	0.283874	0.722712	-0.293501	-0.724409
461	0.384263	-0.274329	-0.720925	0.283874	0.722712	-0.293501	-0.724409
462	0.385096	-0.388034	-0.908628	0.400342	0.910426	-0.41275	-0.912105
463	0.385928	-0.388034	-0.908628	0.400342	0.910426	-0.41275	-0.912105
464	0.386761	-0.388034	-0.908628	0.400342	0.910426	-0.41275	-0.912105
465	0.387594	-0.388034	-0.908628	0.400342	0.910426	-0.41275	-0.912105
466	0.388426	-0.388034	-0.908628	0.400342	0.910426	-0.41275	-0.912105
467	0.389259	-0.388034	-0.908628	0.400342	0.910426	-0.41275	-0.912105
468	0.390092	-0.388034	-0.908628	0.400342	0.910426	-0.41275	-0.912105
469	0.390924	-0.388034	-0.908628	0.400342	0.910426	-0.41275	-0.912105
470	0.391757	-0.388034	-0.908628	0.400342	0.910426	-0.41275	-0.912105
471	0.39259	-0.388034	-0.908628	0.400342	0.910426	-0.41275	-0.912105
472	0.393422	-0.388034	-0.908628	0.400342	0.910426	-0.41275	-0.912105
473	0.394255	-0.388034	-0.908628	0.400342	0.910426	-0.41275	-0.912105
474	0.395087	-0.388034	-0.908628	0.400342	0.910426	-0.41275	-0.912105
475	0.39592	-0.388034	-0.908628	0.400342	0.910426	-0.41275	-0.912105
476	0.396753	-0.388034	-0.908628	0.400342	0.910426	-0.41275	-0.912105
477	0.397585	-0.298343	-0.722294	0.30806	0.723833	-0.317858	-0.725277
478	0.398418	-0.298343	-0.722294	0.30806	0.723833	-0.317858	-0.725277
479	0.399251	-0.298343	-0.722294	0.30806	0.723833	-0.317858	-0.725277
480	0.400083	-0.298343	-0.722294	0.30806	0.723833	-0.317858	-0.725277
481	0.400916	-0.359287	-0.687879	0.369035	0.688537	-0.378854	-0.689094
482	0.401749	-0.359287	-0.687879	0.369035	0.688537	-0.378854	-0.689094
483	0.402581	-0.755989	-0.714011	0.768623	0.71058	-0.781303	-0.70699
484	0.403414	-0.755989	-0.714011	0.768623	0.71058	-0.781303	-0.70699
485	0.404246	-0.755989	-0.714011	0.768623	0.71058	-0.781303	-0.70699
486	0.405079	-0.956068	0.244714	0.959718	-0.25659	-0.963264	0.268584
487	0.405912	-1.41986	0.799172	1.4206	-0.819671	-1.42113	0.840313
488	0.406744	-1.06893	0.879802	1.0665	-0.897061	-1.06387	0.914408
489	0.407577	-1.06893	0.879802	1.0665	-0.897061	-1.06387	0.914408
490	0.40841	-1.06893	0.879802	1.0665	-0.897061	-1.06387	0.914408
491	0.409242	-1.06893	0.879802	1.0665	-0.897061	-1.06387	0.914408
492	0.410075	-1.16645	0.692767	1.16667	-0.709845	-1.16671	0.727038
493	0.410908	-1.16645	0.692767	1.16667	-0.709845	-1.16671	0.727038
494	0.41174	-1.07212	0.0416218	1.07872	-0.0534111	-1.08523	0.0653486
495	0.412573	-1.07212	0.0416218	1.07872	-0.0534111	-1.08523	0.0653486
496	0.413405	-1.07212	0.0416218	1.07872	-0.0534111	-1.08523	0.0653486
497	0.414238	-1.06029	-0.0824499	1.06814	0.0716024	-1.07592	-0.0605995
498	0.415071	-0.81673	-1.12399	0.834167	1.1226	-0.851703	-1.12101
499	0.415903	-0.889302	-1.18048	0.907822	1.17868	-0.926444	-1.17666
500	0.416736	-0.947701	-1.12136	0.965969	1.11854	-0.984327	-1.11551
501	0.417569	-0.947701	-1.12136	0.965969	1.11854	-0.984327	-1.11551
502	0.418401	-0.947701	-1.12136	0.965969	1.11854	-0.984327	-1.11551
503	0.419234	-0.937231	-0.98083	0.953921	0.977204	-0.970681	-0.973375
504	0.420067	-0.881904	-1.02689	0.898725	1.02416	-0.915628	-1.02124
505	0.420899	-0.881904	-1.02689	0.898725	1.02416	-0.915628	-1.02124
506	0.421732	-0.760233	-1.04611	0.776462	1.04481	-0.792783	-1.04333
507	0.422565	-0.760233	-1.04611	0.776462	1.04481	-0.792783	-1.04333
508	0.423397	-0.281522	-1.17652	0.296008	1.18122	-0.310639	-1.1858
509	0.42423	0.0963949	-1.9159	-0.0764488	1.92952	0.0562254	-1.94301
510	0.425062	0.30317	-1.74337	-0.286435	1.75808	0.269432	-1.7727
511	0.425895	0.362249	-1.79947	-0.345299	1.81518	0.328069	-1.8308
512	0.426728	0.362249	-1.79947	-0.345299	1.81518	0.328069	-1.8308
513	0.42756	0.362249	-1.79947	-0.345299	1.81518	0.328069	-1.8308
514	0.428393	-0.0793478	-1.04353	0.0910777	1.04953	-0.102949	-1.05544
515	0.429226	-0.0944209	0.0593348	0.0944036	-0.0607386	-0.0943712	0.0621515
516	0.430058	-0.317341	-0.107333	0.320578	0.104629	-0.323807	-0.101873
517	0.430891	-0.317341	-0.107333	0.320578	0.104629	-0.323807	-0.101873
518	0.431724	-0.317341	-0.107333	0.320578	0.104629	-0.323807	-0.101873
519	0.432556	-0.305202	-0.376485	0.31125	0.375679	-0.31733	-0.374803
520	0.433389	-0.171782	-0.189339	0.174944	0.188737	-0.17812	-0.188097
521	0.434221	-0.110823	-0.230044	0.114022	0.230365	-0.117245	-0.230653
522	0.435054	-0.116672	-0.368076	0.121392	0.36924	-0.126155	-0.37036
523	0.435887	-0.295032	-0.548585	0.302862	0.549019	-0.310748	-0.549371
524	0.436719	-0.295032	-0.548585	0.302862	0.549019	-0.310748	-0.549371
525	0.437552	-0.771343	-0.0927833	0.777405	0.0851074	-0.783424	-0.077316
526	0.438385	-0.874784	0.948314	0.870342	-0.963937	-0.865704	0.979616
527	0.439217	-0.827003	-0.0493822	0.832964	0.0408235	-0.838872	-0.0321445
528	0.44005	-0.827003	-0.0493822	0.832964	0.0408235	-0.838872	-0.0321445
529	0.440883	-0.827003	-0.0493822	0.832964	0.0408235	-0.838872	-0.0321445
530	0.441715	-0.827003	-0.0493822	0.832964	0.0408235	-0.838872	-0.0321445
531	0.442548	-0.827003	-0.0493822	0.832964	0.0408235	-0.838872	-0.0321445
532	0.443381	-0.393479	-0.698995	0.403571	0.699358	-0.413733	-0.699616
533	0.444213	-0.447169	-0.625343	0.456823	0.624646	-0.466532	-0.623841
534	0.445046	-0.513306	-0.683984	0.524023	0.682963	-0.5348	-0.681819
535	0.445878	-0.513306	-0.683984	0.524023	0.682963	-0.5348	-0.681819
536	0.446711	-0.513306	-0.683984	0.524023	0.682963	-0.5348	-0.681819
537	0.447544	-0.513306	-0.683984	0.524023	0.682963	-0.5348	-0.681819
538	0.448376	-0.0547261	-0.757642	0.0632235	0.76203	-0.0718238	-0.766355
539	0.449209	-0.0547261	-0.757642	0.0632235	0.76203	-0.0718238	-0.766355
540	0.450042	0.361624	-0.761355	-0.355821	0.770239	0.349884	-0.779119
541	0.450874	0.301142	-0.714078	-0.295449	0.722002	0.289634	-0.729917
542	0.451707	-0.172033	-0.601311	0.179621	0.603412	-0.187282	-0.605445
543	0.45254	-0.172033	-0.601311	0.179621	0.603412	-0.187282	-0.605445
544	0.453372	-0.154129	-0.434858	0.159812	0.436059	-0.165545	-0.437205
545	0.454205	-0.154129	-0.434858	0.159812	0.436059	-0.165545	-0.437205
546	0.455037	-0.154129	-0.434858	0.159812	0.436059	-0.165545	-0.437205
547	0.45587	-0.189167	-0.417762	0.194897	0.418473	-0.200672	-0.419128
548	0.456703	-0.497911	-0.535584	0.506934	0.533753	-0.515996	-0.531813
549	0.457535	-0.891427	0.177066	0.895379	-0.187804	-0.899242	0.198655
550	0.458368	-0.891427	0.177066	0.895379	-0.187804	-0.899242	0.198655
551	0.459201	-0.891427	0.177066	0.895379	-0.187804	-0.899242	0.198655
552	0.460033	-0.891427	0.177066	0.895379	-0.187804	-0.899242	0.198655
553	0.460866	-1.08863	0.00152031	1.09576	-0.0132235	-1.10282	0.0250802
554	0.461699	-1.14828	0.0546325	1.15523	-0.0673252	-1.1621	0.080176
555	0.462531	-1.47668	-0.0471474	1.48689	0.0315956	-1.49699	-0.0158321
556	0.463364	-1.59593	-0.234843	1.60894	0.219243	-1.62186	-0.203401
557	0.464197	-1.59593	-0.234843	1.60894	0.219243	-1.62186	-0.203401
558	0.465029	-1.59593	-0.234843	1.60894	0.219243	-1.62186	-0.203401
559	0.465862	-1.59593	-0.234843	1.60894	0.219243	-1.62186	-0.203401
560	0.466694	-1.59593	-0.234843	1.60894	0.219243	-1.62186	-0.203401
561	0.467527	-1.59593	-0.234843	1.60894	0.219243	-1.62186	-0.203401
562	0.46836	-1.59593	-0.234843	1.60894	0.219243	-1.62186	-0.203401
563	0.469192	-1.65693	-0.198661	1.66994	0.182168	-1.68287	-0.165427
564	0.470025	-1.65693	-0.198661	1.66994	0.182168	-1.68287	-0.165427
565	0.470858	-1.65693	-0.198661	1.66994	0.182168	-1.68287	-0.165427
566	0.47169	-1.65693	-0.198661	1.66994	0.182168	-1.68287	-0.165427
567	0.472523	-1.75977	-0.38603	1.77547	0.369663	-1.7911	-0.35302
568	0.473356	-1.31165	-0.983845	1.33083	0.976217	-1.35006	-0.968332
569	0.474188	-1.30333	-1.11291	1.32385	1.10621	-1.34442	-1.09926
570	0.475021	-1.30333	-1.11291	1.32385	1.10621	-1.34442	-1.09926
571	0.475853	-1.30333	-1.11291	1.32385	1.10621	-1.34442	-1.09926
572	0.476686	-0.981647	-2.05068	1.01012	2.0536	-1.03881	-2.05623
573	0.477519	-0.981647	-2.05068	1.01012	2.0536	-1.03881	-2.05623
574	0.478351	-0.614783	-2.80789	0.64898	2.81972	-0.683529	-2.83127
575	0.479184	-0.401576	-2.63758	0.432544	2.65058	-0.463855	-2.66334
576	0.480017	-0.394469	-1.38632	0.41195	1.39119	-0.462454	-2.5279
577	0.480849	-0.394469	-1.38632	0.41195	1.39119	-0.522836	-2.50031
578	0.481682	-0.255259	-1.19961	0.26982	1.20475	-0.37777	-2.31417
579	0.482515	-0.255259	-1.19961	0.26982	1.20475	-0.37777	-2.31417
580	0.483347	-0.198185	-1.21273	0.212513	1.21857	-0.320235	-2.3287
581	0.48418	-0.198185	-1.21273	0.212513	1.21857	-0.320235	-2.3287
582	0.485012	-0.198185	-1.21273	0.212513	1.21857	-0.320235	-2.3287
583	0.485845	-0.24975	-1.36844	0.266089	1.37475	-0.328944	-2.49044
584	0.486678	-0.24975	-1.36844	0.266089	1.37475	-0.383083	-2.48454
585	0.48751	-0.24975	-1.36844	0.266089	1.37475	-0.383083	-2.48454
586	0.488343	0.171958	-1.38121	-0.158251	1.39213	0.0510996	-2.50738
587	0.489176	0.171958	-1.38121	-0.158251	1.39213	0.0510996	-2.50738
588	0.490008	0.193695	-1.21297	-0.181938	1.22302	0.0767584	-2.33741
589	0.490841	0.151618	-1.11785	-0.140606	1.12682	0.0361884	-2.24014
590	0.491674	0.151618	-1.11785	-0.140606	1.12682	0.205296	-2.05766
591	0.492506	0.151618	-1.11785	-0.140606	1.12682	0.205296	-2.05766
592	0.493339	0.0267531	-1.30542	-0.012907	1.31428	0.0747447	-2.24498
593	0.494172	0.0267531	-1.30542	-0.012907	1.31428	0.0747447	-2.24498
594	0.495004	0.0267531	-1.30542	-0.012907	1.31428	0.0747447	-2.24498
595	0.495837	-0.0342569	-1.26745	0.0480958	1.2754	0.0137589	-2.20519
596	0.496669	-0.0342569	-1.26745	0.0480958	1.2754	0.0137589	-2.20519
597	0.497502	-0.0342569	-1.26745	0.0480958	1.2754	0.0137589	-2.20519
598	0.498335	-0.0342569	-1.26745	0.0480958	1.2754	0.0137589	-2.20519
599	0.499167	-0.0342569	-1.26745	0.0480958	1.2754	0.0137589	-2.20519
600	0.5	-0.0328563	-1.13201	0.0452312	1.13909	0.0181065	-2.06802
601	0.500833	-0.0932376	-1.10441	0.105713	1.11066	-0.0424668	-2.03875
602	0.501665	-0.0932376	-1.10441	0.105713	1.11066	-0.0424668	-2.03875
603	0.502498	-0.0932376	-1.10441	0.105713	1.11066	-0.0424668	-2.03875
604	0.503331	-0.0932376	-1.10441	0.105713	1.11066	-0.0424668	-2.03875
605	0.504163	-0.0932376	-1.10441	0.105713	1.11066	-0.0424668	-2.03875
606	0.504996	0.0758699	-0.921935	-0.0664654	0.928804	0.132795	-1.85755
607	0.505828	0.0758699	-0.921935	-0.0664654	0.928804	0.165752	-1.96443
608	0.506661	0.0758699	-0.921935	-0.0664654	0.928804	0.165752	-1.96443
609	0.507494	0.0758699	-0.921935	-0.0664654	0.928804	0.669647	-2.29897
610	0.508326	0.0758699	-0.921935	-0.0664654	0.928804	0.669647	-2.29897
611	0.509159	0.0758699	-0.921935	-0.0664654	0.928804	0.613829	-2.28924
612	0.509992	0.0758699	-0.921935	-0.0664654	0.928804	0.613829	-2.28924
613	0.510824	0.612722	-1.36335	-0.602101	1.37889	1.14815	-2.74803
614	0.511657	0.556903	-1.35362	-0.546021	1.36849	1.09181	-2.73697
615	0.51249	0.556903	-1.35362	-0.546021	1.36849	1.09181	-2.73697
616	0.513322	0.556903	-1.35362	-0.546021	1.36849	1.09181	-2.73697
617	0.514155	0.556903	-1.35362	-0.546021	1.36849	1.09181	-2.73697
618	0.514988	0.556903	-1.35362	-0.546021	1.36849	1.09181	-2.73697
619	0.51582	0.690932	-2.37053	-0.670007	2.39352	1.2056	-3.77006
620	0.516653	0.936771	-2.21389	-0.919143	2.23849	1.45804	-3.61669
621	0.517485	0.936771	-2.21389	-0.919143	2.23849	1.45804	-3.61669
622	0.518318	0.612805	-1.3944	-0.601852	1.41014	1.14756	-2.77949
623	0.519151	0.612805	-1.3944	-0.601852	1.41014	1.28159	-3.7964
624	0.519983	0.612805	-1.3944	-0.601852	1.41014	1.28159	-3.7964
625	0.520816	0.612805	-1.3944	-0.601852	1.41014	1.28159	-3.7964
626	0.521649	0.612805	-1.3944	-0.601852	1.41014	1.52743	-3.63976
627	0.522481	0.612805	-1.3944	-0.601852	1.41014	1.52743	-3.63976
628	0.523314	0.612805	-1.3944	-0.601852	1.41014	1.52743	-3.63976
629	0.524147	0.612805	-1.3944	-0.601852	1.41014	1.52743	-3.63976
630	0.524979	0.612805	-1.3944	-0.601852	1.41014	1.52743	-3.63976
631	0.525812	0.612805	-1.3944	-0.601852	1.41014	1.20346	-2.82027
632	0.526644	0.612805	-1.3944	-0.601852	1.41014	1.20346	-2.82027
633	0.527477	0.612805	-1.3944	-0.601852	1.41014	1.20346	-2.82027
634	0.52831	0.612805	-1.3944	-0.601852	1.41014	1.20346	-2.82027
635	0.529142	0.612805	-1.3944	-0.601852	1.41014	1.20346	-2.82027
636	0.529975	0.612805	-1.3944	-0.601852	1.41014	1.20346	-2.82027
637	0.530808	0.612805	-1.3944	-0.601852	1.41014	1.20346	-2.82027
638	0.53164	0.612805	-1.3944	-0.601852	1.41014	1.20346	-2.82027
639	0.532473	0.612805	-1.3944	-0.601852	1.41014	1.20346	-2.82027
640	0.533306	0.612805	-1.3944	-0.601852	1.41014	1.20346	-2.82027
641	0.534138	0.612805	-1.3944	-0.601852	1.41014	1.20346	-2.82027
642	0.534971	0.167618	-0.771462	-0.160432	0.778328	0.76593	-2.17957
643	0.535803	0.167618	-0.771462	-0.160432	0.778328	0.76593	-2.17957
644	0.536636	0.167618	-0.771462	-0.160432	0.778328	0.76593	-2.17957
645	0.537469	0.167618	-0.771462	-0.160432	0.778328	0.76593	-2.17957
646	0.538301	0.167618	-0.771462	-0.160432	0.778328	0.76593	-2.17957
647	0.539134	0.167618	-0.771462	-0.160432	0.778328	0.76593	-2.17957
648	0.539967	0.246168	-0.695277	-0.240316	0.702486	0.847154	-2.10408
649	0.540799	0.246168	-0.695277	-0.240316	0.702486	0.847154	-2.10408
650	0.541632	0.284123	-0.520512	-0.280398	0.526982	0.889384	-1.92786
651	0.542465	0.309134	-0.635739	-0.304335	0.643234	0.91223	-2.04513
652	0.543297	0.309134	-0.635739	-0.304335	0.643234	0.91223	-2.04513
653	0.54413	0.309134	-0.635739	-0.304335	0.643234	0.91223	-2.04513
654	0.544963	0.309134	-0.635739	-0.304335	0.643234	0.91223	-2.04513
655	0.545795	0.309134	-0.635739	-0.304335	0.643234	0.91223	-2.04513
656	0.546628	0.309134	-0.635739	-0.304335	0.643234	0.91223	-2.04513
657	0.54746	0.309134	-0.635739	-0.304335	0.643234	0.91223	-2.04513
658	0.548293	0.309134	-0.635739	-0.304335	0.643234	0.91223	-2.04513
659	0.549126	0.309134	-0.635739	-0.304335	0.643234	0.91223	-2.04513
660	0.549958	0.309134	-0.635739	-0.304335	0.643234	0.91223	-2.04513
661	0.550791	0.309134	-0.635739	-0.304335	0.643234	0.91223	-2.04513
662	0.551624	0.309134	-0.635739	-0.304335	0.643234	0.91223	-2.04513
663	0.552456	0.309134	-0.635739	-0.304335	0.643234	0.91223	-2.04513
664	0.553289	0.309134	-0.635739	-0.304335	0.643234	0.91223	-2.04513
665	0.554122	0.388664	-0.4507	-0.386375	0.457834	0.9968	-1.8594
666	0.554954	-0.063003	-0.392914	0.0676371	0.394817	0.540483	-1.79109
667	0.555787	-0.063003	-0.392914	0.0676371	0.394817	0.540483	-1.79109
668	0.556619	-0.063003	-0.392914	0.0676371	0.394817	0.540483	-1.79109
669	0.557452	-0.063003	-0.392914	0.0676371	0.394817	0.540483	-1.79109
670	0.558285	-0.0149412	-0.47833	0.0201772	0.48131	0.587326	-1.87866
671	0.559117	-0.0149412	-0.47833	0.0201772	0.48131	0.587326	-1.87866
672	0.55995	-0.0149412	-0.47833	0.0201772	0.48131	0.587326	-1.87866
673	0.560783	-0.0149412	-0.47833	0.0201772	0.48131	0.587326	-1.87866
674	0.561615	-0.423034	-0.487756	0.431051	0.486415	0.173699	-1.87938
675	0.562448	-0.423034	-0.487756	0.431051	0.486415	0.173699	-1.87938
676	0.563281	-0.795843	-0.544538	0.806918	0.539565	-0.205208	-1.92885
677	0.564113	-0.863134	-0.727417	0.876615	0.722922	-0.277332	-2.11266
678	0.564946	-0.377773	-0.88217	0.38973	0.883905	0.211022	-2.27993
679	0.565779	-0.377773	-0.88217	0.38973	0.883905	0.211022	-2.27993
680	0.566611	-0.317024	-0.926598	0.329058	0.929277	0.271605	-2.32625
681	0.567444	-0.817135	-0.537828	0.828278	0.532583	-0.226632	-1.92159
682	0.568276	-0.817135	-0.537828	0.828278	0.532583	-0.226632	-1.92159
683	0.569109	-0.349939	-0.633479	0.359042	0.63388	0.286383	-1.87549
684	0.569942	-0.848781	-0.407092	0.858727	0.400649	-0.701052	-1.16552
685	0.570774	-0.848781	-0.407092	0.858727	0.400649	-0.701052	-1.16552
686	0.571607	-0.848781	-0.407092	0.858727	0.400649	-0.701052	-1.16552
687	0.57244	-0.848781	-0.407092	0.858727	0.400649	-0.701052	-1.16552
688	0.573272	-0.563199	-0.272906	0.569829	0.268648	-0.408839	-1.03575
689	0.574105	-0.575519	-0.436572	0.583988	0.433257	-0.424859	-1.20129
690	0.574938	-0.136159	-0.469098	0.142092	0.470716	0.0195364	-1.24374
691	0.57577	-0.136159	-0.469098	0.142092	0.470716	0.0195364	-1.24374
692	0.576603	-0.196891	-0.438143	0.20289	0.438905	-0.0413192	-1.21107
693	0.577435	-0.196891	-0.438143	0.20289	0.438905	-0.0413192	-1.21107
694	0.578268	-0.196891	-0.438143	0.20289	0.438905	-0.0413192	-1.21107
695	0.579101	-0.196891	-0.438143	0.20289	0.438905	-0.0413192	-1.21107
696	0.579933	-0.196891	-0.438143	0.20289	0.438905	-0.0413192	-1.21107
697	0.580766	-0.196891	-0.438143	0.20289	0.438905	-0.0413192	-1.21107
698	0.581599	-0.196891	-0.438143	0.20289	0.438905	0.0372311	-1.13488
699	0.582431	-0.166225	-0.28872	0.170418	0.28883	0.0715281	-0.984173
700	0.583264	-0.166225	-0.28872	0.170418	0.28883	0.0715281	-0.984173
701	0.584097	-0.166225	-0.28872	0.170418	0.28883	0.0715281	-0.984173
702	0.584929	-0.166225	-0.28872	0.170418	0.28883	0.0715281	-0.984173
703	0.585762	-0.120665	-0.378447	0.125522	0.379636	0.153699	-0.901293
704	0.586595	-0.510469	-0.179655	0.515751	0.175352	-0.236898	-0.691475
705	0.587427	-0.713439	0.199574	0.71598	-0.208548	-0.409307	-0.418132
706	0.58826	-0.713439	0.199574	0.71598	-0.208548	-0.409307	-0.418132
707	0.589092	-0.713439	0.199574	0.71598	-0.208548	-0.409307	-0.418132
708	0.589925	-0.713439	0.199574	0.71598	-0.208548	-0.409307	-0.418132
709	0.590758	-0.713439	0.199574	0.71598	-0.208548	-0.409307	-0.418132
710	0.59159	-0.713439	0.199574	0.71598	-0.208548	-0.409307	-0.418132
711	0.592423	-0.305475	-0.486394	0.312706	0.486307	-0.0108485	-1.12188
712	0.593256	-0.305475	-0.486394	0.312706	0.486307	-0.0108485	-1.12188
713	0.594088	-0.305475	-0.486394	0.312706	0.486307	-0.0108485	-1.12188
714	0.594921	-0.305475	-0.486394	0.312706	0.486307	-0.0108485	-1.12188
715	0.595754	-0.305475	-0.486394	0.312706	0.486307	-0.0108485	-1.12188
716	0.596586	-0.305475	-0.486394	0.312706	0.486307	-0.0108485	-1.12188
717	0.597419	-0.305475	-0.486394	0.312706	0.486307	-0.0108485	-1.12188
718	0.598251	-0.305475	-0.486394	0.312706	0.486307	-0.0108485	-1.12188
719	0.599084	-0.305475	-0.486394	0.312706	0.486307	-0.0108485	-1.12188
720	0.599917	-0.305475	-0.486394	0.312706	0.486307	-0.0108485	-1.12188
721	0.600749	-0.305475	-0.486394	0.312706	0.486307	-0.0108485	-1.12188
722	0.601582	-0.540005	0.438179	0.538844	-0.446856	-0.228449	-0.18016
723	0.602415	-0.540005	0.438179	0.538844	-0.446856	-0.228449	-0.18016
724	0.603247	-0.590847	0.518223	0.58916	-0.527973	-0.278224	-0.0979707
725	0.60408	-0.590847	0.518223	0.58916	-0.527973	-0.278224	-0.0979707
726	0.604913	-0.165371	-0.132303	0.167878	0.131396	0.138743	-0.766194
727	0.605745	-0.165371	-0.132303	0.167878	0.131396	0.138743	-0.766194
728	0.606578	0.0223565	0.0459001	-0.0229964	-0.0459614	0.332775	-0.589723
729	0.60741	0.0223565	0.0459001	-0.0229964	-0.0459614	0.332775	-0.589723
730	0.608243	-0.451981	0.566141	0.448868	-0.574713	-0.136509	-0.0524302
731	0.609076	-0.451981	0.566141	0.448868	-0.574713	-0.136509	-0.0524302
732	0.609908	-0.451981	0.566141	0.448868	-0.574713	-0.136509	-0.0524302
733	0.610741	-0.391863	0.515969	0.388895	-0.523566	-0.0766906	-0.104558
734	0.611574	-0.0732584	0.626007	0.0670154	-0.630904	0.248455	2.80316e-05
735	0.612406	-0.0732584	0.626007	0.0670154	-0.630904	0.248455	2.80316e-05
736	0.613239	0.264867	0.719048	-0.274329	-0.720925	0.593008	0.0869732
737	0.614072	0.264867	0.719048	-0.274329	-0.720925	0.593008	0.0869732
738	0.614904	0.264867	0.719048	-0.274329	-0.720925	0.593008	0.0869732
739	0.615737	0.375827	0.90671	-0.388034	-0.908628	0.709476	0.274687
740	0.61657	0.375827	0.90671	-0.388034	-0.908628	0.709476	0.274687
741	0.617402	0.375827	0.90671	-0.388034	-0.908628	0.709476	0.274687
742	0.618235	0.375827	0.90671	-0.388034	-0.908628	0.789006	0.459726
743	0.619067	0.375827	0.90671	-0.388034	-0.908628	0.789006	0.459726
744	0.6199	0.375827	0.90671	-0.388034	-0.908628	0.789006	0.459726
745	0.620733	0.375827	0.90671	-0.388034	-0.908628	0.337339	0.517513
746	0.621565	0.375827	0.90671	-0.388034	-0.908628	0.337339	0.517513
747	0.622398	0.375827	0.90671	-0.388034	-0.908628	0.337339	0.517513
748	0.623231	0.375827	0.90671	-0.388034	-0.908628	0.337339	0.517513
749	0.624063	0.375827	0.90671	-0.388034	-0.908628	0.337339	0.517513
750	0.624896	0.375827	0.90671	-0.388034	-0.908628	0.337339	0.517513
751	0.625729	0.375827	0.90671	-0.388034	-0.908628	0.337339	0.517513
752	0.626561	0.375827	0.90671	-0.388034	-0.908628	0.337339	0.517513
753	0.627394	0.375827	0.90671	-0.388034	-0.908628	0.3854	0.432097
754	0.628226	0.375827	0.90671	-0.388034	-0.908628	0.3854	0.432097
755	0.629059	0.375827	0.90671	-0.388034	-0.908628	0.3854	0.432097
756	0.629892	0.375827	0.90671	-0.388034	-0.908628	0.3854	0.432097
757	0.630724	0.375827	0.90671	-0.388034	-0.908628	0.3854	0.432097
758	0.631557	0.375827	0.90671	-0.388034	-0.908628	0.3854	0.432097
759	0.63239	0.375827	0.90671	-0.388034	-0.908628	0.3854	0.432097
760	0.633222	0.375827	0.90671	-0.388034	-0.908628	0.3854	0.432097
761	0.634055	0.375827	0.90671	-0.388034	-0.908628	0.3854	0.432097
762	0.634888	0.375827	0.90671	-0.388034	-0.908628	0.3854	0.432097
763	0.63572	0.288706	0.720663	-0.298343	-0.722294	0.293119	0.245503
764	0.636553	0.288706	0.720663	-0.298343	-0.722294	0.293119	0.245503
765	0.637386	0.288706	0.720663	-0.298343	-0.722294	-0.114973	0.236076
766	0.638218	0.288706	0.720663	-0.298343	-0.722294	-0.114973	0.236076
767	0.639051	0.288706	0.720663	-0.298343	-0.722294	-0.114973	0.236076
768	0.639883	0.288706	0.720663	-0.298343	-0.722294	-0.114973	0.236076
769	0.640716	0.34961	0.687122	-0.359287	-0.687879	-0.0539989	0.20078
770	0.641549	0.34961	0.687122	-0.359287	-0.687879	-0.426809	0.143999
771	0.642381	0.34961	0.687122	-0.359287	-0.687879	-0.494099	-0.0388799
772	0.643214	0.743403	0.717286	-0.755989	-0.714011	-0.0945108	-0.0168371
773	0.644047	0.743403	0.717286	-0.755989	-0.714011	-0.0945108	-0.0168371
774	0.644879	0.743403	0.717286	-0.755989	-0.714011	-0.0945108	-0.0168371
775	0.645712	0.743403	0.717286	-0.755989	-0.714011	0.39085	-0.17159
776	0.646545	0.743403	0.717286	-0.755989	-0.714011	0.39085	-0.17159
777	0.647377	0.952317	-0.232955	-0.956068	0.244714	0.581945	-1.13876
778	0.64821	0.952317	-0.232955	-0.956068	0.244714	0.581945	-1.13876
779	0.649042	1.41891	-0.778817	-1.41986	0.799172	1.04283	-1.70184
780	0.649875	1.07116	-0.862632	-1.06893	0.879802	0.749475	-1.82366
781	0.650708	1.07116	-0.862632	-1.06893	0.879802	0.749475	-1.82366
782	0.65154	1.07116	-0.862632	-1.06893	0.879802	0.249364	-1.43489
783	0.652373	1.07116	-0.862632	-1.06893	0.879802	0.249364	-1.43489
784	0.653206	1.07116	-0.862632	-1.06893	0.879802	0.249364	-1.43489
785	0.654038	1.07116	-0.862632	-1.06893	0.879802	0.249364	-1.43489
786	0.654871	1.07116	-0.862632	-1.06893	0.879802	0.249364	-1.43489
787	0.655704	1.16605	-0.675804	-1.16645	0.692767	0.81673	-1.34332
788	0.656536	1.16605	-0.675804	-1.16645	0.692767	0.81673	-1.34332
789	0.657369	1.16605	-0.675804	-1.16645	0.692767	0.81673	-1.34332
790	0.658201	1.16605	-0.675804	-1.16645	0.692767	0.317889	-1.11694
791	0.659034	1.06545	-0.0299807	-1.07212	0.0416218	0.229937	-0.460504
792	0.659867	1.06545	-0.0299807	-1.07212	0.0416218	0.229937	-0.460504
793	0.660699	1.06545	-0.0299807	-1.07212	0.0416218	0.229937	-0.460504
794	0.661532	1.06545	-0.0299807	-1.07212	0.0416218	0.229937	-0.460504
795	0.662365	1.11027	0.0319913	-1.1179	-0.0202758	0.276677	-0.398691
796	0.663197	1.05238	0.0931421	-1.06029	-0.0824499	0.21936	-0.33549
797	0.66403	0.799395	1.12519	-0.81673	-1.12399	-0.0146142	0.715507
798	0.664863	0.870886	1.18207	-0.889302	-1.18048	0.0590407	0.771583
799	0.665695	0.870886	1.18207	-0.889302	-1.18048	0.0590407	0.771583
800	0.666528	0.929524	1.12396	-0.947701	-1.12136	0.40277	0.845638
801	0.667361	0.929524	1.12396	-0.947701	-1.12136	0.40277	0.845638
802	0.668193	0.929524	1.12396	-0.947701	-1.12136	0.40277	0.845638
803	0.669026	0.929524	1.12396	-0.947701	-1.12136	0.40277	0.845638
804	0.669858	0.920613	0.984255	-0.937231	-0.98083	0.378401	0.540632
805	0.670691	0.920613	0.984255	-0.937231	-0.98083	0.817762	0.508106
806	0.671524	0.865165	1.02943	-0.881904	-1.02689	0.762566	0.555066
807	0.672356	0.865165	1.02943	-0.881904	-1.02689	0.762566	0.555066
808	0.673189	0.865165	1.02943	-0.881904	-1.02689	0.762566	0.555066
809	0.674022	0.744098	1.04722	-0.760233	-1.04611	0.640303	0.575714
810	0.674854	0.744098	1.04722	-0.760233	-1.04611	0.640303	0.575714
811	0.675687	0.744098	1.04722	-0.760233	-1.04611	0.579571	0.606669
812	0.67652	0.267182	1.1717	-0.281522	-1.17652	0.0991169	0.743079
813	0.677352	0.267182	1.1717	-0.281522	-1.17652	0.0991169	0.743079
814	0.678185	0.267182	1.1717	-0.281522	-1.17652	0.0991169	0.743079
815	0.679017	-0.116064	1.90216	0.0963949	-1.9159	-0.27334	1.49137
816	0.67985	-0.116064	1.90216	0.0963949	-1.9159	-0.27334	1.49137
817	0.680683	-0.37892	1.78368	0.362249	-1.79947	-0.54219	1.37703
818	0.681515	-0.37892	1.78368	0.362249	-1.79947	-0.54219	1.37703
819	0.682348	-0.37892	1.78368	0.362249	-1.79947	-0.54219	1.37703
820	0.683181	-0.37892	1.78368	0.362249	-1.79947	-0.54219	1.37703
821	0.684013	-0.37892	1.78368	0.362249	-1.79947	-0.54219	1.37703
822	0.684846	-0.37892	1.78368	0.362249	-1.79947	-0.54219	1.37703
823	0.685679	0.0677594	1.03745	-0.0793478	-1.04353	-0.105813	0.611387
824	0.686511	0.0944232	-0.0579401	-0.0944209	0.0593348	-0.102487	-0.498882
825	0.687344	0.314097	0.109984	-0.317341	-0.107333	0.123687	-0.333514
826	0.688177	0.314097	0.109984	-0.317341	-0.107333	0.123687	-0.333514
827	0.689009	0.314097	0.109984	-0.317341	-0.107333	0.123687	-0.333514
828	0.689842	0.314097	0.109984	-0.317341	-0.107333	0.123687	-0.333514
829	0.690674	0.314097	0.109984	-0.317341	-0.107333	0.123687	-0.333514
830	0.691507	0.339756	0.279951	-0.344994	-0.27814	0.184022	-0.0124587
831	0.69234	0.299186	0.377222	-0.305202	-0.376485	0.145025	0.0869595
832	0.693172	0.168635	0.189903	-0.171782	-0.189339	0.00871805	-0.0999827
833	0.694005	0.107649	0.229692	-0.110823	-0.230044	-0.0522039	-0.0583549
834	0.694838	0.107649	0.229692	-0.110823	-0.230044	-0.0522039	-0.0583549
835	0.69567	0.111996	0.36687	-0.116672	-0.368076	-0.0448332	0.08052
836	0.696503	0.111996	0.36687	-0.116672	-0.368076	-0.0448332	0.08052
837	0.697336	0.287258	0.548072	-0.295032	-0.548585	0.136636	0.260299
838	0.698168	0.287258	0.548072	-0.295032	-0.548585	0.182197	0.170572
839	0.699001	0.287258	0.548072	-0.295032	-0.548585	0.182197	0.170572
840	0.699833	0.76524	0.100344	-0.771343	-0.0927833	0.65674	-0.29334
841	0.700666	0.76524	0.100344	-0.771343	-0.0927833	0.76293	-0.515268
842	0.701499	0.87903	-0.932747	-0.874784	0.948314	0.359873	-1.14359
843	0.702331	0.82099	0.057821	-0.827003	-0.0493822	0.322495	-0.138831
844	0.703164	0.82099	0.057821	-0.827003	-0.0493822	-0.179311	0.115257
845	0.703997	0.82099	0.057821	-0.827003	-0.0493822	0.119525	0.240397
846	0.704829	0.82099	0.057821	-0.827003	-0.0493822	0.119525	0.240397
847	0.705662	0.82099	0.057821	-0.827003	-0.0493822	0.119525	0.240397
848	0.706495	0.82099	0.057821	-0.827003	-0.0493822	0.119525	0.240397
849	0.707327	0.82099	0.057821	-0.827003	-0.0493822	0.119525	0.240397
850	0.70816	0.82099	0.057821	-0.827003	-0.0493822	0.119525	0.240397
851	0.708993	0.383458	0.698526	-0.393479	-0.698995	-0.309867	0.898932
852	0.709825	0.383458	0.698526	-0.393479	-0.698995	-0.309867	0.898932
853	0.710658	0.383458	0.698526	-0.393479	-0.698995	-0.309867	0.898932
854	0.71149	0.479802	0.802159	-0.491569	-0.802273	-0.210024	1.00184
855	0.712323	0.502648	0.684886	-0.513306	-0.683984	-0.189415	0.882536
856	0.713156	0.502648	0.684886	-0.513306	-0.683984	-0.189415	0.882536
857	0.713988	0.502648	0.684886	-0.513306	-0.683984	-0.189415	0.882536
858	0.714821	0.502648	0.684886	-0.513306	-0.683984	-0.189415	0.882536
859	0.715654	0.502648	0.684886	-0.513306	-0.683984	-0.189415	0.882536
860	0.716486	0.502648	0.684886	-0.513306	-0.683984	0.218548	0.196569
861	0.717319	0.0463317	0.753194	-0.0547261	-0.757642	-0.242252	0.275636
862	0.718152	0.0463317	0.753194	-0.0547261	-0.757642	-0.242252	0.275636
863	0.718984	0.0463317	0.753194	-0.0547261	-0.757642	-0.242252	0.275636
864	0.719817	-0.367295	0.752468	0.361624	-0.761355	-0.661296	0.283845
865	0.720649	-0.367295	0.752468	0.361624	-0.761355	-0.661296	0.283845
866	0.721482	-0.306712	0.706147	0.301142	-0.714078	-0.600924	0.235608
867	0.722315	0.164517	0.599144	-0.172033	-0.601311	-0.125854	0.117018
868	0.723147	0.164517	0.599144	-0.172033	-0.601311	-0.125854	0.117018
869	0.72398	0.164517	0.599144	-0.172033	-0.601311	-0.125854	0.117018
870	0.724813	0.148496	0.433606	-0.154129	-0.434858	-0.145663	-0.0503353
871	0.725645	0.148496	0.433606	-0.154129	-0.434858	-0.145663	-0.0503353
872	0.726478	0.148496	0.433606	-0.154129	-0.434858	-0.145663	-0.0503353
873	0.727311	0.148496	0.433606	-0.154129	-0.434858	-0.145663	-0.0503353
874	0.728143	0.148496	0.433606	-0.154129	-0.434858	-0.145663	-0.0503353
875	0.728976	0.686349	0.148736	-0.692454	-0.142341	0.393055	-0.350556
876	0.729808	0.488929	0.537307	-0.497911	-0.535584	0.201458	0.0473587
877	0.730641	0.488929	0.537307	-0.497911	-0.535584	0.201458	0.0473587
878	0.731474	0.887388	-0.166442	-0.891427	0.177066	0.589904	-0.674198
879	0.732306	0.887388	-0.166442	-0.891427	0.177066	0.589904	-0.674198
880	0.733139	0.887388	-0.166442	-0.891427	0.177066	0.589904	-0.674198
881	0.733972	0.887388	-0.166442	-0.891427	0.177066	0.589904	-0.674198
882	0.734804	0.887388	-0.166442	-0.891427	0.177066	0.589904	-0.674198
883	0.735637	0.887388	-0.166442	-0.891427	0.177066	0.589904	-0.674198
884	0.73647	0.887388	-0.166442	-0.891427	0.177066	0.589904	-0.674198
885	0.737302	1.08142	0.0100296	-1.08863	0.00152031	0.790287	-0.499617
886	0.738135	1.08142	0.0100296	-1.08863	0.00152031	0.790287	-0.499617
887	0.738968	1.46638	0.0624879	-1.47668	-0.0471474	1.18141	-0.454798
888	0.7398	1.46638	0.0624879	-1.47668	-0.0471474	0.946884	0.469774
889	0.740633	1.58285	0.250202	-1.59593	-0.234843	1.06893	0.657422
890	0.741465	1.58285	0.250202	-1.59593	-0.234843	1.06893	0.657422
891	0.742298	1.58285	0.250202	-1.59593	-0.234843	1.06893	0.657422
892	0.743131	1.58285	0.250202	-1.59593	-0.234843	1.01809	0.737467
893	0.743963	1.58285	0.250202	-1.59593	-0.234843	1.01809	0.737467
894	0.744796	1.58285	0.250202	-1.59593	-0.234843	1.01809	0.737467
895	0.745629	1.58285	0.250202	-1.59593	-0.234843	1.01809	0.737467
896	0.746461	1.58285	0.250202	-1.59593	-0.234843	1.01809	0.737467
897	0.747294	1.58285	0.250202	-1.59593	-0.234843	1.01809	0.737467
898	0.748127	1.58285	0.250202	-1.59593	-0.234843	1.44357	0.0869399
899	0.748959	1.58285	0.250202	-1.59593	-0.234843	1.44357	0.0869399
900	0.749792	1.58285	0.250202	-1.59593	-0.234843	1.44357	0.0869399
901	0.750624	1.64383	0.214906	-1.65693	-0.198661	1.50457	0.0498645
902	0.751457	1.64383	0.214906	-1.65693	-0.198661	1.50457	0.0498645
903	0.75229	1.64383	0.214906	-1.65693	-0.198661	1.6923	0.228068
904	0.753122	1.64383	0.214906	-1.65693	-0.198661	1.6923	0.228068
905	0.753955	1.64383	0.214906	-1.65693	-0.198661	1.6923	0.228068
906	0.754788	1.64383	0.214906	-1.65693	-0.198661	1.6923	0.228068
907	0.75562	1.64383	0.214906	-1.65693	-0.198661	1.6923	0.228068
908	0.756453	1.744	0.402122	-1.75977	-0.38603	1.79783	0.415563
909	0.757286	1.29252	0.991219	-1.31165	-0.983845	0.87885	1.54236
910	0.758118	1.29252	0.991219	-1.31165	-0.983845	0.87885	1.54236
911	0.758951	1.28289	1.11933	-1.30333	-1.11291	0.871865	1.67236
912	0.759784	1.28289	1.11933	-1.30333	-1.11291	0.871865	1.67236
913	0.760616	1.28289	1.11933	-1.30333	-1.11291	0.871865	1.67236
914	0.761449	1.28289	1.11933	-1.30333	-1.11291	0.871865	1.67236
915	0.762281	0.953394	2.04747	-0.981647	-2.05068	0.618257	2.56957
916	0.763114	0.953394	2.04747	-0.981647	-2.05068	0.618257	2.56957
917	0.763947	0.953394	2.04747	-0.981647	-2.05068	0.618257	2.56957
918	0.764779	0.953394	2.04747	-0.981647	-2.05068	0.618257	2.56957
919	0.765612	0.370952	2.62433	-0.401576	-2.63758	0.359286	3.27659
920	0.766445	0.370952	2.62433	-0.401576	-2.63758	0.359286	3.27659
921	0.767277	0.370952	2.62433	-0.401576	-2.63758	0.359286	3.27659
922	0.76811	0.377155	1.3813	-0.394469	-1.38632	0.338691	2.01719
923	0.768943	0.377155	1.3813	-0.394469	-1.38632	0.676816	2.11023
924	0.769775	0.377155	1.3813	-0.394469	-1.38632	0.676816	2.11023
925	0.770608	0.240848	1.19436	-0.255259	-1.19961	0.534687	1.9238
926	0.77144	0.240848	1.19436	-0.255259	-1.19961	0.534687	1.9238
927	0.772273	0.240848	1.19436	-0.255259	-1.19961	0.534687	1.9238
928	0.773106	0.240848	1.19436	-0.255259	-1.19961	0.534687	1.9238
929	0.773938	0.184014	1.20679	-0.198185	-1.21273	0.477379	1.93762
930	0.774771	0.184014	1.20679	-0.198185	-1.21273	0.477379	1.93762
931	0.775604	0.184014	1.20679	-0.198185	-1.21273	0.588339	2.12528
932	0.776436	0.184014	1.20679	-0.198185	-1.21273	0.588339	2.12528
933	0.777269	0.233587	1.36201	-0.24975	-1.36844	0.641916	2.28146
934	0.778102	0.233587	1.36201	-0.24975	-1.36844	0.641916	2.28146
935	0.778934	0.233587	1.36201	-0.24975	-1.36844	0.641916	2.28146
936	0.779767	0.233587	1.36201	-0.24975	-1.36844	0.641916	2.28146
937	0.7806	0.233587	1.36201	-0.24975	-1.36844	0.641916	2.28146
938	0.781432	-0.185458	1.37022	0.171958	-1.38121	0.217575	2.29884
939	0.782265	-0.185458	1.37022	0.171958	-1.38121	0.217575	2.29884
940	0.783097	-0.205267	1.20287	0.193695	-1.21297	0.193889	2.12973
941	0.78393	-0.205267	1.20287	0.193695	-1.21297	0.193889	2.12973
942	0.784763	-0.162461	1.10882	0.151618	-1.11785	0.23522	2.03353
943	0.785595	-0.162461	1.10882	0.151618	-1.11785	0.23522	2.03353
944	0.786428	-0.162461	1.10882	0.151618	-1.11785	0.23522	2.03353
945	0.787261	-0.162461	1.10882	0.151618	-1.11785	0.23522	2.03353
946	0.788093	-0.162461	1.10882	0.151618	-1.11785	0.23522	2.03353
947	0.788926	-0.162461	1.10882	0.151618	-1.11785	0.23522	2.03353
948	0.789759	-0.0404134	1.29647	0.0267531	-1.30542	0.36292	2.22099
949	0.790591	-0.0404134	1.29647	0.0267531	-1.30542	0.36292	2.22099
950	0.791424	-0.0404134	1.29647	0.0267531	-1.30542	0.36292	2.22099
951	0.792256	-0.0404134	1.29647	0.0267531	-1.30542	0.36292	2.22099
952	0.793089	0.0205942	1.2594	-0.0342569	-1.26745	0.423922	2.18211
953	0.793922	0.0205942	1.2594	-0.0342569	-1.26745	0.423922	2.18211
954	0.794754	0.0205942	1.2594	-0.0342569	-1.26745	0.423922	2.18211
955	0.795587	0.0205942	1.2594	-0.0342569	-1.26745	0.423922	2.18211
956	0.79642	0.0205942	1.2594	-0.0342569	-1.26745	0.423922	2.18211
957	0.797252	0.0205942	1.2594	-0.0342569	-1.26745	0.423922	2.18211
958	0.798085	0.0205942	1.2594	-0.0342569	-1.26745	0.423922	2.18211
959	0.798918	0.0205942	1.2594	-0.0342569	-1.26745	0.423922	2.18211
960	0.79975	0.0205942	1.2594	-0.0342569	-1.26745	0.423922	2.18211
961	0.800583	0	0	0	0	0	0
962	0.801415	0	0	0	0	0	0
963	0.802248	0	0	0	0	0	0
964	0.803081	0	0	0	0	0	0
965	0.803913	0	0	0	0	0	0
966	0.804746	0	0	0	0	0	0
967	0.805579	0	0	0	0	0	0
968	0.806411	0	0	0	0	0	0
969	0.807244	0	0	0	0	0	0
970	0.808077	0	0	0	0	0	0
971	0.808909	0	0	0	0	0	0
972	0.809742	0	0	0	0	0	0
973	0.810575	0	0	0	0	0	0
974	0.811407	0	0	0	0	0	0
975	0.81224	0	0	0	0	0	0
976	0.813072	0	0	0	0	0	0
977	0.813905	0	0	0	0	0	0
978	0.814738	0	0	0	0	0	0
979	0.81557	0	0	0	0	0	0
980	0.816403	0	0	0	0	0	0
981	0.817236	0	0	0	0	0	0
982	0.818068	0	0	0	0	0	0
983	0.818901	0	0	0	0	0	0
984	0.819734	0	0	0	0	0	0
985	0.820566	0	0	0	0	0	0
986	0.821399	0	0	0	0	0	0
987	0.822231	0	0	0	0	0	0
988	0.823064	0	0	0	0	0	0
989	0.823897	0	0	0	0	0	0
990	0.824729	0	0	0	0	0	0
991	0.825562	0	0	0	0	0	0
992	0.826395	0	0	0	0	0	0
993	0.827227	0	0	0	0	0	0
994	0.82806	0	0	0	0	0	0
995	0.828893	0	0	0	0	0	0
996	0.829725	0	0	0	0	0	0
997	0.830558	0	0	0	0	0	0
998	0.831391	0	0	0	0	0	0
999	0.832223	0	0	0	0	0	0
1000	0.833056	0	0	0	0	0	0
1001	0.833888	0	0	0	0	0	0
1002	0.834721	0	0	0	0	0	0
1003	0.835554	0	0	0	0	0	0
1004	0.836386	0	0	0	0	0	0
1005	0.837219	0	0	0	0	0	0
1006	0.838052	0	0	0	0	0	0
1007	0.838884	0	0	0	0	0	0
1008	0.839717	0	0	0	0	0	0
1009	0.84055	0	0	0	0	0	0
1010	0.841382	0	0	0	0	0	0
1011	0.842215	0	0	0	0	0	0
1012	0.843047	0	0	0	0	0	0
1013	0.84388	0	0	0	0	0	0
1014	0.844713	0	0	0	0	0	0
1015	0.845545	0	0	0	0	0	0
1016	0.846378	0	0	0	0	0	0
1017	0.847211	0	0	0	0	0	0
1018	0.848043	0	0	0	0	0	0
1019	0.848876	0	0	0	0	0	0
1020	0.849709	0	0	0	0	0	0
1021	0.850541	0	0	0	0	0	0
1022	0.851374	0	0	0	0	0	0
1023	0.852206	0	0	0	0	0	0
1024	0.853039	0	0	0	0	0	0
1025	0.853872	0	0	0	0	0	0
1026	0.854704	0	0	0	0	0	0
1027	0.855537	0	0	0	0	0	0
1028	0.85637	0	0	0	0	0	0
1029	0.857202	0	0	0	0	0	0
1030	0.858035	0	0	0	0	0	0
1031	0.858868	0	0	0	0	0	0
1032	0.8597	0	0	0	0	0	0
1033	0.860533	0	0	0	0	0	0
1034	0.861366	0	0	0	0	0	0
1035	0.862198	0	0	0	0	0	0
1036	0.863031	0	0	0	0	0	0
1037	0.863863	0	0	0	0	0	0
1038	0.864696	0	0	0	0	0	0
1039	0.865529	0	0	0	0	0	0
1040	0.866361	0	0	0	0	0	0
1041	0.867194	0	0	0	0	0	0
1042	0.868027	0	0	0	0	0	0
1043	0.868859	0	0	0	0	0	0
1044	0.869692	0	0	0	0	0	0
1045	0.870525	0	0	0	0	0	0
1046	0.871357	0	0	0	0	0	0
1047	0.87219	0	0	0	0	0	0
1048	0.873022	0	0	0	0	0	0
1049	0.873855	0	0	0	0	0	0
1050	0.874688	0	0	0	0	0	0
1051	0.87552	0	0	0	0	0	0
1052	0.876353	0	0	0	0	0	0
1053	0.877186	0	0	0	0	0	0
1054	0.878018	0	0	0	0	0	0
1055	0.878851	0	0	0	0	0	0
1056	0.879684	0	0	0	0	0	0
1057	0.880516	0	0	0	0	0	0
1058	0.881349	0	0	0	0	0	0
1059	0.882182	0	0	0	0	0	0
1060	0.883014	0	0	0	0	0	0
1061	0.883847	0	0	0	0	0	0
1062	0.884679	0	0	0	0	0	0
1063	0.885512	0	0	0	0	0	0
1064	0.886345	0	0	0	0	0	0
1065	0.887177	0	0	0	0	0	0
1066	0.88801	0	0	0	0	0	0
1067	0.888843	0	0	0	0	0	0
1068	0.889675	0	0	0	0	0	0
1069	0.890508	0	0	0	0	0	0
1070	0.891341	0	0	0	0	0	0
1071	0.892173	0	0	0	0	0	0
1072	0.893006	0	0	0	0	0	0
1073	0.893838	0	0	0	0	0	0
1074	0.894671	0	0	0	0	0	0
1075	0.895504	0	0	0	0	0	0
1076	0.896336	0	0	0	0	0	0
1077	0.897169	0	0	0	0	0	0
1078	0.898002	0	0	0	0	0	0
1079	0.898834	0	0	0	0	0	0
1080	0.899667	0	0	0	0	0	0
1081	0.9005	0	0	0	0	0	0
1082	0.901332	0	0	0	0	0	0
1083	0.902165	0	0	0	0	0	0
1084	0.902998	0	0	0	0	0	0
1085	0.90383	0	0	0	0	0	0
1086	0.904663	0	0	0	0	0	0
1087	0.905495	0	0	0	0	0	0
1088	0.906328	0	0	0	0	0	0
1089	0.907161	0	0	0	0	0	0
1090	0.907993	0	0	0	0	0	0
1091	0.908826	0	0	0	0	0	0
1092	0.909659	0	0	0	0	0	0
1093	0.910491	0	0	0	0	0	0
1094	0.911324	0	0	0	0	0	0
1095	0.912157	0	0	0	0	0	0
1096	0.912989	0	0	0	0	0	0
1097	0.913822	0	0	0	0	0	0
1098	0.914654	0	0	0	0	0	0
1099	0.915487	0	0	0	0	0	0
1100	0.91632	0	0	0	0	0	0
1101	0.917152	0	0	0	0	0	0
1102	0.917985	0	0	0	0	0	0
1103	0.918818	0	0	0	0	0	0
1104	0.91965	0	0	0	0	0	0
1105	0.920483	0	0	0	0	0	0
1106	0.921316	0	0	0	0	0	0
1107	0.922148	0	0	0	0	0	0
1108	0.922981	0	0	0	0	0	0
1109	0.923813	0	0	0	0	0	0
1110	0.924646	0	0	0	0	0	0
1111	0.925479	0	0	0	0	0	0
1112	0.926311	0	0	0	0	0	0
1113	0.927144	0	0	0	0	0	0
1114	0.927977	0	0	0	0	0	0
1115	0.928809	0	0	0	0	0	0
1116	0.929642	0	0	0	0	0	0
1117	0.930475	0	0	0	0	0	0
1118	0.931307	0	0	0	0	0	0
1119	0.93214	0	0	0	0	0	0
1120	0.932973	0	0	0	0	0	0
1121	0.933805	0	0	0	0	0	0
1122	0.934638	0	0	0	0	0	0
1123	0.93547	0	0	0	0	0	0
1124	0.936303	0	0	0	0	0	0
1125	0.937136	0	0	0	0	0	0
1126	0.937968	0	0	0	0	0	0
1127	0.938801	0	0	0	0	0	0
1128	0.939634	0	0	0	0	0	0
1129	0.940466	0	0	0	0	0	0
1130	0.941299	0	0	0	0	0	0
1131	0.942132	0	0	0	0	0	0
1132	0.942964	0	0	0	0	0	0
1133	0.943797	0	0	0	0	0	0
1134	0.944629	0	0	0	0	0	0
1135	0.945462	0	0	0	0	0	0
1136	0.946295	0	0	0	0	0	0
1137	0.947127	0	0	0	0	0	0
1138	0.94796	0	0	0	0	0	0
1139	0.948793	0	0	0	0	0	0
1140	0.949625	0	0	0	0	0	0
1141	0.950458	0	0	0	0	0	0
1142	0.951291	0	0	0	0	0	0
1143	0.952123	0	0	0	0	0	0
1144	0.952956	0	0	0	0	0	0
1145	0.953789	0	0	0	0	0	0
1146	0.954621	0	0	0	0	0	0
1147	0.955454	0	0	0	0	0	0
1148	0.956286	0	0	0	0	0	0
1149	0.957119	0	0	0	0	0	0
1150	0.957952	0	0	0	0	0	0
1151	0.958784	0	0	0	0	0	0
1152	0.959617	0	0	0	0	0	0
1153	0.96045	0	0	0	0	0	0
1154	0.961282	0	0	0	0	0	0
1155	0.962115	0	0	0	0	0	0
1156	0.962948	0	0	0	0	0	0
1157	0.96378	0	0	0	0	0	0
1158	0.964613	0	0	0	0	0	0
1159	0.965445	0	0	0	0	0	0
1160	0.966278	0	0	0	0	0	0
1161	0.967111	0	0	0	0	0	0
1162	0.967943	0	0	0	0	0	0
1163	0.968776	0	0	0	0	0	0
1164	0.969609	0	0	0	0	0	0
1165	0.970441	0	0	0	0	0	0
1166	0.971274	0	0	0	0	0	0
1167	0.972107	0	0	0	0	0	0
1168	0.972939	0	0	0	0	0	0
1169	0.973772	0	0	0	0	0	0
1170	0.974604	0	0	0	0	0	0
1171	0.975437	0	0	0	0	0	0
1172	0.97627	0	0	0	0	0	0
1173	0.977102	0	0	0	0	0	0
1174	0.977935	0	0	0	0	0	0
1175	0.978768	0	0	0	0	0	0
1176	0.9796	0	0	0	0	0	0
1177	0.980433	0	0	0	0	0	0
1178	0.981266	0	0	0	0	0	0
1179	0.982098	0	0	0	0	0	0
1180	0.982931	0	0	0	0	0	0
1181	0.983764	0	0	0	0	0	0
1182	0.984596	0	0	0	0	0	0
1183	0.985429	0	0	0	0	0	0
1184	0.986261	0	0	0	0	0	0
1185	0.987094	0	0	0	0	0	0
1186	0.987927	0	0	0	0	0	0
1187	0.988759	0	0	0	0	0	0
1188	0.989592	0	0	0	0	0	0
1189	0.990425	0	0	0	0	0	0
1190	0.991257	0	0	0	0	0	0
1191	0.99209	0	0	0	0	0	0
1192	0.992923	0	0	0	0	0	0
1193	0.993755	0	0	0	0	0	0
1194	0.994588	0	0	0	0	0	0
1195	0.99542	0	0	0	0	0	0
1196	0.996253	0	0	0	0	0	0
1197	0.997086	0	0	0	0	0	0
1198	0.997918	0	0	0	0	0	0
1199	0.998751	0	0	0	0	0	0
1200	0.999584	0	0	0	0	0	0
