0	0 5.31561	1.6	2.72	3.504	4.0528
1	0.000554631 5.29535	1.6	2.72	3.504	4.0528
2	0.00110926 5.28667	1.6	2.72	3.504	4.0528
3	0.00166389 5.27427	1.6	2.72	3.504	4.0528
4	0.00221852 5.22508	1.6	2.72	3.504	4.0528
5	0.00277316 5.22762	1.6	2.72	3.504	4.0528
6	0.00332779 5.19496	1.6	2.72	3.504	4.0528
7	0.00388242 5.21099	1.6	2.72	3.504	4.0528
8	0.00443705 5.1899	1.6	2.72	3.504	4.0528
9	0.00499168 5.17219	1.6	2.72	3.504	4.0528
10	0.00554631 5.11059	1.6	2.72	3.504	4.0528
11	0.00610094 5.17483	1.6	2.72	3.504	4.0528
12	0.00665557 5.15375	1.6	2.72	3.504	4.0528
13	0.00721021 5.13603	1.6	2.72	3.504	4.0528
14	0.00776484 5.06575	1.6	2.72	3.504	4.0528
15	0.00831947 5.06938	1.6	2.72	3.504	4.0528
16	0.0088741 5.00247	1.6	2.72	3.504	4.0528
17	0.00942873 5.12318	1.6	2.72	3.504	4.0528
18	0.00998336 5.10209	1.6	2.72	3.504	4.0528
19	0.010538 5.08438	1.6	2.72	3.504	4.0528
20	0.0110926 5.02278	1.6	2.72	3.504	4.0528
21	0.0116473 5.03013	1.6	2.72	3.504	4.0528
22	0.0122019 4.97976	1.6	2.72	3.504	4.0528
23	0.0127565 5.00265	1.6	2.72	3.504	4.0528
24	0.0133111 4.96385	1.6	2.72	3.504	4.0528
25	0.0138658 4.93854	1.6	2.72	3.504	4.0528
26	0.0144204 4.8303	1.6	2.72	3.504	4.0528
27	0.014975 5.04939	1.6	2.72	3.504	4.0528
28	0.0155297 5.0283	1.6	2.72	3.504	4.0528
29	0.0160843 4.99033	1.6	2.72	3.504	4.0528
30	0.0166389 4.94031	1.6	2.72	3.504	4.0528
31	0.0171936 4.94394	1.6	2.72	3.504	4.0528
32	0.0177482 4.87703	1.6	2.72	3.504	4.0528
33	0.0183028 4.92018	1.6	2.72	3.504	4.0528
34	0.0188575 4.89007	1.6	2.72	3.504	4.0528
35	0.0194121 4.8445	1.6	2.72	3.504	4.0528
36	0.0199667 4.7441	1.6	2.72	3.504	4.0528
37	0.0205214 4.85613	1.6	2.72	3.504	4.0528
38	0.021076 4.78922	1.6	2.72	3.504	4.0528
39	0.0216306 4.77176	1.6	2.72	3.504	4.0528
40	0.0221852 4.75669	1.6	2.72	3.504	4.0528
41	0.0227399 4.67655	1.6	2.72	3.504	4.0528
42	0.0232945 4.96423	1.6	2.72	3.504	4.0528
43	0.0238491 4.93529	1.6	2.72	3.504	4.0528
44	0.0244038 4.90264	1.6	2.72	3.504	4.0528
45	0.0249584 4.87624	1.6	2.72	3.504	4.0528
46	0.025513 4.87986	1.6	2.72	3.504	4.0528
47	0.0260677 4.81827	1.6	2.72	3.504	4.0528
48	0.0266223 4.75921	1.6	2.72	3.504	4.0528
49	0.0271769 4.79451	1.6	2.72	3.504	4.0528
50	0.0277316 4.75571	1.6	2.72	3.504	4.0528
51	0.0282862 4.718	1.6	2.72	3.504	4.0528
52	0.0288408 4.79206	1.6	2.72	3.504	4.0528
53	0.0293955 4.73046	1.6	2.72	3.504	4.0528
54	0.0299501 4.6714	1.6	2.72	3.504	4.0528
55	0.0305047 4.64863	1.6	2.72	3.504	4.0528
56	0.0310593 4.62234	1.6	2.72	3.504	4.0528
57	0.031614 4.58717	1.6	2.72	3.504	4.0528
58	0.0321686 4.71827	1.6	2.72	3.504	4.0528
59	0.0327232 4.64799	1.6	2.72	3.504	4.0528
60	0.0332779 4.56868	1.6	2.72	3.504	4.0528
61	0.0338325 4.57484	1.6	2.72	3.504	4.0528
62	0.0343871 4.5564	1.6	2.72	3.504	4.0528
63	0.0349418 4.48444	1.6	2.72	3.504	4.0528
64	0.0354964 4.51715	1.6	2.72	3.504	4.0528
65	0.036051 4.3965	1.6	2.72	3.504	4.0528
66	0.0366057 4.40531	1.6	2.72	3.504	4.0528
67	0.0371603 4.28215	1.6	2.72	3.504	4.0528
68	0.0377149 4.79338	1.6	2.72	3.504	4.0528
69	0.0382696 4.7723	1.6	2.72	3.504	4.0528
70	0.0388242 4.73433	1.6	2.72	3.504	4.0528
71	0.0393788 4.66405	1.6	2.72	3.504	4.0528
72	0.0399334 4.68793	1.6	2.72	3.504	4.0528
73	0.0404881 4.62888	1.6	2.72	3.504	4.0528
74	0.0410427 4.66418	1.6	2.72	3.504	4.0528
75	0.0415973 4.6138	1.6	2.72	3.504	4.0528
76	0.042152 4.57981	1.6	2.72	3.504	4.0528
77	0.0427066 4.45916	1.6	2.72	3.504	4.0528
78	0.0432612 4.60013	1.6	2.72	3.504	4.0528
79	0.0438159 4.54107	1.6	2.72	3.504	4.0528
80	0.0443705 4.4955	1.6	2.72	3.504	4.0528
81	0.0449251 4.50069	1.6	2.72	3.504	4.0528
82	0.0454798 4.40029	1.6	2.72	3.504	4.0528
83	0.0460344 4.56768	1.6	2.72	3.504	4.0528
84	0.046589 4.52634	1.6	2.72	3.504	4.0528
85	0.0471436 4.46728	1.6	2.72	3.504	4.0528
86	0.0476983 4.41303	1.6	2.72	3.504	4.0528
87	0.0482529 4.41821	1.6	2.72	3.504	4.0528
88	0.0488075 4.36279	1.6	2.72	3.504	4.0528
89	0.0493622 4.3955	1.6	2.72	3.504	4.0528
90	0.0499168 4.28725	1.6	2.72	3.504	4.0528
91	0.0504714 4.1818	1.6	2.72	3.504	4.0528
92	0.0510261 4.16167	1.6	2.72	3.504	4.0528
93	0.0515807 4.43332	1.6	2.72	3.504	4.0528
94	0.0521353 4.40321	1.6	2.72	3.504	4.0528
95	0.05269 4.34896	1.6	2.72	3.504	4.0528
96	0.0532446 4.24856	1.6	2.72	3.504	4.0528
97	0.0537992 4.28268	1.6	2.72	3.504	4.0528
98	0.0543539 4.19832	1.6	2.72	3.504	4.0528
99	0.0549085 4.22849	1.6	2.72	3.504	4.0528
100	0.0554631 4.16438	1.6	2.72	3.504	4.0528
101	0.0560177 4.11051	1.6	2.72	3.504	4.0528
102	0.0565724 4.2163	1.6	2.72	3.504	4.0528
103	0.057127 4.1159	1.6	2.72	3.504	4.0528
104	0.0576816 3.98234	1.6	2.72	3.504	4.0528
105	0.0582363 3.98247	1.6	2.72	3.504	4.0528
106	0.0587909 3.95613	1.6	2.72	3.504	4.0528
107	0.0593455 3.86454	1.6	2.72	3.504	4.0528
108	0.0599002 4.59851	1.6	2.72	3.504	4.0528
109	0.0604548 4.55717	1.6	2.72	3.504	4.0528
110	0.0610094 4.53945	1.6	2.72	3.504	4.0528
111	0.0615641 4.47786	1.6	2.72	3.504	4.0528
112	0.0621187 4.48521	1.6	2.72	3.504	4.0528
113	0.0626733 4.43483	1.6	2.72	3.504	4.0528
114	0.063228 4.45773	1.6	2.72	3.504	4.0528
115	0.0637826 4.38745	1.6	2.72	3.504	4.0528
116	0.0643372 4.39362	1.6	2.72	3.504	4.0528
117	0.0648918 4.30563	1.6	2.72	3.504	4.0528
118	0.0654465 4.3974	1.6	2.72	3.504	4.0528
119	0.0660011 4.34702	1.6	2.72	3.504	4.0528
120	0.0665557 4.31303	1.6	2.72	3.504	4.0528
121	0.0671104 4.30581	1.6	2.72	3.504	4.0528
122	0.067665 4.2265	1.6	2.72	3.504	4.0528
123	0.0682196 4.14213	1.6	2.72	3.504	4.0528
124	0.0687743 4.30335	1.6	2.72	3.504	4.0528
125	0.0693289 4.26455	1.6	2.72	3.504	4.0528
126	0.0698835 4.21899	1.6	2.72	3.504	4.0528
127	0.0704382 4.23202	1.6	2.72	3.504	4.0528
128	0.0709928 4.14403	1.6	2.72	3.504	4.0528
129	0.0715474 4.04726	1.6	2.72	3.504	4.0528
130	0.0721021 4.12131	1.6	2.72	3.504	4.0528
131	0.0726567 4.00547	1.6	2.72	3.504	4.0528
132	0.0732113 3.97185	1.6	2.72	3.504	4.0528
133	0.0737659 4.24713	1.6	2.72	3.504	4.0528
134	0.0743206 4.17686	1.6	2.72	3.504	4.0528
135	0.0748752 4.16277	1.6	2.72	3.504	4.0528
136	0.0754298 4.08345	1.6	2.72	3.504	4.0528
137	0.0759845 4.08527	1.6	2.72	3.504	4.0528
138	0.0765391 4.01331	1.6	2.72	3.504	4.0528
139	0.0770937 4.04602	1.6	2.72	3.504	4.0528
140	0.0776484 3.99059	1.6	2.72	3.504	4.0528
141	0.078203 3.9255	1.6	2.72	3.504	4.0528
142	0.0787576 3.78207	1.6	2.72	3.504	4.0528
143	0.0793123 3.94211	1.6	2.72	3.504	4.0528
144	0.0798669 3.82627	1.6	2.72	3.504	4.0528
145	0.0804215 3.77239	1.6	2.72	3.504	4.0528
146	0.0809762 3.78765	1.6	2.72	3.504	4.0528
147	0.0815308 3.70847	1.6	2.72	3.504	4.0528
148	0.0820854 4.09654	1.6	2.72	3.504	4.0528
149	0.08264 4.03495	1.6	2.72	3.504	4.0528
150	0.0831947 3.96721	1.6	2.72	3.504	4.0528
151	0.0837493 3.95312	1.6	2.72	3.504	4.0528
152	0.0843039 3.93468	1.6	2.72	3.504	4.0528
153	0.0848586 3.8714	1.6	2.72	3.504	4.0528
154	0.0854132 3.90411	1.6	2.72	3.504	4.0528
155	0.0859678 3.79503	1.6	2.72	3.504	4.0528
156	0.0865225 3.80384	1.6	2.72	3.504	4.0528
157	0.0870771 3.6492	1.6	2.72	3.504	4.0528
158	0.0876317 3.7803	1.6	2.72	3.504	4.0528
159	0.0881864 3.70462	1.6	2.72	3.504	4.0528
160	0.088741 3.671	1.6	2.72	3.504	4.0528
161	0.0892956 3.64946	1.6	2.72	3.504	4.0528
162	0.0898502 3.48579	1.6	2.72	3.504	4.0528
163	0.0904049 3.74516	1.6	2.72	3.504	4.0528
164	0.0909595 3.65717	1.6	2.72	3.504	4.0528
165	0.0915141 3.5604	1.6	2.72	3.504	4.0528
166	0.0920688 3.52002	1.6	2.72	3.504	4.0528
167	0.0926234 3.51393	1.6	2.72	3.504	4.0528
168	0.093178 3.39087	1.6	2.72	3.504	4.0528
169	0.0937327 3.42892	1.6	2.72	3.504	4.0528
170	0.0942873 3.34974	1.6	2.72	3.504	4.0528
171	0.0948419 3.26797	1.6	2.72	3.504	4.0528
172	0.0953966 4.29118	1.6	2.72	3.504	4.0528
173	0.0959512 4.26224	1.6	2.72	3.504	4.0528
174	0.0965058 4.22959	1.6	2.72	3.504	4.0528
175	0.0970605 4.20319	1.6	2.72	3.504	4.0528
176	0.0976151 4.20682	1.6	2.72	3.504	4.0528
177	0.0981697 4.14522	1.6	2.72	3.504	4.0528
178	0.0987243 4.07748	1.6	2.72	3.504	4.0528
179	0.099279 4.12932	1.6	2.72	3.504	4.0528
180	0.0998336 4.08267	1.6	2.72	3.504	4.0528
181	0.100388 4.04495	1.6	2.72	3.504	4.0528
182	0.100943 4.11901	1.6	2.72	3.504	4.0528
183	0.101498 4.05741	1.6	2.72	3.504	4.0528
184	0.102052 3.98967	1.6	2.72	3.504	4.0528
185	0.102607 3.97558	1.6	2.72	3.504	4.0528
186	0.103161 3.94929	1.6	2.72	3.504	4.0528
187	0.103716 3.89386	1.6	2.72	3.504	4.0528
188	0.104271 4.04522	1.6	2.72	3.504	4.0528
189	0.104825 3.97494	1.6	2.72	3.504	4.0528
190	0.10538 3.96085	1.6	2.72	3.504	4.0528
191	0.105935 3.88154	1.6	2.72	3.504	4.0528
192	0.106489 3.88336	1.6	2.72	3.504	4.0528
193	0.107044 3.81139	1.6	2.72	3.504	4.0528
194	0.107598 3.8441	1.6	2.72	3.504	4.0528
195	0.108153 3.78868	1.6	2.72	3.504	4.0528
196	0.108708 3.73226	1.6	2.72	3.504	4.0528
197	0.109262 3.58884	1.6	2.72	3.504	4.0528
198	0.109817 3.89061	1.6	2.72	3.504	4.0528
199	0.110372 3.85181	1.6	2.72	3.504	4.0528
200	0.110926 3.8141	1.6	2.72	3.504	4.0528
201	0.111481 3.81928	1.6	2.72	3.504	4.0528
202	0.112035 3.71103	1.6	2.72	3.504	4.0528
203	0.11259 3.60558	1.6	2.72	3.504	4.0528
204	0.113145 3.70857	1.6	2.72	3.504	4.0528
205	0.113699 3.62421	1.6	2.72	3.504	4.0528
206	0.114254 3.54671	1.6	2.72	3.504	4.0528
207	0.114809 3.6649	1.6	2.72	3.504	4.0528
208	0.115363 3.60947	1.6	2.72	3.504	4.0528
209	0.115918 3.54438	1.6	2.72	3.504	4.0528
210	0.116473 3.40964	1.6	2.72	3.504	4.0528
211	0.117027 3.4373	1.6	2.72	3.504	4.0528
212	0.117582 3.29652	1.6	2.72	3.504	4.0528
213	0.118136 3.76028	1.6	2.72	3.504	4.0528
214	0.118691 3.7099	1.6	2.72	3.504	4.0528
215	0.119246 3.67591	1.6	2.72	3.504	4.0528
216	0.1198 3.66869	1.6	2.72	3.504	4.0528
217	0.120355 3.58938	1.6	2.72	3.504	4.0528
218	0.12091 3.49633	1.6	2.72	3.504	4.0528
219	0.121464 3.5265	1.6	2.72	3.504	4.0528
220	0.122019 3.4624	1.6	2.72	3.504	4.0528
221	0.122573 3.4172	1.6	2.72	3.504	4.0528
222	0.123128 3.52299	1.6	2.72	3.504	4.0528
223	0.123683 3.4226	1.6	2.72	3.504	4.0528
224	0.124237 3.42273	1.6	2.72	3.504	4.0528
225	0.124792 3.27676	1.6	2.72	3.504	4.0528
226	0.125347 3.25042	1.6	2.72	3.504	4.0528
227	0.125901 3.15015	1.6	2.72	3.504	4.0528
228	0.126456 3.3965	1.6	2.72	3.504	4.0528
229	0.127011 3.32453	1.6	2.72	3.504	4.0528
230	0.127565 3.25572	1.6	2.72	3.504	4.0528
231	0.12812 3.26566	1.6	2.72	3.504	4.0528
232	0.128674 3.11102	1.6	2.72	3.504	4.0528
233	0.129229 2.96038	1.6	2.72	3.504	4.0528
234	0.129784 3.07857	1.6	2.72	3.504	4.0528
235	0.130338 2.92539	1.6	2.72	3.504	4.0528
236	0.130893 2.87892	1.6	2.72	3.504	4.0528
237	0.131448 3.54515	1.6	2.72	3.504	4.0528
238	0.132002 3.51503	1.6	2.72	3.504	4.0528
239	0.132557 3.46946	1.6	2.72	3.504	4.0528
240	0.133111 3.36907	1.6	2.72	3.504	4.0528
241	0.133666 3.3945	1.6	2.72	3.504	4.0528
242	0.134221 3.27866	1.6	2.72	3.504	4.0528
243	0.134775 3.34031	1.6	2.72	3.504	4.0528
244	0.13533 3.26835	1.6	2.72	3.504	4.0528
245	0.135885 3.21111	1.6	2.72	3.504	4.0528
246	0.136439 3.32812	1.6	2.72	3.504	4.0528
247	0.136994 3.24013	1.6	2.72	3.504	4.0528
248	0.137549 3.14336	1.6	2.72	3.504	4.0528
249	0.138103 3.10297	1.6	2.72	3.504	4.0528
250	0.138658 3.09689	1.6	2.72	3.504	4.0528
251	0.139212 2.97383	1.6	2.72	3.504	4.0528
252	0.139767 3.19377	1.6	2.72	3.504	4.0528
253	0.140322 3.13834	1.6	2.72	3.504	4.0528
254	0.140876 3.07325	1.6	2.72	3.504	4.0528
255	0.141431 2.90957	1.6	2.72	3.504	4.0528
256	0.141986 2.94591	1.6	2.72	3.504	4.0528
257	0.14254 2.8167	1.6	2.72	3.504	4.0528
258	0.143095 2.84741	1.6	2.72	3.504	4.0528
259	0.143649 2.73557	1.6	2.72	3.504	4.0528
260	0.144204 2.64992	1.6	2.72	3.504	4.0528
261	0.144759 3.04318	1.6	2.72	3.504	4.0528
262	0.145313 2.98775	1.6	2.72	3.504	4.0528
263	0.145868 2.93134	1.6	2.72	3.504	4.0528
264	0.146423 2.80817	1.6	2.72	3.504	4.0528
265	0.146977 2.81557	1.6	2.72	3.504	4.0528
266	0.147532 2.69505	1.6	2.72	3.504	4.0528
267	0.148087 2.72575	1.6	2.72	3.504	4.0528
268	0.148641 2.61763	1.6	2.72	3.504	4.0528
269	0.149196 2.52041	1.6	2.72	3.504	4.0528
270	0.14975 2.6794	1.6	2.72	3.504	4.0528
271	0.150305 2.48678	1.6	2.72	3.504	4.0528
272	0.15086 2.50722	1.6	2.72	3.504	4.0528
273	0.151414 2.2734	1.6	2.72	3.504	4.0528
274	0.151969 2.31291	1.6	2.72	3.504	4.0528
275	0.152524 2.05274	1.6	2.72	3.504	4.0528
276	0.153078 3.83189	1.6	2.72	3.504	2.58933
277	0.153633 3.79055	1.6	2.72	3.504	2.58933
278	0.154187 3.77283	1.6	2.72	3.504	2.58933
279	0.154742 3.76778	1.6	2.72	3.504	2.58933
280	0.155297 3.72644	1.6	2.72	3.504	2.58933
281	0.155851 3.66738	1.6	2.72	3.504	2.58933
282	0.156406 3.70268	1.6	2.72	3.504	2.58933
283	0.156961 3.65231	1.6	2.72	3.504	2.58933
284	0.157515 3.61832	1.6	2.72	3.504	2.58933
285	0.15807 3.67997	1.6	2.72	3.504	2.58933
286	0.158625 3.63863	1.6	2.72	3.504	2.58933
287	0.159179 3.57957	1.6	2.72	3.504	2.58933
288	0.159734 3.53401	1.6	2.72	3.504	2.58933
289	0.160288 3.53051	1.6	2.72	3.504	2.58933
290	0.160843 3.43011	1.6	2.72	3.504	2.58933
291	0.161398 3.60618	1.6	2.72	3.504	2.58933
292	0.161952 3.54458	1.6	2.72	3.504	2.58933
293	0.162507 3.48553	1.6	2.72	3.504	2.58933
294	0.163062 3.43128	1.6	2.72	3.504	2.58933
295	0.163616 3.45672	1.6	2.72	3.504	2.58933
296	0.164171 3.40129	1.6	2.72	3.504	2.58933
297	0.164725 3.41375	1.6	2.72	3.504	2.58933
298	0.16528 3.33361	1.6	2.72	3.504	2.58933
299	0.165835 3.31348	1.6	2.72	3.504	2.58933
300	0.166389 3.17992	1.6	2.72	3.504	2.58933
301	0.166944 3.47183	1.6	2.72	3.504	2.58933
302	0.167499 3.42145	1.6	2.72	3.504	2.58933
303	0.168053 3.38746	1.6	2.72	3.504	2.58933
304	0.168608 3.38024	1.6	2.72	3.504	2.58933
305	0.169163 3.30093	1.6	2.72	3.504	2.58933
306	0.169717 3.21656	1.6	2.72	3.504	2.58933
307	0.170272 3.25831	1.6	2.72	3.504	2.58933
308	0.170826 3.18263	1.6	2.72	3.504	2.58933
309	0.171381 3.14901	1.6	2.72	3.504	2.58933
310	0.171936 3.23454	1.6	2.72	3.504	2.58933
311	0.17249 3.1544	1.6	2.72	3.504	2.58933
312	0.173045 3.13428	1.6	2.72	3.504	2.58933
313	0.1736 3.00857	1.6	2.72	3.504	2.58933
314	0.174154 2.97437	1.6	2.72	3.504	2.58933
315	0.174709 2.88279	1.6	2.72	3.504	2.58933
316	0.175263 3.32124	1.6	2.72	3.504	2.58933
317	0.175818 3.29112	1.6	2.72	3.504	2.58933
318	0.176373 3.24555	1.6	2.72	3.504	2.58933
319	0.176927 3.14516	1.6	2.72	3.504	2.58933
320	0.177482 3.17059	1.6	2.72	3.504	2.58933
321	0.178037 3.05475	1.6	2.72	3.504	2.58933
322	0.178591 3.1164	1.6	2.72	3.504	2.58933
323	0.179146 3.04444	1.6	2.72	3.504	2.58933
324	0.1797 2.9872	1.6	2.72	3.504	2.58933
325	0.180255 3.10421	1.6	2.72	3.504	2.58933
326	0.18081 3.01621	1.6	2.72	3.504	2.58933
327	0.181364 2.91945	1.6	2.72	3.504	2.58933
328	0.181919 2.87906	1.6	2.72	3.504	2.58933
329	0.182474 2.85272	1.6	2.72	3.504	2.58933
330	0.183028 2.74123	1.6	2.72	3.504	2.58933
331	0.183583 2.9496	1.6	2.72	3.504	2.58933
332	0.184138 2.91443	1.6	2.72	3.504	2.58933
333	0.184692 2.84933	1.6	2.72	3.504	2.58933
334	0.185247 2.68566	1.6	2.72	3.504	2.58933
335	0.185801 2.722	1.6	2.72	3.504	2.58933
336	0.186356 2.57254	1.6	2.72	3.504	2.58933
337	0.186911 2.6235	1.6	2.72	3.504	2.58933
338	0.187465 2.50297	1.6	2.72	3.504	2.58933
339	0.18802 2.40576	1.6	2.72	3.504	2.58933
340	0.188575 3.11479	1.6	2.72	3.504	2.58933
341	0.189129 3.04451	1.6	2.72	3.504	2.58933
342	0.189684 3.05068	1.6	2.72	3.504	2.58933
343	0.190238 2.96268	1.6	2.72	3.504	2.58933
344	0.190793 2.95293	1.6	2.72	3.504	2.58933
345	0.191348 2.88882	1.6	2.72	3.504	2.58933
346	0.191902 2.91367	1.6	2.72	3.504	2.58933
347	0.192457 2.8785	1.6	2.72	3.504	2.58933
348	0.193012 2.79315	1.6	2.72	3.504	2.58933
349	0.193566 2.63733	1.6	2.72	3.504	2.58933
350	0.194121 2.83002	1.6	2.72	3.504	2.58933
351	0.194676 2.74566	1.6	2.72	3.504	2.58933
352	0.19523 2.66816	1.6	2.72	3.504	2.58933
353	0.195785 2.65531	1.6	2.72	3.504	2.58933
354	0.196339 2.57612	1.6	2.72	3.504	2.58933
355	0.196894 2.76341	1.6	2.72	3.504	2.58933
356	0.197449 2.66301	1.6	2.72	3.504	2.58933
357	0.198003 2.66314	1.6	2.72	3.504	2.58933
358	0.198558 2.51718	1.6	2.72	3.504	2.58933
359	0.199113 2.51109	1.6	2.72	3.504	2.58933
360	0.199667 2.38272	1.6	2.72	3.504	2.58933
361	0.200222 2.45839	1.6	2.72	3.504	2.58933
362	0.200776 2.32664	1.6	2.72	3.504	2.58933
363	0.201331 2.28116	1.6	2.72	3.504	2.58933
364	0.201886 2.61282	1.6	2.72	3.504	2.58933
365	0.20244 2.53268	1.6	2.72	3.504	2.58933
366	0.202995 2.51255	1.6	2.72	3.504	2.58933
367	0.20355 2.37899	1.6	2.72	3.504	2.58933
368	0.204104 2.37291	1.6	2.72	3.504	2.58933
369	0.204659 2.28132	1.6	2.72	3.504	2.58933
370	0.205214 2.32805	1.6	2.72	3.504	2.58933
371	0.205768 2.22525	1.6	2.72	3.504	2.58933
372	0.206323 2.11454	1.6	2.72	3.504	2.58933
373	0.206877 2.26144	1.6	2.72	3.504	2.58933
374	0.207432 2.13827	1.6	2.72	3.504	2.58933
375	0.207987 2.10952	1.6	2.72	3.504	2.58933
376	0.208541 1.901	1.6	2.72	3.504	2.58933
377	0.209096 1.85097	1.6	2.72	3.504	2.58933
378	0.209651 1.74303	1.6	2.72	3.504	2.58933
379	0.210205 2.79878	1.6	2.72	3.504	2.58933
380	0.21076 2.7484	1.6	2.72	3.504	2.58933
381	0.211314 2.71441	1.6	2.72	3.504	2.58933
382	0.211869 2.70719	1.6	2.72	3.504	2.58933
383	0.212424 2.62788	1.6	2.72	3.504	2.58933
384	0.212978 2.53483	1.6	2.72	3.504	2.58933
385	0.213533 2.58526	1.6	2.72	3.504	2.58933
386	0.214088 2.50958	1.6	2.72	3.504	2.58933
387	0.214642 2.45571	1.6	2.72	3.504	2.58933
388	0.215197 2.56149	1.6	2.72	3.504	2.58933
389	0.215752 2.4611	1.6	2.72	3.504	2.58933
390	0.216306 2.46123	1.6	2.72	3.504	2.58933
391	0.216861 2.33552	1.6	2.72	3.504	2.58933
392	0.217415 2.30918	1.6	2.72	3.504	2.58933
393	0.21797 2.20106	1.6	2.72	3.504	2.58933
394	0.218525 2.435	1.6	2.72	3.504	2.58933
395	0.219079 2.36303	1.6	2.72	3.504	2.58933
396	0.219634 2.31448	1.6	2.72	3.504	2.58933
397	0.220189 2.30416	1.6	2.72	3.504	2.58933
398	0.220743 2.17846	1.6	2.72	3.504	2.58933
399	0.221298 2.01128	1.6	2.72	3.504	2.58933
400	0.221852 2.12575	1.6	2.72	3.504	2.58933
401	0.222407 1.97629	1.6	2.72	3.504	2.58933
402	0.222962 1.93767	1.6	2.72	3.504	2.58933
403	0.223516 2.27655	1.6	2.72	3.504	2.58933
404	0.224071 2.22112	1.6	2.72	3.504	2.58933
405	0.224626 2.15603	1.6	2.72	3.504	2.58933
406	0.22518 1.97127	1.6	2.72	3.504	2.58933
407	0.225735 2.04027	1.6	2.72	3.504	2.58933
408	0.22629 1.87841	1.6	2.72	3.504	2.58933
409	0.226844 1.99542	1.6	2.72	3.504	2.58933
410	0.227399 1.87489	1.6	2.72	3.504	2.58933
411	0.227953 1.73525	1.6	2.72	3.504	2.58933
412	0.228508 1.90409	1.6	2.72	3.504	2.58933
413	0.229063 1.82491	1.6	2.72	3.504	2.58933
414	0.229617 1.74314	1.6	2.72	3.504	2.58933
415	0.230172 1.7284	1.6	2.72	3.504	2.58933
416	0.230727 1.50749	1.6	2.72	3.504	2.58933
417	0.231281 2.11062	1.6	2.72	3.504	2.58933
418	0.231836 2.0313	1.6	2.72	3.504	2.58933
419	0.23239 1.93826	1.6	2.72	3.504	2.58933
420	0.232945 1.86076	1.6	2.72	3.504	2.58933
421	0.2335 1.86816	1.6	2.72	3.504	2.58933
422	0.234054 1.78898	1.6	2.72	3.504	2.58933
423	0.234609 1.82331	1.6	2.72	3.504	2.58933
424	0.235164 1.74413	1.6	2.72	3.504	2.58933
425	0.235718 1.65114	1.6	2.72	3.504	2.58933
426	0.236273 1.39959	1.6	2.72	3.504	2.58933
427	0.236828 1.64594	1.6	2.72	3.504	2.58933
428	0.237382 1.51301	1.6	2.72	3.504	2.58933
429	0.237937 1.46654	1.6	2.72	3.504	2.58933
430	0.238491 1.40865	1.6	2.72	3.504	2.58933
431	0.239046 1.21177	1.6	2.72	3.504	2.58933
432	0.239601 1.54959	1.6	2.72	3.504	2.58933
433	0.240155 1.43893	1.6	2.72	3.504	2.58933
434	0.24071 1.34848	1.6	2.72	3.504	2.58933
435	0.241265 1.34243	1.6	2.72	3.504	2.58933
436	0.241819 1.15779	1.6	2.72	3.504	2.58933
437	0.242374 1.23701	1.6	2.72	3.504	2.58933
438	0.242928 1.0161	1.6	2.72	3.504	2.58933
439	0.243483 1.0113	1.6	2.72	3.504	2.58933
440	0.244038 0.654368	1.6	2.72	3.504	2.58933
441	0.244592 3.20469	1.6	2.72	1.41333	1.96213
442	0.245147 3.1836	1.6	2.72	1.41333	1.96213
443	0.245702 3.14563	1.6	2.72	1.41333	1.96213
444	0.246256 3.07535	1.6	2.72	1.41333	1.96213
445	0.246811 3.09924	1.6	2.72	1.41333	1.96213
446	0.247366 3.03233	1.6	2.72	1.41333	1.96213
447	0.24792 3.07548	1.6	2.72	1.41333	1.96213
448	0.248475 3.02511	1.6	2.72	1.41333	1.96213
449	0.249029 2.99112	1.6	2.72	1.41333	1.96213
450	0.249584 2.87046	1.6	2.72	1.41333	1.96213
451	0.250139 3.01143	1.6	2.72	1.41333	1.96213
452	0.250693 2.94452	1.6	2.72	1.41333	1.96213
453	0.251248 2.90681	1.6	2.72	1.41333	1.96213
454	0.251803 2.91199	1.6	2.72	1.41333	1.96213
455	0.252357 2.81159	1.6	2.72	1.41333	1.96213
456	0.252912 2.97898	1.6	2.72	1.41333	1.96213
457	0.253466 2.93764	1.6	2.72	1.41333	1.96213
458	0.254021 2.87858	1.6	2.72	1.41333	1.96213
459	0.254576 2.82433	1.6	2.72	1.41333	1.96213
460	0.25513 2.82952	1.6	2.72	1.41333	1.96213
461	0.255685 2.70887	1.6	2.72	1.41333	1.96213
462	0.25624 2.8068	1.6	2.72	1.41333	1.96213
463	0.256794 2.69855	1.6	2.72	1.41333	1.96213
464	0.257349 2.60178	1.6	2.72	1.41333	1.96213
465	0.257903 2.57298	1.6	2.72	1.41333	1.96213
466	0.258458 2.84463	1.6	2.72	1.41333	1.96213
467	0.259013 2.81451	1.6	2.72	1.41333	1.96213
468	0.259567 2.76894	1.6	2.72	1.41333	1.96213
469	0.260122 2.65987	1.6	2.72	1.41333	1.96213
470	0.260677 2.69399	1.6	2.72	1.41333	1.96213
471	0.261231 2.60962	1.6	2.72	1.41333	1.96213
472	0.261786 2.63979	1.6	2.72	1.41333	1.96213
473	0.262341 2.57568	1.6	2.72	1.41333	1.96213
474	0.262895 2.49033	1.6	2.72	1.41333	1.96213
475	0.26345 2.6276	1.6	2.72	1.41333	1.96213
476	0.264004 2.51935	1.6	2.72	1.41333	1.96213
477	0.264559 2.4139	1.6	2.72	1.41333	1.96213
478	0.265114 2.39377	1.6	2.72	1.41333	1.96213
479	0.265668 2.37611	1.6	2.72	1.41333	1.96213
480	0.266223 2.24437	1.6	2.72	1.41333	1.96213
481	0.266778 2.70272	1.6	2.72	1.41333	1.96213
482	0.267332 2.66392	1.6	2.72	1.41333	1.96213
483	0.267887 2.63861	1.6	2.72	1.41333	1.96213
484	0.268441 2.53821	1.6	2.72	1.41333	1.96213
485	0.268996 2.51192	1.6	2.72	1.41333	1.96213
486	0.269551 2.45649	1.6	2.72	1.41333	1.96213
487	0.270105 2.50946	1.6	2.72	1.41333	1.96213
488	0.27066 2.43749	1.6	2.72	1.41333	1.96213
489	0.271215 2.38894	1.6	2.72	1.41333	1.96213
490	0.271769 2.47701	1.6	2.72	1.41333	1.96213
491	0.272324 2.38901	1.6	2.72	1.41333	1.96213
492	0.272879 2.30465	1.6	2.72	1.41333	1.96213
493	0.273433 2.27212	1.6	2.72	1.41333	1.96213
494	0.273988 2.24578	1.6	2.72	1.41333	1.96213
495	0.274542 2.14297	1.6	2.72	1.41333	1.96213
496	0.275097 2.34266	1.6	2.72	1.41333	1.96213
497	0.275652 2.28723	1.6	2.72	1.41333	1.96213
498	0.276206 2.23082	1.6	2.72	1.41333	1.96213
499	0.276761 2.08739	1.6	2.72	1.41333	1.96213
500	0.277316 2.11505	1.6	2.72	1.41333	1.96213
501	0.27787 1.99453	1.6	2.72	1.41333	1.96213
502	0.278425 2.02523	1.6	2.72	1.41333	1.96213
503	0.278979 1.91711	1.6	2.72	1.41333	1.96213
504	0.279534 1.8199	1.6	2.72	1.41333	1.96213
505	0.280089 2.50784	1.6	2.72	1.41333	1.96213
506	0.280643 2.43757	1.6	2.72	1.41333	1.96213
507	0.281198 2.42348	1.6	2.72	1.41333	1.96213
508	0.281753 2.34417	1.6	2.72	1.41333	1.96213
509	0.282307 2.34598	1.6	2.72	1.41333	1.96213
510	0.282862 2.27402	1.6	2.72	1.41333	1.96213
511	0.283417 2.30673	1.6	2.72	1.41333	1.96213
512	0.283971 2.2513	1.6	2.72	1.41333	1.96213
513	0.284526 2.18621	1.6	2.72	1.41333	1.96213
514	0.28508 2.04279	1.6	2.72	1.41333	1.96213
515	0.285635 2.20282	1.6	2.72	1.41333	1.96213
516	0.28619 2.08698	1.6	2.72	1.41333	1.96213
517	0.286744 2.05336	1.6	2.72	1.41333	1.96213
518	0.287299 2.04836	1.6	2.72	1.41333	1.96213
519	0.287854 1.96918	1.6	2.72	1.41333	1.96213
520	0.288408 2.13621	1.6	2.72	1.41333	1.96213
521	0.288963 2.05607	1.6	2.72	1.41333	1.96213
522	0.289517 2.03594	1.6	2.72	1.41333	1.96213
523	0.290072 1.90238	1.6	2.72	1.41333	1.96213
524	0.290627 1.8963	1.6	2.72	1.41333	1.96213
525	0.291181 1.80471	1.6	2.72	1.41333	1.96213
526	0.291736 1.85144	1.6	2.72	1.41333	1.96213
527	0.292291 1.74864	1.6	2.72	1.41333	1.96213
528	0.292845 1.63793	1.6	2.72	1.41333	1.96213
529	0.2934 2.00587	1.6	2.72	1.41333	1.96213
530	0.293955 1.89762	1.6	2.72	1.41333	1.96213
531	0.294509 1.80086	1.6	2.72	1.41333	1.96213
532	0.295064 1.78073	1.6	2.72	1.41333	1.96213
533	0.295618 1.75439	1.6	2.72	1.41333	1.96213
534	0.296173 1.6429	1.6	2.72	1.41333	1.96213
535	0.296728 1.68963	1.6	2.72	1.41333	1.96213
536	0.297282 1.61045	1.6	2.72	1.41333	1.96213
537	0.297837 1.50842	1.6	2.72	1.41333	1.96213
538	0.298392 1.6545	1.6	2.72	1.41333	1.96213
539	0.298946 1.50853	1.6	2.72	1.41333	1.96213
540	0.299501 1.34921	1.6	2.72	1.41333	1.96213
541	0.300055 1.29152	1.6	2.72	1.41333	1.96213
542	0.30061 1.26511	1.6	2.72	1.41333	1.96213
543	0.301165 1.09293	1.6	2.72	1.41333	1.96213
544	0.301719 2.17158	1.6	2.72	1.41333	1.96213
545	0.302274 2.14146	1.6	2.72	1.41333	1.96213
546	0.302829 2.08721	1.6	2.72	1.41333	1.96213
547	0.303383 1.98682	1.6	2.72	1.41333	1.96213
548	0.303938 2.02094	1.6	2.72	1.41333	1.96213
549	0.304493 1.93657	1.6	2.72	1.41333	1.96213
550	0.305047 1.96674	1.6	2.72	1.41333	1.96213
551	0.305602 1.90264	1.6	2.72	1.41333	1.96213
552	0.306156 1.84876	1.6	2.72	1.41333	1.96213
553	0.306711 1.95455	1.6	2.72	1.41333	1.96213
554	0.307266 1.85416	1.6	2.72	1.41333	1.96213
555	0.30782 1.7206	1.6	2.72	1.41333	1.96213
556	0.308375 1.72072	1.6	2.72	1.41333	1.96213
557	0.30893 1.69438	1.6	2.72	1.41333	1.96213
558	0.309484 1.6028	1.6	2.72	1.41333	1.96213
559	0.310039 1.79994	1.6	2.72	1.41333	1.96213
560	0.310593 1.74452	1.6	2.72	1.41333	1.96213
561	0.311148 1.67942	1.6	2.72	1.41333	1.96213
562	0.311703 1.49466	1.6	2.72	1.41333	1.96213
563	0.312257 1.56366	1.6	2.72	1.41333	1.96213
564	0.312812 1.4018	1.6	2.72	1.41333	1.96213
565	0.313367 1.51881	1.6	2.72	1.41333	1.96213
566	0.313921 1.39828	1.6	2.72	1.41333	1.96213
567	0.314476 1.25864	1.6	2.72	1.41333	1.96213
568	0.315031 1.64935	1.6	2.72	1.41333	1.96213
569	0.315585 1.61418	1.6	2.72	1.41333	1.96213
570	0.31614 1.54909	1.6	2.72	1.41333	1.96213
571	0.316694 1.38541	1.6	2.72	1.41333	1.96213
572	0.317249 1.42175	1.6	2.72	1.41333	1.96213
573	0.317804 1.29255	1.6	2.72	1.41333	1.96213
574	0.318358 1.32325	1.6	2.72	1.41333	1.96213
575	0.318913 1.21141	1.6	2.72	1.41333	1.96213
576	0.319468 1.12576	1.6	2.72	1.41333	1.96213
577	0.320022 1.30583	1.6	2.72	1.41333	1.96213
578	0.320577 1.22665	1.6	2.72	1.41333	1.96213
579	0.321131 1.10472	1.6	2.72	1.41333	1.96213
580	0.321686 0.820515	1.6	2.72	1.41333	1.96213
581	0.322241 0.921625	1.6	2.72	1.41333	1.96213
582	0.322795 0.633606	1.6	2.72	1.41333	1.96213
583	0.32335 1.42436	1.6	2.72	1.41333	1.96213
584	0.323905 1.34	1.6	2.72	1.41333	1.96213
585	0.324459 1.2625	1.6	2.72	1.41333	1.96213
586	0.325014 1.24965	1.6	2.72	1.41333	1.96213
587	0.325568 1.17046	1.6	2.72	1.41333	1.96213
588	0.326123 1.18826	1.6	2.72	1.41333	1.96213
589	0.326678 1.03243	1.6	2.72	1.41333	1.96213
590	0.327232 1.03634	1.6	2.72	1.41333	1.96213
591	0.327787 0.811194	1.6	2.72	1.41333	1.96213
592	0.328342 1.04767	1.6	2.72	1.41333	1.96213
593	0.328896 0.906894	1.6	2.72	1.41333	1.96213
594	0.329451 0.775102	1.6	2.72	1.41333	1.96213
595	0.330006 0.736485	1.6	2.72	1.41333	1.96213
596	0.33056 0.634586	1.6	2.72	1.41333	1.96213
597	0.331115 0.911171	1.6	2.72	1.41333	1.96213
598	0.331669 0.840669	1.6	2.72	1.41333	1.96213
599	0.332224 0.750216	1.6	2.72	1.41333	1.96213
600	0.332779 0.735483	1.6	2.72	1.41333	1.96213
601	0.333333 0.50671	1.6	2.72	1.41333	1.96213
602	0.333888 0.63007	1.6	2.72	1.41333	1.96213
603	0.334443 0.450491	1.6	2.72	1.41333	1.96213
604	0.334997 0.193949	1.6	2.72	1.41333	1.96213
605	0.335552 0.107307	1.6	2.72	1.41333	1.96213
606	0.336106 1.73254	1.6	2.72	1.41333	0.498667
607	0.336661 1.68216	1.6	2.72	1.41333	0.498667
608	0.337216 1.64817	1.6	2.72	1.41333	0.498667
609	0.33777 1.64095	1.6	2.72	1.41333	0.498667
610	0.338325 1.56164	1.6	2.72	1.41333	0.498667
611	0.33888 1.46859	1.6	2.72	1.41333	0.498667
612	0.339434 1.49877	1.6	2.72	1.41333	0.498667
613	0.339989 1.43466	1.6	2.72	1.41333	0.498667
614	0.340544 1.38947	1.6	2.72	1.41333	0.498667
615	0.341098 1.49525	1.6	2.72	1.41333	0.498667
616	0.341653 1.39486	1.6	2.72	1.41333	0.498667
617	0.342207 1.39499	1.6	2.72	1.41333	0.498667
618	0.342762 1.24903	1.6	2.72	1.41333	0.498667
619	0.343317 1.24294	1.6	2.72	1.41333	0.498667
620	0.343871 1.12242	1.6	2.72	1.41333	0.498667
621	0.344426 1.36876	1.6	2.72	1.41333	0.498667
622	0.344981 1.29679	1.6	2.72	1.41333	0.498667
623	0.345535 1.22798	1.6	2.72	1.41333	0.498667
624	0.34609 1.23792	1.6	2.72	1.41333	0.498667
625	0.346644 1.09196	1.6	2.72	1.41333	0.498667
626	0.347199 0.932638	1.6	2.72	1.41333	0.498667
627	0.347754 1.05083	1.6	2.72	1.41333	0.498667
628	0.348308 0.917905	1.6	2.72	1.41333	0.498667
629	0.348863 0.871434	1.6	2.72	1.41333	0.498667
630	0.349418 1.21817	1.6	2.72	1.41333	0.498667
631	0.349972 1.15488	1.6	2.72	1.41333	0.498667
632	0.350527 1.09764	1.6	2.72	1.41333	0.498667
633	0.351082 1.08733	1.6	2.72	1.41333	0.498667
634	0.351636 0.953772	1.6	2.72	1.41333	0.498667
635	0.352191 0.823386	1.6	2.72	1.41333	0.498667
636	0.352745 0.929176	1.6	2.72	1.41333	0.498667
637	0.3533 0.788397	1.6	2.72	1.41333	0.498667
638	0.353855 0.636349	1.6	2.72	1.41333	0.498667
639	0.354409 0.817595	1.6	2.72	1.41333	0.498667
640	0.354964 0.738412	1.6	2.72	1.41333	0.498667
641	0.355519 0.656641	1.6	2.72	1.41333	0.498667
642	0.356073 0.641907	1.6	2.72	1.41333	0.498667
643	0.356628 0.457275	1.6	2.72	1.41333	0.498667
644	0.357182 1.04438	1.6	2.72	1.41333	0.498667
645	0.357737 0.965065	1.6	2.72	1.41333	0.498667
646	0.358292 0.872017	1.6	2.72	1.41333	0.498667
647	0.358846 0.839488	1.6	2.72	1.41333	0.498667
648	0.359401 0.781669	1.6	2.72	1.41333	0.498667
649	0.359956 0.702485	1.6	2.72	1.41333	0.498667
650	0.36051 0.757073	1.6	2.72	1.41333	0.498667
651	0.361065 0.677889	1.6	2.72	1.41333	0.498667
652	0.36162 0.564641	1.6	2.72	1.41333	0.498667
653	0.362174 0.300696	1.6	2.72	1.41333	0.498667
654	0.362729 0.579695	1.6	2.72	1.41333	0.498667
655	0.363283 0.417833	1.6	2.72	1.41333	0.498667
656	0.363838 0.380044	1.6	2.72	1.41333	0.498667
657	0.364393 0.33373	1.6	2.72	1.41333	0.498667
658	0.364947 0.190493	1.6	2.72	1.41333	0.498667
659	0.365502 0.483352	1.6	2.72	1.41333	0.498667
660	0.366057 0.380546	1.6	2.72	1.41333	0.498667
661	0.366611 0.261983	1.6	2.72	1.41333	0.498667
662	0.367166 0.267506	1.6	2.72	1.41333	0.498667
663	0.36772 0.062617	1.6	2.72	1.41333	0.498667
664	0.368275 0.170773	1.6	2.72	1.41333	0.498667
665	0.36883 -0.013859	1.6	2.72	1.41333	0.498667
666	0.369384 -0.0751914	1.6	2.72	1.41333	0.498667
667	0.369939 -0.347633	1.6	2.72	1.41333	0.498667
668	0.370494 0.646516	1.6	2.72	1.41333	0.498667
669	0.371048 0.582406	1.6	2.72	1.41333	0.498667
670	0.371603 0.537214	1.6	2.72	1.41333	0.498667
671	0.372158 0.51568	1.6	2.72	1.41333	0.498667
672	0.372712 0.359856	1.6	2.72	1.41333	0.498667
673	0.373267 0.470828	1.6	2.72	1.41333	0.498667
674	0.373821 0.347662	1.6	2.72	1.41333	0.498667
675	0.374376 0.318909	1.6	2.72	1.41333	0.498667
676	0.374931 0.0901362	1.6	2.72	1.41333	0.498667
677	0.375485 0.265019	1.6	2.72	1.41333	0.498667
678	0.37604 0.164753	1.6	2.72	1.41333	0.498667
679	0.376595 0.0675339	1.6	2.72	1.41333	0.498667
680	0.377149 0.0603935	1.6	2.72	1.41333	0.498667
681	0.377704 -0.0816633	1.6	2.72	1.41333	0.498667
682	0.378258 0.193741	1.6	2.72	1.41333	0.498667
683	0.378813 0.114557	1.6	2.72	1.41333	0.498667
684	0.379368 0.0215653	1.6	2.72	1.41333	0.498667
685	0.379922 -0.20104	1.6	2.72	1.41333	0.498667
686	0.380477 -0.172747	1.6	2.72	1.41333	0.498667
687	0.381032 -0.387949	1.6	2.72	1.41333	0.498667
688	0.381586 -0.265759	1.6	2.72	1.41333	0.498667
689	0.382141 -0.49699	1.6	2.72	1.41333	0.498667
690	0.382696 -0.596034	1.6	2.72	1.41333	0.498667
691	0.38325 -0.059362	1.6	2.72	1.41333	0.498667
692	0.383805 -0.191105	1.6	2.72	1.41333	0.498667
693	0.384359 -0.236591	1.6	2.72	1.41333	0.498667
694	0.384914 -0.267354	1.6	2.72	1.41333	0.498667
695	0.385469 -0.510216	1.6	2.72	1.41333	0.498667
696	0.386023 -0.380622	1.6	2.72	1.41333	0.498667
697	0.386578 -0.597912	1.6	2.72	1.41333	0.498667
698	0.387133 -0.638988	1.6	2.72	1.41333	0.498667
699	0.387687 -0.970486	1.6	2.72	1.41333	0.498667
700	0.388242 -0.643881	1.6	2.72	1.41333	0.498667
701	0.388796 -0.90405	1.6	2.72	1.41333	0.498667
702	0.389351 -0.959215	1.6	2.72	1.41333	0.498667
703	0.389906 -1.03829	1.6	2.72	1.41333	0.498667
704	0.39046 -1.34331	1.6	2.72	1.41333	0.498667
705	0.391015 2.30869	1.6	-0.266667	0.517333	1.06613
706	0.39157 2.2876	1.6	-0.266667	0.517333	1.06613
707	0.392124 2.26989	1.6	-0.266667	0.517333	1.06613
708	0.392679 2.19961	1.6	-0.266667	0.517333	1.06613
709	0.393233 2.19538	1.6	-0.266667	0.517333	1.06613
710	0.393788 2.15658	1.6	-0.266667	0.517333	1.06613
711	0.394343 2.18816	1.6	-0.266667	0.517333	1.06613
712	0.394897 2.14936	1.6	-0.266667	0.517333	1.06613
713	0.395452 2.1038	1.6	-0.266667	0.517333	1.06613
714	0.396007 2.02366	1.6	-0.266667	0.517333	1.06613
715	0.396561 2.10757	1.6	-0.266667	0.517333	1.06613
716	0.397116 2.06877	1.6	-0.266667	0.517333	1.06613
717	0.397671 2.03106	1.6	-0.266667	0.517333	1.06613
718	0.398225 2.03624	1.6	-0.266667	0.517333	1.06613
719	0.39878 1.92799	1.6	-0.266667	0.517333	1.06613
720	0.399334 1.82255	1.6	-0.266667	0.517333	1.06613
721	0.399889 2.04164	1.6	-0.266667	0.517333	1.06613
722	0.400444 1.97473	1.6	-0.266667	0.517333	1.06613
723	0.400998 1.95727	1.6	-0.266667	0.517333	1.06613
724	0.401553 1.9422	1.6	-0.266667	0.517333	1.06613
725	0.402108 1.8418	1.6	-0.266667	0.517333	1.06613
726	0.402662 1.9108	1.6	-0.266667	0.517333	1.06613
727	0.403217 1.83149	1.6	-0.266667	0.517333	1.06613
728	0.403771 1.73844	1.6	-0.266667	0.517333	1.06613
729	0.404326 1.70591	1.6	-0.266667	0.517333	1.06613
730	0.404881 1.95731	1.6	-0.266667	0.517333	1.06613
731	0.405435 1.91851	1.6	-0.266667	0.517333	1.06613
732	0.40599 1.8932	1.6	-0.266667	0.517333	1.06613
733	0.406545 1.7928	1.6	-0.266667	0.517333	1.06613
734	0.407099 1.76651	1.6	-0.266667	0.517333	1.06613
735	0.407654 1.71108	1.6	-0.266667	0.517333	1.06613
736	0.408209 1.76405	1.6	-0.266667	0.517333	1.06613
737	0.408763 1.69209	1.6	-0.266667	0.517333	1.06613
738	0.409318 1.64353	1.6	-0.266667	0.517333	1.06613
739	0.409872 1.7316	1.6	-0.266667	0.517333	1.06613
740	0.410427 1.64361	1.6	-0.266667	0.517333	1.06613
741	0.410982 1.53898	1.6	-0.266667	0.517333	1.06613
742	0.411536 1.52671	1.6	-0.266667	0.517333	1.06613
743	0.412091 1.50037	1.6	-0.266667	0.517333	1.06613
744	0.412646 1.39756	1.6	-0.266667	0.517333	1.06613
745	0.4132 1.80672	1.6	-0.266667	0.517333	1.06613
746	0.413755 1.73644	1.6	-0.266667	0.517333	1.06613
747	0.414309 1.74261	1.6	-0.266667	0.517333	1.06613
748	0.414864 1.65461	1.6	-0.266667	0.517333	1.06613
749	0.415419 1.64486	1.6	-0.266667	0.517333	1.06613
750	0.415973 1.58075	1.6	-0.266667	0.517333	1.06613
751	0.416528 1.6056	1.6	-0.266667	0.517333	1.06613
752	0.417083 1.57043	1.6	-0.266667	0.517333	1.06613
753	0.417637 1.48508	1.6	-0.266667	0.517333	1.06613
754	0.418192 1.32926	1.6	-0.266667	0.517333	1.06613
755	0.418747 1.52195	1.6	-0.266667	0.517333	1.06613
756	0.419301 1.43759	1.6	-0.266667	0.517333	1.06613
757	0.419856 1.36009	1.6	-0.266667	0.517333	1.06613
758	0.42041 1.34724	1.6	-0.266667	0.517333	1.06613
759	0.420965 1.26805	1.6	-0.266667	0.517333	1.06613
760	0.42152 1.45534	1.6	-0.266667	0.517333	1.06613
761	0.422074 1.35494	1.6	-0.266667	0.517333	1.06613
762	0.422629 1.35507	1.6	-0.266667	0.517333	1.06613
763	0.423184 1.20911	1.6	-0.266667	0.517333	1.06613
764	0.423738 1.20302	1.6	-0.266667	0.517333	1.06613
765	0.424293 1.07465	1.6	-0.266667	0.517333	1.06613
766	0.424847 1.15032	1.6	-0.266667	0.517333	1.06613
767	0.425402 1.01857	1.6	-0.266667	0.517333	1.06613
768	0.425957 0.907866	1.6	-0.266667	0.517333	1.06613
769	0.426511 1.61184	1.6	-0.266667	0.517333	1.06613
770	0.427066 1.55025	1.6	-0.266667	0.517333	1.06613
771	0.427621 1.48251	1.6	-0.266667	0.517333	1.06613
772	0.428175 1.46842	1.6	-0.266667	0.517333	1.06613
773	0.42873 1.44213	1.6	-0.266667	0.517333	1.06613
774	0.429285 1.3867	1.6	-0.266667	0.517333	1.06613
775	0.429839 1.41941	1.6	-0.266667	0.517333	1.06613
776	0.430394 1.31034	1.6	-0.266667	0.517333	1.06613
777	0.430948 1.31915	1.6	-0.266667	0.517333	1.06613
778	0.431503 1.1645	1.6	-0.266667	0.517333	1.06613
779	0.432058 1.2956	1.6	-0.266667	0.517333	1.06613
780	0.432612 1.24017	1.6	-0.266667	0.517333	1.06613
781	0.433167 1.1863	1.6	-0.266667	0.517333	1.06613
782	0.433722 1.16477	1.6	-0.266667	0.517333	1.06613
783	0.434276 1.02134	1.6	-0.266667	0.517333	1.06613
784	0.434831 1.26047	1.6	-0.266667	0.517333	1.06613
785	0.435385 1.17247	1.6	-0.266667	0.517333	1.06613
786	0.43594 1.0757	1.6	-0.266667	0.517333	1.06613
787	0.436495 1.05558	1.6	-0.266667	0.517333	1.06613
788	0.437049 1.02923	1.6	-0.266667	0.517333	1.06613
789	0.437604 0.926428	1.6	-0.266667	0.517333	1.06613
790	0.438159 0.952905	1.6	-0.266667	0.517333	1.06613
791	0.438713 0.873722	1.6	-0.266667	0.517333	1.06613
792	0.439268 0.783269	1.6	-0.266667	0.517333	1.06613
793	0.439823 1.10987	1.6	-0.266667	0.517333	1.06613
794	0.440377 1.03056	1.6	-0.266667	0.517333	1.06613
795	0.440932 0.937515	1.6	-0.266667	0.517333	1.06613
796	0.441486 0.839763	1.6	-0.266667	0.517333	1.06613
797	0.442041 0.847166	1.6	-0.266667	0.517333	1.06613
798	0.442596 0.767983	1.6	-0.266667	0.517333	1.06613
799	0.44315 0.822571	1.6	-0.266667	0.517333	1.06613
800	0.443705 0.743387	1.6	-0.266667	0.517333	1.06613
801	0.44426 0.630139	1.6	-0.266667	0.517333	1.06613
802	0.444814 0.38645	1.6	-0.266667	0.517333	1.06613
803	0.445369 0.645193	1.6	-0.266667	0.517333	1.06613
804	0.445923 0.492012	1.6	-0.266667	0.517333	1.06613
805	0.446478 0.445542	1.6	-0.266667	0.517333	1.06613
806	0.447033 0.399228	1.6	-0.266667	0.517333	1.06613
807	0.447587 0.25599	1.6	-0.266667	0.517333	1.06613
808	0.448142 1.28426	1.6	-0.266667	0.517333	1.06613
809	0.448697 1.24546	1.6	-0.266667	0.517333	1.06613
810	0.449251 1.19989	1.6	-0.266667	0.517333	1.06613
811	0.449806 1.11975	1.6	-0.266667	0.517333	1.06613
812	0.450361 1.09346	1.6	-0.266667	0.517333	1.06613
813	0.450915 1.02935	1.6	-0.266667	0.517333	1.06613
814	0.45147 1.091	1.6	-0.266667	0.517333	1.06613
815	0.452024 1.01904	1.6	-0.266667	0.517333	1.06613
816	0.452579 0.950222	1.6	-0.266667	0.517333	1.06613
817	0.453134 1.05855	1.6	-0.266667	0.517333	1.06613
818	0.453688 0.970557	1.6	-0.266667	0.517333	1.06613
819	0.454243 0.865935	1.6	-0.266667	0.517333	1.06613
820	0.454798 0.853662	1.6	-0.266667	0.517333	1.06613
821	0.455352 0.827319	1.6	-0.266667	0.517333	1.06613
822	0.455907 0.724513	1.6	-0.266667	0.517333	1.06613
823	0.456461 0.9242	1.6	-0.266667	0.517333	1.06613
824	0.457016 0.868771	1.6	-0.266667	0.517333	1.06613
825	0.457571 0.803677	1.6	-0.266667	0.517333	1.06613
826	0.458125 0.668936	1.6	-0.266667	0.517333	1.06613
827	0.45868 0.696596	1.6	-0.266667	0.517333	1.06613
828	0.459235 0.555817	1.6	-0.266667	0.517333	1.06613
829	0.459789 0.606777	1.6	-0.266667	0.517333	1.06613
830	0.460344 0.4784	1.6	-0.266667	0.517333	1.06613
831	0.460899 0.409292	1.6	-0.266667	0.517333	1.06613
832	0.461453 0.773609	1.6	-0.266667	0.517333	1.06613
833	0.462008 0.673214	1.6	-0.266667	0.517333	1.06613
834	0.462562 0.661768	1.6	-0.266667	0.517333	1.06613
835	0.463117 0.507125	1.6	-0.266667	0.517333	1.06613
836	0.463672 0.501038	1.6	-0.266667	0.517333	1.06613
837	0.464226 0.380516	1.6	-0.266667	0.517333	1.06613
838	0.464781 0.448332	1.6	-0.266667	0.517333	1.06613
839	0.465336 0.356747	1.6	-0.266667	0.517333	1.06613
840	0.46589 0.279784	1.6	-0.266667	0.517333	1.06613
841	0.466445 0.401975	1.6	-0.266667	0.517333	1.06613
842	0.466999 0.246151	1.6	-0.266667	0.517333	1.06613
843	0.467554 0.250055	1.6	-0.266667	0.517333	1.06613
844	0.468109 0.0249105	1.6	-0.266667	0.517333	1.06613
845	0.468663 0.0557432	1.6	-0.266667	0.517333	1.06613
846	0.469218 -0.166807	1.6	-0.266667	0.517333	1.06613
847	0.469773 0.496884	1.6	-0.266667	0.517333	1.06613
848	0.470327 0.432774	1.6	-0.266667	0.517333	1.06613
849	0.470882 0.387582	1.6	-0.266667	0.517333	1.06613
850	0.471436 0.366048	1.6	-0.266667	0.517333	1.06613
851	0.471991 0.201543	1.6	-0.266667	0.517333	1.06613
852	0.472546 0.321196	1.6	-0.266667	0.517333	1.06613
853	0.4731 0.19803	1.6	-0.266667	0.517333	1.06613
854	0.473655 0.169277	1.6	-0.266667	0.517333	1.06613
855	0.47421 -0.0516414	1.6	-0.266667	0.517333	1.06613
856	0.474764 0.115387	1.6	-0.266667	0.517333	1.06613
857	0.475319 0.0151205	1.6	-0.266667	0.517333	1.06613
858	0.475874 -0.0820981	1.6	-0.266667	0.517333	1.06613
859	0.476428 -0.0892385	1.6	-0.266667	0.517333	1.06613
860	0.476983 -0.231295	1.6	-0.266667	0.517333	1.06613
861	0.477537 0.0441087	1.6	-0.266667	0.517333	1.06613
862	0.478092 -0.0350747	1.6	-0.266667	0.517333	1.06613
863	0.478647 -0.128067	1.6	-0.266667	0.517333	1.06613
864	0.479201 -0.350672	1.6	-0.266667	0.517333	1.06613
865	0.479756 -0.322379	1.6	-0.266667	0.517333	1.06613
866	0.480311 -0.537581	1.6	-0.266667	0.517333	1.06613
867	0.480865 -0.435647	1.6	-0.266667	0.517333	1.06613
868	0.48142 -0.646622	1.6	-0.266667	0.517333	1.06613
869	0.481974 -0.745666	1.6	-0.266667	0.517333	1.06613
870	0.482529 0.836538	1.6	-0.266667	0.517333	-0.397333
871	0.483084 0.80642	1.6	-0.266667	0.517333	-0.397333
872	0.483638 0.760854	1.6	-0.266667	0.517333	-0.397333
873	0.484193 0.651777	1.6	-0.266667	0.517333	-0.397333
874	0.484748 0.685897	1.6	-0.266667	0.517333	-0.397333
875	0.485302 0.601531	1.6	-0.266667	0.517333	-0.397333
876	0.485857 0.631705	1.6	-0.266667	0.517333	-0.397333
877	0.486412 0.567595	1.6	-0.266667	0.517333	-0.397333
878	0.486966 0.482245	1.6	-0.266667	0.517333	-0.397333
879	0.487521 0.619511	1.6	-0.266667	0.517333	-0.397333
880	0.488075 0.511261	1.6	-0.266667	0.517333	-0.397333
881	0.48863 0.405812	1.6	-0.266667	0.517333	-0.397333
882	0.489185 0.385685	1.6	-0.266667	0.517333	-0.397333
883	0.489739 0.359342	1.6	-0.266667	0.517333	-0.397333
884	0.490294 0.267757	1.6	-0.266667	0.517333	-0.397333
885	0.490849 0.464904	1.6	-0.266667	0.517333	-0.397333
886	0.491403 0.409475	1.6	-0.266667	0.517333	-0.397333
887	0.491958 0.344381	1.6	-0.266667	0.517333	-0.397333
888	0.492512 0.179876	1.6	-0.266667	0.517333	-0.397333
889	0.493067 0.228619	1.6	-0.266667	0.517333	-0.397333
890	0.493622 0.0754377	1.6	-0.266667	0.517333	-0.397333
891	0.494176 0.183767	1.6	-0.266667	0.517333	-0.397333
892	0.494731 0.0632439	1.6	-0.266667	0.517333	-0.397333
893	0.495286 -0.0677212	1.6	-0.266667	0.517333	-0.397333
894	0.49584 0.334569	1.6	-0.266667	0.517333	-0.397333
895	0.496395 0.279141	1.6	-0.266667	0.517333	-0.397333
896	0.49695 0.214046	1.6	-0.266667	0.517333	-0.397333
897	0.497504 0.0706243	1.6	-0.266667	0.517333	-0.397333
898	0.498059 0.0867091	1.6	-0.266667	0.517333	-0.397333
899	0.498613 -0.0424949	1.6	-0.266667	0.517333	-0.397333
900	0.499168 -0.00310987	1.6	-0.266667	0.517333	-0.397333
901	0.499723 -0.123633	1.6	-0.266667	0.517333	-0.397333
902	0.500277 -0.209276	1.6	-0.266667	0.517333	-0.397333
903	0.500832 -0.029211	1.6	-0.266667	0.517333	-0.397333
904	0.501387 -0.108394	1.6	-0.266667	0.517333	-0.397333
905	0.501941 -0.221643	1.6	-0.266667	0.517333	-0.397333
906	0.502496 -0.485587	1.6	-0.266667	0.517333	-0.397333
907	0.50305 -0.413415	1.6	-0.266667	0.517333	-0.397333
908	0.503605 -0.672496	1.6	-0.266667	0.517333	-0.397333
909	0.50416 0.0893209	1.6	-0.266667	0.517333	-0.397333
910	0.504714 0.004955	1.6	-0.266667	0.517333	-0.397333
911	0.505269 -0.0725411	1.6	-0.266667	0.517333	-0.397333
912	0.505824 -0.0853939	1.6	-0.266667	0.517333	-0.397333
913	0.506378 -0.144321	1.6	-0.266667	0.517333	-0.397333
914	0.506933 -0.126525	1.6	-0.266667	0.517333	-0.397333
915	0.507488 -0.282349	1.6	-0.266667	0.517333	-0.397333
916	0.508042 -0.298701	1.6	-0.266667	0.517333	-0.397333
917	0.508597 -0.503589	1.6	-0.266667	0.517333	-0.397333
918	0.509151 -0.287367	1.6	-0.266667	0.517333	-0.397333
919	0.509706 -0.428146	1.6	-0.266667	0.517333	-0.397333
920	0.510261 -0.567793	1.6	-0.266667	0.517333	-0.397333
921	0.510815 -0.578299	1.6	-0.266667	0.517333	-0.397333
922	0.51137 -0.680198	1.6	-0.266667	0.517333	-0.397333
923	0.511925 -0.415188	1.6	-0.266667	0.517333	-0.397333
924	0.512479 -0.494371	1.6	-0.266667	0.517333	-0.397333
925	0.513034 -0.584824	1.6	-0.266667	0.517333	-0.397333
926	0.513588 -0.599557	1.6	-0.266667	0.517333	-0.397333
927	0.514143 -0.808073	1.6	-0.266667	0.517333	-0.397333
928	0.514698 -1.10595	1.6	-0.266667	0.517333	-0.397333
929	0.515252 -0.884549	1.6	-0.266667	0.517333	-0.397333
930	0.515807 -1.17257	1.6	-0.266667	0.517333	-0.397333
931	0.516362 -1.20748	1.6	-0.266667	0.517333	-0.397333
932	0.516916 -0.220546	1.6	-0.266667	0.517333	-0.397333
933	0.517471 -0.284656	1.6	-0.266667	0.517333	-0.397333
934	0.518026 -0.370007	1.6	-0.266667	0.517333	-0.397333
935	0.51858 -0.351383	1.6	-0.266667	0.517333	-0.397333
936	0.519135 -0.494805	1.6	-0.266667	0.517333	-0.397333
937	0.519689 -0.404916	1.6	-0.266667	0.517333	-0.397333
938	0.520244 -0.530621	1.6	-0.266667	0.517333	-0.397333
939	0.520799 -0.697798	1.6	-0.266667	0.517333	-0.397333
940	0.521353 -0.738953	1.6	-0.266667	0.517333	-0.397333
941	0.521908 -0.598323	1.6	-0.266667	0.517333	-0.397333
942	0.522463 -0.689908	1.6	-0.266667	0.517333	-0.397333
943	0.523017 -0.766871	1.6	-0.266667	0.517333	-0.397333
944	0.523572 -0.81789	1.6	-0.266667	0.517333	-0.397333
945	0.524126 -1.08183	1.6	-0.266667	0.517333	-0.397333
946	0.524681 -0.689857	1.6	-0.266667	0.517333	-0.397333
947	0.525236 -0.83328	1.6	-0.266667	0.517333	-0.397333
948	0.52579 -0.853352	1.6	-0.266667	0.517333	-0.397333
949	0.526345 -1.03798	1.6	-0.266667	0.517333	-0.397333
950	0.5269 -1.02741	1.6	-0.266667	0.517333	-0.397333
951	0.527454 -1.24092	1.6	-0.266667	0.517333	-0.397333
952	0.528009 -1.226	1.6	-0.266667	0.517333	-0.397333
953	0.528564 -1.32525	1.6	-0.266667	0.517333	-0.397333
954	0.529118 -1.55115	1.6	-0.266667	0.517333	-0.397333
955	0.529673 -0.935106	1.6	-0.266667	0.517333	-0.397333
956	0.530227 -1.04577	1.6	-0.266667	0.517333	-0.397333
957	0.530782 -1.13622	1.6	-0.266667	0.517333	-0.397333
958	0.531337 -1.14227	1.6	-0.266667	0.517333	-0.397333
959	0.531891 -1.3269	1.6	-0.266667	0.517333	-0.397333
960	0.532446 -1.24768	1.6	-0.266667	0.517333	-0.397333
961	0.533001 -1.4686	1.6	-0.266667	0.517333	-0.397333
962	0.533555 -1.47339	1.6	-0.266667	0.517333	-0.397333
963	0.53411 -1.83033	1.6	-0.266667	0.517333	-0.397333
964	0.534664 -1.49854	1.6	-0.266667	0.517333	-0.397333
965	0.535219 -1.71991	1.6	-0.266667	0.517333	-0.397333
966	0.535774 -1.79616	1.6	-0.266667	0.517333	-0.397333
967	0.536328 -1.89126	1.6	-0.266667	0.517333	-0.397333
968	0.536883 -2.14508	1.6	-0.266667	0.517333	-0.397333
969	0.537438 0.209338	1.6	-0.266667	-1.57333	-1.02453
970	0.537992 0.17922	1.6	-0.266667	-1.57333	-1.02453
971	0.538547 0.133654	1.6	-0.266667	-1.57333	-1.02453
972	0.539101 0.0332581	1.6	-0.266667	-1.57333	-1.02453
973	0.539656 0.0586968	1.6	-0.266667	-1.57333	-1.02453
974	0.540211 -0.057146	1.6	-0.266667	-1.57333	-1.02453
975	0.540765 0.00450481	1.6	-0.266667	-1.57333	-1.02453
976	0.54132 -0.0674593	1.6	-0.266667	-1.57333	-1.02453
977	0.541875 -0.124699	1.6	-0.266667	-1.57333	-1.02453
978	0.542429 -0.00768907	1.6	-0.266667	-1.57333	-1.02453
979	0.542984 -0.115939	1.6	-0.266667	-1.57333	-1.02453
980	0.543539 -0.212707	1.6	-0.266667	-1.57333	-1.02453
981	0.544093 -0.232834	1.6	-0.266667	-1.57333	-1.02453
982	0.544648 -0.259177	1.6	-0.266667	-1.57333	-1.02453
983	0.545202 -0.370664	1.6	-0.266667	-1.57333	-1.02453
984	0.545757 -0.162296	1.6	-0.266667	-1.57333	-1.02453
985	0.546312 -0.197469	1.6	-0.266667	-1.57333	-1.02453
986	0.546866 -0.262563	1.6	-0.266667	-1.57333	-1.02453
987	0.547421 -0.418387	1.6	-0.266667	-1.57333	-1.02453
988	0.547976 -0.3899	1.6	-0.266667	-1.57333	-1.02453
989	0.54853 -0.53936	1.6	-0.266667	-1.57333	-1.02453
990	0.549085 -0.4884	1.6	-0.266667	-1.57333	-1.02453
991	0.549639 -0.608923	1.6	-0.266667	-1.57333	-1.02453
992	0.550194 -0.674665	1.6	-0.266667	-1.57333	-1.02453
993	0.550749 -0.292631	1.6	-0.266667	-1.57333	-1.02453
994	0.551303 -0.348059	1.6	-0.266667	-1.57333	-1.02453
995	0.551858 -0.404472	1.6	-0.266667	-1.57333	-1.02453
996	0.552413 -0.547894	1.6	-0.266667	-1.57333	-1.02453
997	0.552967 -0.520235	1.6	-0.266667	-1.57333	-1.02453
998	0.553522 -0.640757	1.6	-0.266667	-1.57333	-1.02453
999	0.554077 -0.610054	1.6	-0.266667	-1.57333	-1.02453
1000	0.554631 -0.738431	1.6	-0.266667	-1.57333	-1.02453
1001	0.555186 -0.807539	1.6	-0.266667	-1.57333	-1.02453
1002	0.55574 -0.656411	1.6	-0.266667	-1.57333	-1.02453
1003	0.556295 -0.735594	1.6	-0.266667	-1.57333	-1.02453
1004	0.55685 -0.828586	1.6	-0.266667	-1.57333	-1.02453
1005	0.557404 -1.05119	1.6	-0.266667	-1.57333	-1.02453
1006	0.557959 -1.04315	1.6	-0.266667	-1.57333	-1.02453
1007	0.558514 -1.2381	1.6	-0.266667	-1.57333	-1.02453
1008	0.559068 -0.537879	1.6	-0.266667	-1.57333	-1.02453
1009	0.559623 -0.622245	1.6	-0.266667	-1.57333	-1.02453
1010	0.560177 -0.707596	1.6	-0.266667	-1.57333	-1.02453
1011	0.560732 -0.692338	1.6	-0.266667	-1.57333	-1.02453
1012	0.561287 -0.771521	1.6	-0.266667	-1.57333	-1.02453
1013	0.561841 -0.753725	1.6	-0.266667	-1.57333	-1.02453
1014	0.562396 -0.897147	1.6	-0.266667	-1.57333	-1.02453
1015	0.562951 -0.917219	1.6	-0.266667	-1.57333	-1.02453
1016	0.563505 -1.10185	1.6	-0.266667	-1.57333	-1.02453
1017	0.56406 -0.914567	1.6	-0.266667	-1.57333	-1.02453
1018	0.564615 -1.03509	1.6	-0.266667	-1.57333	-1.02453
1019	0.565169 -1.1458	1.6	-0.266667	-1.57333	-1.02453
1020	0.565724 -1.17656	1.6	-0.266667	-1.57333	-1.02453
1021	0.566278 -1.31862	1.6	-0.266667	-1.57333	-1.02453
1022	0.566833 -1.02213	1.6	-0.266667	-1.57333	-1.02453
1023	0.567388 -1.10131	1.6	-0.266667	-1.57333	-1.02453
1024	0.567942 -1.22324	1.6	-0.266667	-1.57333	-1.02453
1025	0.568497 -1.48719	1.6	-0.266667	-1.57333	-1.02453
1026	0.569052 -1.40634	1.6	-0.266667	-1.57333	-1.02453
1027	0.569606 -1.6741	1.6	-0.266667	-1.57333	-1.02453
1028	0.570161 -1.51429	1.6	-0.266667	-1.57333	-1.02453
1029	0.570715 -1.72949	1.6	-0.266667	-1.57333	-1.02453
1030	0.57127 -1.85856	1.6	-0.266667	-1.57333	-1.02453
1031	0.571825 -0.847746	1.6	-0.266667	-1.57333	-1.02453
1032	0.572379 -0.919711	1.6	-0.266667	-1.57333	-1.02453
1033	0.572934 -0.97695	1.6	-0.266667	-1.57333	-1.02453
1034	0.573489 -0.978583	1.6	-0.266667	-1.57333	-1.02453
1035	0.574043 -1.10175	1.6	-0.266667	-1.57333	-1.02453
1036	0.574598 -1.03212	1.6	-0.266667	-1.57333	-1.02453
1037	0.575153 -1.16568	1.6	-0.266667	-1.57333	-1.02453
1038	0.575707 -1.29606	1.6	-0.266667	-1.57333	-1.02453
1039	0.576262 -1.37401	1.6	-0.266667	-1.57333	-1.02453
1040	0.576816 -1.21684	1.6	-0.266667	-1.57333	-1.02453
1041	0.577371 -1.34859	1.6	-0.266667	-1.57333	-1.02453
1042	0.577926 -1.45929	1.6	-0.266667	-1.57333	-1.02453
1043	0.57848 -1.42483	1.6	-0.266667	-1.57333	-1.02453
1044	0.579035 -1.64744	1.6	-0.266667	-1.57333	-1.02453
1045	0.57959 -1.30838	1.6	-0.266667	-1.57333	-1.02453
1046	0.580144 -1.43154	1.6	-0.266667	-1.57333	-1.02453
1047	0.580699 -1.4603	1.6	-0.266667	-1.57333	-1.02453
1048	0.581253 -1.68121	1.6	-0.266667	-1.57333	-1.02453
1049	0.581808 -1.74778	1.6	-0.266667	-1.57333	-1.02453
1050	0.582363 -1.84704	1.6	-0.266667	-1.57333	-1.02453
1051	0.582917 -1.81186	1.6	-0.266667	-1.57333	-1.02453
1052	0.583472 -2.01669	1.6	-0.266667	-1.57333	-1.02453
1053	0.584027 -2.13169	1.6	-0.266667	-1.57333	-1.02453
1054	0.584581 -1.57353	1.6	-0.266667	-1.57333	-1.02453
1055	0.585136 -1.65271	1.6	-0.266667	-1.57333	-1.02453
1056	0.585691 -1.73448	1.6	-0.266667	-1.57333	-1.02453
1057	0.586245 -1.76947	1.6	-0.266667	-1.57333	-1.02453
1058	0.5868 -1.99039	1.6	-0.266667	-1.57333	-1.02453
1059	0.587354 -1.85463	1.6	-0.266667	-1.57333	-1.02453
1060	0.587909 -2.06314	1.6	-0.266667	-1.57333	-1.02453
1061	0.588464 -2.36103	1.6	-0.266667	-1.57333	-1.02453
1062	0.589018 -2.41873	1.6	-0.266667	-1.57333	-1.02453
1063	0.589573 -2.21024	1.6	-0.266667	-1.57333	-1.02453
1064	0.590128 -2.29792	1.6	-0.266667	-1.57333	-1.02453
1065	0.590682 -2.51513	1.6	-0.266667	-1.57333	-1.02453
1066	0.591237 -2.49738	1.6	-0.266667	-1.57333	-1.02453
1067	0.591791 -2.81626	1.6	-0.266667	-1.57333	-1.02453
1068	0.592346 -1.26653	1.6	-0.266667	-1.57333	-2.488
1069	0.592901 -1.32981	1.6	-0.266667	-1.57333	-2.488
1070	0.593455 -1.38705	1.6	-0.266667	-1.57333	-2.488
1071	0.59401 -1.39737	1.6	-0.266667	-1.57333	-2.488
1072	0.594565 -1.53093	1.6	-0.266667	-1.57333	-2.488
1073	0.595119 -1.69279	1.6	-0.266667	-1.57333	-2.488
1074	0.595674 -1.55552	1.6	-0.266667	-1.57333	-2.488
1075	0.596229 -1.6963	1.6	-0.266667	-1.57333	-2.488
1076	0.596783 -1.82809	1.6	-0.266667	-1.57333	-2.488
1077	0.597338 -1.64685	1.6	-0.266667	-1.57333	-2.488
1078	0.597892 -1.72603	1.6	-0.266667	-1.57333	-2.488
1079	0.598447 -1.82806	1.6	-0.266667	-1.57333	-2.488
1080	0.599002 -1.84279	1.6	-0.266667	-1.57333	-2.488
1081	0.599556 -2.07239	1.6	-0.266667	-1.57333	-2.488
1082	0.600111 -1.72716	1.6	-0.266667	-1.57333	-2.488
1083	0.600666 -1.85287	1.6	-0.266667	-1.57333	-2.488
1084	0.60122 -2.01136	1.6	-0.266667	-1.57333	-2.488
1085	0.601775 -2.0612	1.6	-0.266667	-1.57333	-2.488
1086	0.602329 -2.09883	1.6	-0.266667	-1.57333	-2.488
1087	0.602884 -2.27886	1.6	-0.266667	-1.57333	-2.488
1088	0.603439 -2.2121	1.6	-0.266667	-1.57333	-2.488
1089	0.603993 -2.35534	1.6	-0.266667	-1.57333	-2.488
1090	0.604548 -2.48637	1.6	-0.266667	-1.57333	-2.488
1091	0.605103 -1.98363	1.6	-0.266667	-1.57333	-2.488
1092	0.605657 -2.06281	1.6	-0.266667	-1.57333	-2.488
1093	0.606212 -2.1558	1.6	-0.266667	-1.57333	-2.488
1094	0.606767 -2.37841	1.6	-0.266667	-1.57333	-2.488
1095	0.607321 -2.35012	1.6	-0.266667	-1.57333	-2.488
1096	0.607876 -2.56532	1.6	-0.266667	-1.57333	-2.488
1097	0.60843 -2.44313	1.6	-0.266667	-1.57333	-2.488
1098	0.608985 -2.67436	1.6	-0.266667	-1.57333	-2.488
1099	0.60954 -2.7734	1.6	-0.266667	-1.57333	-2.488
1100	0.610094 -2.56996	1.6	-0.266667	-1.57333	-2.488
1101	0.610649 -2.72974	1.6	-0.266667	-1.57333	-2.488
1102	0.611204 -2.8698	1.6	-0.266667	-1.57333	-2.488
1103	0.611758 -2.9292	1.6	-0.266667	-1.57333	-2.488
1104	0.612313 -3.1296	1.6	-0.266667	-1.57333	-2.488
1105	0.612867 -2.31121	1.6	-0.266667	-1.57333	-2.488
1106	0.613422 -2.3904	1.6	-0.266667	-1.57333	-2.488
1107	0.613977 -2.49207	1.6	-0.266667	-1.57333	-2.488
1108	0.614531 -2.49558	1.6	-0.266667	-1.57333	-2.488
1109	0.615086 -2.67516	1.6	-0.266667	-1.57333	-2.488
1110	0.615641 -2.9317	1.6	-0.266667	-1.57333	-2.488
1111	0.616195 -2.7918	1.6	-0.266667	-1.57333	-2.488
1112	0.61675 -3.02725	1.6	-0.266667	-1.57333	-2.488
1113	0.617304 -3.11953	1.6	-0.266667	-1.57333	-2.488
1114	0.617859 -2.89501	1.6	-0.266667	-1.57333	-2.488
1115	0.618414 -3.08744	1.6	-0.266667	-1.57333	-2.488
1116	0.618968 -3.20244	1.6	-0.266667	-1.57333	-2.488
1117	0.619523 -3.27532	1.6	-0.266667	-1.57333	-2.488
1118	0.620078 -3.48249	1.6	-0.266667	-1.57333	-2.488
1119	0.620632 -3.09605	1.6	-0.266667	-1.57333	-2.488
1120	0.621187 -3.19795	1.6	-0.266667	-1.57333	-2.488
1121	0.621742 -3.38504	1.6	-0.266667	-1.57333	-2.488
1122	0.622296 -3.39741	1.6	-0.266667	-1.57333	-2.488
1123	0.622851 -3.79555	1.6	-0.266667	-1.57333	-2.488
1124	0.623405 -3.56908	1.6	-0.266667	-1.57333	-2.488
1125	0.62396 -3.73491	1.6	-0.266667	-1.57333	-2.488
1126	0.624515 -3.94059	1.6	-0.266667	-1.57333	-2.488
1127	0.625069 1.04894	-2.66667	-1.54667	-0.762667	-0.213867
1128	0.625624 1.02	-2.66667	-1.54667	-0.762667	-0.213867
1129	0.626179 0.978666	-2.66667	-1.54667	-0.762667	-0.213867
1130	0.626733 0.960949	-2.66667	-1.54667	-0.762667	-0.213867
1131	0.627288 0.964576	-2.66667	-1.54667	-0.762667	-0.213867
1132	0.627842 0.8943	-2.66667	-1.54667	-0.762667	-0.213867
1133	0.628397 0.814987	-2.66667	-1.54667	-0.762667	-0.213867
1134	0.628952 0.88708	-2.66667	-1.54667	-0.762667	-0.213867
1135	0.629506 0.82017	-2.66667	-1.54667	-0.762667	-0.213867
1136	0.630061 0.782458	-2.66667	-1.54667	-0.762667	-0.213867
1137	0.630616 0.876767	-2.66667	-1.54667	-0.762667	-0.213867
1138	0.63117 0.80649	-2.66667	-1.54667	-0.762667	-0.213867
1139	0.631725 0.727178	-2.66667	-1.54667	-0.762667	-0.213867
1140	0.63228 0.733345	-2.66667	-1.54667	-0.762667	-0.213867
1141	0.632834 0.714905	-2.66667	-1.54667	-0.762667	-0.213867
1142	0.633389 0.642941	-2.66667	-1.54667	-0.762667	-0.213867
1143	0.633943 0.782721	-2.66667	-1.54667	-0.762667	-0.213867
1144	0.634498 0.712445	-2.66667	-1.54667	-0.762667	-0.213867
1145	0.635053 0.718612	-2.66667	-1.54667	-0.762667	-0.213867
1146	0.635607 0.630618	-2.66667	-1.54667	-0.762667	-0.213867
1147	0.636162 0.620859	-2.66667	-1.54667	-0.762667	-0.213867
1148	0.636717 0.548895	-2.66667	-1.54667	-0.762667	-0.213867
1149	0.637271 0.581608	-2.66667	-1.54667	-0.762667	-0.213867
1150	0.637826 0.546436	-2.66667	-1.54667	-0.762667	-0.213867
1151	0.63838 0.481342	-2.66667	-1.54667	-0.762667	-0.213867
1152	0.638935 0.325518	-2.66667	-1.54667	-0.762667	-0.213867
1153	0.63949 0.656225	-2.66667	-1.54667	-0.762667	-0.213867
1154	0.640044 0.589314	-2.66667	-1.54667	-0.762667	-0.213867
1155	0.640599 0.571859	-2.66667	-1.54667	-0.762667	-0.213867
1156	0.641154 0.556785	-2.66667	-1.54667	-0.762667	-0.213867
1157	0.641708 0.476646	-2.66667	-1.54667	-0.762667	-0.213867
1158	0.642263 0.525389	-2.66667	-1.54667	-0.762667	-0.213867
1159	0.642818 0.446076	-2.66667	-1.54667	-0.762667	-0.213867
1160	0.643372 0.353029	-2.66667	-1.54667	-0.762667	-0.213867
1161	0.643927 0.255277	-2.66667	-1.54667	-0.762667	-0.213867
1162	0.644481 0.402405	-2.66667	-1.54667	-0.762667	-0.213867
1163	0.645036 0.367233	-2.66667	-1.54667	-0.762667	-0.213867
1164	0.645591 0.302139	-2.66667	-1.54667	-0.762667	-0.213867
1165	0.646145 0.146315	-2.66667	-1.54667	-0.762667	-0.213867
1166	0.6467 0.174802	-2.66667	-1.54667	-0.762667	-0.213867
1167	0.647255 0.0331958	-2.66667	-1.54667	-0.762667	-0.213867
1168	0.647809 0.49778	-2.66667	-1.54667	-0.762667	-0.213867
1169	0.648364 0.45898	-2.66667	-1.54667	-0.762667	-0.213867
1170	0.648918 0.413414	-2.66667	-1.54667	-0.762667	-0.213867
1171	0.649473 0.426451	-2.66667	-1.54667	-0.762667	-0.213867
1172	0.650028 0.338457	-2.66667	-1.54667	-0.762667	-0.213867
1173	0.650582 0.241689	-2.66667	-1.54667	-0.762667	-0.213867
1174	0.651137 0.315742	-2.66667	-1.54667	-0.762667	-0.213867
1175	0.651692 0.231376	-2.66667	-1.54667	-0.762667	-0.213867
1176	0.652246 0.146025	-2.66667	-1.54667	-0.762667	-0.213867
1177	0.652801 0.272071	-2.66667	-1.54667	-0.762667	-0.213867
1178	0.653356 0.151419	-2.66667	-1.54667	-0.762667	-0.213867
1179	0.65391 0.160229	-2.66667	-1.54667	-0.762667	-0.213867
1180	0.654465 0.0370637	-2.66667	-1.54667	-0.762667	-0.213867
1181	0.655019 0.0444672	-2.66667	-1.54667	-0.762667	-0.213867
1182	0.655574 -0.0760556	-2.66667	-1.54667	-0.762667	-0.213867
1183	0.656129 0.133999	-2.66667	-1.54667	-0.762667	-0.213867
1184	0.656683 0.0698898	-2.66667	-1.54667	-0.762667	-0.213867
1185	0.657238 -0.0154608	-2.66667	-1.54667	-0.762667	-0.213867
1186	0.657793 0.00316337	-2.66667	-1.54667	-0.762667	-0.213867
1187	0.658347 -0.120002	-2.66667	-1.54667	-0.762667	-0.213867
1188	0.658902 -0.0503698	-2.66667	-1.54667	-0.762667	-0.213867
1189	0.659456 -0.176075	-2.66667	-1.54667	-0.762667	-0.213867
1190	0.660011 -0.334571	-2.66667	-1.54667	-0.762667	-0.213867
1191	0.660566 -0.384407	-2.66667	-1.54667	-0.762667	-0.213867
1192	0.66112 0.302906	-2.66667	-1.54667	-0.762667	-0.213867
1193	0.661675 0.272788	-2.66667	-1.54667	-0.762667	-0.213867
1194	0.66223 0.21854	-2.66667	-1.54667	-0.762667	-0.213867
1195	0.662784 0.118145	-2.66667	-1.54667	-0.762667	-0.213867
1196	0.663339 0.152265	-2.66667	-1.54667	-0.762667	-0.213867
1197	0.663894 0.0678989	-2.66667	-1.54667	-0.762667	-0.213867
1198	0.664448 0.0980728	-2.66667	-1.54667	-0.762667	-0.213867
1199	0.665003 0.0339631	-2.66667	-1.54667	-0.762667	-0.213867
1200	0.665557 -0.0199106	-2.66667	-1.54667	-0.762667	-0.213867
1201	0.666112 0.0858789	-2.66667	-1.54667	-0.762667	-0.213867
1202	0.666667 -0.0145165	-2.66667	-1.54667	-0.762667	-0.213867
1203	0.667221 -0.148076	-2.66667	-1.54667	-0.762667	-0.213867
1204	0.667776 -0.147947	-2.66667	-1.54667	-0.762667	-0.213867
1205	0.668331 -0.17429	-2.66667	-1.54667	-0.762667	-0.213867
1206	0.668885 -0.265875	-2.66667	-1.54667	-0.762667	-0.213867
1207	0.66944 -0.0687284	-2.66667	-1.54667	-0.762667	-0.213867
1208	0.669994 -0.124157	-2.66667	-1.54667	-0.762667	-0.213867
1209	0.670549 -0.189251	-2.66667	-1.54667	-0.762667	-0.213867
1210	0.671104 -0.353756	-2.66667	-1.54667	-0.762667	-0.213867
1211	0.671658 -0.305013	-2.66667	-1.54667	-0.762667	-0.213867
1212	0.672213 -0.466876	-2.66667	-1.54667	-0.762667	-0.213867
1213	0.672768 -0.349865	-2.66667	-1.54667	-0.762667	-0.213867
1214	0.673322 -0.470388	-2.66667	-1.54667	-0.762667	-0.213867
1215	0.673877 -0.610034	-2.66667	-1.54667	-0.762667	-0.213867
1216	0.674432 -0.219319	-2.66667	-1.54667	-0.762667	-0.213867
1217	0.674986 -0.254491	-2.66667	-1.54667	-0.762667	-0.213867
1218	0.675541 -0.319586	-2.66667	-1.54667	-0.762667	-0.213867
1219	0.676095 -0.483264	-2.66667	-1.54667	-0.762667	-0.213867
1220	0.67665 -0.446923	-2.66667	-1.54667	-0.762667	-0.213867
1221	0.677205 -0.576127	-2.66667	-1.54667	-0.762667	-0.213867
1222	0.677759 -0.545423	-2.66667	-1.54667	-0.762667	-0.213867
1223	0.678314 -0.657265	-2.66667	-1.54667	-0.762667	-0.213867
1224	0.678869 -0.742908	-2.66667	-1.54667	-0.762667	-0.213867
1225	0.679423 -0.562843	-2.66667	-1.54667	-0.762667	-0.213867
1226	0.679978 -0.642026	-2.66667	-1.54667	-0.762667	-0.213867
1227	0.680532 -0.763956	-2.66667	-1.54667	-0.762667	-0.213867
1228	0.681087 -1.04816	-2.66667	-1.54667	-0.762667	-0.213867
1229	0.681642 -0.947047	-2.66667	-1.54667	-0.762667	-0.213867
1230	0.682196 -1.23507	-2.66667	-1.54667	-0.762667	-0.213867
1231	0.682751 -0.0168235	-2.66667	-1.54667	-0.762667	-0.213867
1232	0.683306 -0.0837342	-2.66667	-1.54667	-0.762667	-0.213867
1233	0.68386 -0.101189	-2.66667	-1.54667	-0.762667	-0.213867
1234	0.684415 -0.116263	-2.66667	-1.54667	-0.762667	-0.213867
1235	0.684969 -0.216659	-2.66667	-1.54667	-0.762667	-0.213867
1236	0.685524 -0.14766	-2.66667	-1.54667	-0.762667	-0.213867
1237	0.686079 -0.226972	-2.66667	-1.54667	-0.762667	-0.213867
1238	0.686633 -0.320019	-2.66667	-1.54667	-0.762667	-0.213867
1239	0.687188 -0.352548	-2.66667	-1.54667	-0.762667	-0.213867
1240	0.687743 -0.270643	-2.66667	-1.54667	-0.762667	-0.213867
1241	0.688297 -0.326071	-2.66667	-1.54667	-0.762667	-0.213867
1242	0.688852 -0.391166	-2.66667	-1.54667	-0.762667	-0.213867
1243	0.689407 -0.54699	-2.66667	-1.54667	-0.762667	-0.213867
1244	0.689961 -0.506928	-2.66667	-1.54667	-0.762667	-0.213867
1245	0.690516 -0.639852	-2.66667	-1.54667	-0.762667	-0.213867
1246	0.69107 -0.417396	-2.66667	-1.54667	-0.762667	-0.213867
1247	0.691625 -0.481505	-2.66667	-1.54667	-0.762667	-0.213867
1248	0.69218 -0.526698	-2.66667	-1.54667	-0.762667	-0.213867
1249	0.692734 -0.548232	-2.66667	-1.54667	-0.762667	-0.213867
1250	0.693289 -0.704056	-2.66667	-1.54667	-0.762667	-0.213867
1251	0.693844 -0.593084	-2.66667	-1.54667	-0.762667	-0.213867
1252	0.694398 -0.71625	-2.66667	-1.54667	-0.762667	-0.213867
1253	0.694953 -0.745003	-2.66667	-1.54667	-0.762667	-0.213867
1254	0.695507 -0.973776	-2.66667	-1.54667	-0.762667	-0.213867
1255	0.696062 -0.54773	-2.66667	-1.54667	-0.762667	-0.213867
1256	0.696617 -0.603159	-2.66667	-1.54667	-0.762667	-0.213867
1257	0.697171 -0.657032	-2.66667	-1.54667	-0.762667	-0.213867
1258	0.697726 -0.678566	-2.66667	-1.54667	-0.762667	-0.213867
1259	0.698281 -0.821988	-2.66667	-1.54667	-0.762667	-0.213867
1260	0.698835 -0.723418	-2.66667	-1.54667	-0.762667	-0.213867
1261	0.69939 -0.878061	-2.66667	-1.54667	-0.762667	-0.213867
1262	0.699945 -1.04896	-2.66667	-1.54667	-0.762667	-0.213867
1263	0.700499 -1.07517	-2.66667	-1.54667	-0.762667	-0.213867
1264	0.701054 -0.937082	-2.66667	-1.54667	-0.762667	-0.213867
1265	0.701608 -1.02867	-2.66667	-1.54667	-0.762667	-0.213867
1266	0.702163 -1.11431	-2.66667	-1.54667	-0.762667	-0.213867
1267	0.702718 -1.16533	-2.66667	-1.54667	-0.762667	-0.213867
1268	0.703272 -1.24697	-2.66667	-1.54667	-0.762667	-0.213867
1269	0.703827 -0.712839	-2.66667	-1.54667	-0.762667	-0.213867
1270	0.704382 -0.813235	-2.66667	-1.54667	-0.762667	-0.213867
1271	0.704936 -0.813106	-2.66667	-1.54667	-0.762667	-0.213867
1272	0.705491 -0.938811	-2.66667	-1.54667	-0.762667	-0.213867
1273	0.706045 -0.965154	-2.66667	-1.54667	-0.762667	-0.213867
1274	0.7066 -1.07327	-2.66667	-1.54667	-0.762667	-0.213867
1275	0.707155 -1.01786	-2.66667	-1.54667	-0.762667	-0.213867
1276	0.707709 -1.12935	-2.66667	-1.54667	-0.762667	-0.213867
1277	0.708264 -1.24006	-2.66667	-1.54667	-0.762667	-0.213867
1278	0.708819 -1.06422	-2.66667	-1.54667	-0.762667	-0.213867
1279	0.709373 -1.20764	-2.66667	-1.54667	-0.762667	-0.213867
1280	0.709928 -1.21614	-2.66667	-1.54667	-0.762667	-0.213867
1281	0.710483 -1.45731	-2.66667	-1.54667	-0.762667	-0.213867
1282	0.711037 -1.41045	-2.66667	-1.54667	-0.762667	-0.213867
1283	0.711592 -1.61156	-2.66667	-1.54667	-0.762667	-0.213867
1284	0.712146 -1.3152	-2.66667	-1.54667	-0.762667	-0.213867
1285	0.712701 -1.41547	-2.66667	-1.54667	-0.762667	-0.213867
1286	0.713256 -1.49243	-2.66667	-1.54667	-0.762667	-0.213867
1287	0.71381 -1.51983	-2.66667	-1.54667	-0.762667	-0.213867
1288	0.714365 -1.64163	-2.66667	-1.54667	-0.762667	-0.213867
1289	0.71492 -1.60499	-2.66667	-1.54667	-0.762667	-0.213867
1290	0.715474 -1.71811	-2.66667	-1.54667	-0.762667	-0.213867
1291	0.716029 -1.91255	-2.66667	-1.54667	-0.762667	-0.213867
1292	0.716583 -0.414524	-2.66667	-1.54667	-0.762667	-1.67733
1293	0.717138 -0.455864	-2.66667	-1.54667	-0.762667	-1.67733
1294	0.717693 -0.51492	-2.66667	-1.54667	-0.762667	-1.67733
1295	0.718247 -0.569167	-2.66667	-1.54667	-0.762667	-1.67733
1296	0.718802 -0.563985	-2.66667	-1.54667	-0.762667	-1.67733
1297	0.719357 -0.684636	-2.66667	-1.54667	-0.762667	-1.67733
1298	0.719911 -0.5867	-2.66667	-1.54667	-0.762667	-1.67733
1299	0.720466 -0.69495	-2.66667	-1.54667	-0.762667	-1.67733
1300	0.721021 -0.791717	-2.66667	-1.54667	-0.762667	-1.67733
1301	0.721575 -0.811845	-2.66667	-1.54667	-0.762667	-1.67733
1302	0.72213 -0.701828	-2.66667	-1.54667	-0.762667	-1.67733
1303	0.722684 -0.773793	-2.66667	-1.54667	-0.762667	-1.67733
1304	0.723239 -0.822351	-2.66667	-1.54667	-0.762667	-1.67733
1305	0.723794 -0.832664	-2.66667	-1.54667	-0.762667	-1.67733
1306	0.724348 -0.95837	-2.66667	-1.54667	-0.762667	-1.67733
1307	0.724903 -1.12555	-2.66667	-1.54667	-0.762667	-1.67733
1308	0.725458 -0.824959	-2.66667	-1.54667	-0.762667	-1.67733
1309	0.726012 -0.909325	-2.66667	-1.54667	-0.762667	-1.67733
1310	0.726567 -0.986821	-2.66667	-1.54667	-0.762667	-1.67733
1311	0.727121 -0.999674	-2.66667	-1.54667	-0.762667	-1.67733
1312	0.727676 -1.0586	-2.66667	-1.54667	-0.762667	-1.67733
1313	0.728231 -1.0408	-2.66667	-1.54667	-0.762667	-1.67733
1314	0.728785 -1.19663	-2.66667	-1.54667	-0.762667	-1.67733
1315	0.72934 -1.21298	-2.66667	-1.54667	-0.762667	-1.67733
1316	0.729895 -1.41787	-2.66667	-1.54667	-0.762667	-1.67733
1317	0.730449 -0.975549	-2.66667	-1.54667	-0.762667	-1.67733
1318	0.731004 -1.09139	-2.66667	-1.54667	-0.762667	-1.67733
1319	0.731559 -1.12501	-2.66667	-1.54667	-0.762667	-1.67733
1320	0.732113 -1.13001	-2.66667	-1.54667	-0.762667	-1.67733
1321	0.732668 -1.20919	-2.66667	-1.54667	-0.762667	-1.67733
1322	0.733222 -1.1914	-2.66667	-1.54667	-0.762667	-1.67733
1323	0.733777 -1.32614	-2.66667	-1.54667	-0.762667	-1.67733
1324	0.734332 -1.35489	-2.66667	-1.54667	-0.762667	-1.67733
1325	0.734886 -1.58449	-2.66667	-1.54667	-0.762667	-1.67733
1326	0.735441 -1.3972	-2.66667	-1.54667	-0.762667	-1.67733
1327	0.735996 -1.51773	-2.66667	-1.54667	-0.762667	-1.67733
1328	0.73655 -1.61495	-2.66667	-1.54667	-0.762667	-1.67733
1329	0.737105 -1.60183	-2.66667	-1.54667	-0.762667	-1.67733
1330	0.737659 -1.72735	-2.66667	-1.54667	-0.762667	-1.67733
1331	0.738214 -1.16056	-2.66667	-1.54667	-0.762667	-1.67733
1332	0.738769 -1.28121	-2.66667	-1.54667	-0.762667	-1.67733
1333	0.739323 -1.2724	-2.66667	-1.54667	-0.762667	-1.67733
1334	0.739878 -1.39557	-2.66667	-1.54667	-0.762667	-1.67733
1335	0.740433 -1.45339	-2.66667	-1.54667	-0.762667	-1.67733
1336	0.740987 -1.57391	-2.66667	-1.54667	-0.762667	-1.67733
1337	0.741542 -1.48584	-2.66667	-1.54667	-0.762667	-1.67733
1338	0.742097 -1.57742	-2.66667	-1.54667	-0.762667	-1.67733
1339	0.742651 -1.66307	-2.66667	-1.54667	-0.762667	-1.67733
1340	0.743206 -1.5322	-2.66667	-1.54667	-0.762667	-1.67733
1341	0.74376 -1.68802	-2.66667	-1.54667	-0.762667	-1.67733
1342	0.744315 -1.70437	-2.66667	-1.54667	-0.762667	-1.67733
1343	0.74487 -1.9014	-2.66667	-1.54667	-0.762667	-1.67733
1344	0.745424 -1.89868	-2.66667	-1.54667	-0.762667	-1.67733
1345	0.745979 -2.10966	-2.66667	-1.54667	-0.762667	-1.67733
1346	0.746534 -1.71796	-2.66667	-1.54667	-0.762667	-1.67733
1347	0.747088 -1.83848	-2.66667	-1.54667	-0.762667	-1.67733
1348	0.747643 -1.97813	-2.66667	-1.54667	-0.762667	-1.67733
1349	0.748197 -2.00021	-2.66667	-1.54667	-0.762667	-1.67733
1350	0.748752 -2.14227	-2.66667	-1.54667	-0.762667	-1.67733
1351	0.749307 -2.09322	-2.66667	-1.54667	-0.762667	-1.67733
1352	0.749861 -2.19849	-2.66667	-1.54667	-0.762667	-1.67733
1353	0.750416 -2.35664	-2.66667	-1.54667	-0.762667	-1.67733
1354	0.750971 -1.43895	-2.66667	-1.54667	-0.762667	-1.67733
1355	0.751525 -1.5472	-2.66667	-1.54667	-0.762667	-1.67733
1356	0.75208 -1.64397	-2.66667	-1.54667	-0.762667	-1.67733
1357	0.752634 -1.6641	-2.66667	-1.54667	-0.762667	-1.67733
1358	0.753189 -1.69044	-2.66667	-1.54667	-0.762667	-1.67733
1359	0.753744 -1.80193	-2.66667	-1.54667	-0.762667	-1.67733
1360	0.754298 -1.75519	-2.66667	-1.54667	-0.762667	-1.67733
1361	0.754853 -1.83438	-2.66667	-1.54667	-0.762667	-1.67733
1362	0.755408 -1.9364	-2.66667	-1.54667	-0.762667	-1.67733
1363	0.755962 -1.79033	-2.66667	-1.54667	-0.762667	-1.67733
1364	0.756517 -1.93629	-2.66667	-1.54667	-0.762667	-1.67733
1365	0.757072 -2.09561	-2.66667	-1.54667	-0.762667	-1.67733
1366	0.757626 -2.1533	-2.66667	-1.54667	-0.762667	-1.67733
1367	0.758181 -2.17972	-2.66667	-1.54667	-0.762667	-1.67733
1368	0.758735 -2.35189	-2.66667	-1.54667	-0.762667	-1.67733
1369	0.75929 -2.02891	-2.66667	-1.54667	-0.762667	-1.67733
1370	0.759845 -2.1205	-2.66667	-1.54667	-0.762667	-1.67733
1371	0.760399 -2.19746	-2.66667	-1.54667	-0.762667	-1.67733
1372	0.760954 -2.24848	-2.66667	-1.54667	-0.762667	-1.67733
1373	0.761509 -2.50002	-2.66667	-1.54667	-0.762667	-1.67733
1374	0.762063 -2.33364	-2.66667	-1.54667	-0.762667	-1.67733
1375	0.762618 -2.58772	-2.66667	-1.54667	-0.762667	-1.67733
1376	0.763172 -2.60854	-2.66667	-1.54667	-0.762667	-1.67733
1377	0.763727 -2.91533	-2.66667	-1.54667	-0.762667	-1.67733
1378	0.764282 -2.26067	-2.66667	-1.54667	-0.762667	-1.67733
1379	0.764836 -2.41013	-2.66667	-1.54667	-0.762667	-1.67733
1380	0.765391 -2.44875	-2.66667	-1.54667	-0.762667	-1.67733
1381	0.765946 -2.48638	-2.66667	-1.54667	-0.762667	-1.67733
1382	0.7665 -2.67459	-2.66667	-1.54667	-0.762667	-1.67733
1383	0.767055 -2.59179	-2.66667	-1.54667	-0.762667	-1.67733
1384	0.76761 -2.75892	-2.66667	-1.54667	-0.762667	-1.67733
1385	0.768164 -2.93815	-2.66667	-1.54667	-0.762667	-1.67733
1386	0.768719 -2.69936	-2.66667	-1.54667	-0.762667	-1.67733
1387	0.769273 -2.9509	-2.66667	-1.54667	-0.762667	-1.67733
1388	0.769828 -2.96304	-2.66667	-1.54667	-0.762667	-1.67733
1389	0.770383 -3.35132	-2.66667	-1.54667	-0.762667	-1.67733
1390	0.770937 -3.29488	-2.66667	-1.54667	-0.762667	-1.67733
1391	0.771492 -1.04172	-2.66667	-1.54667	-2.85333	-2.30453
1392	0.772047 -1.08306	-2.66667	-1.54667	-2.85333	-2.30453
1393	0.772601 -1.14212	-2.66667	-1.54667	-2.85333	-2.30453
1394	0.773156 -1.18769	-2.66667	-1.54667	-2.85333	-2.30453
1395	0.77371 -1.1825	-2.66667	-1.54667	-2.85333	-2.30453
1396	0.774265 -1.29158	-2.66667	-1.54667	-2.85333	-2.30453
1397	0.77482 -1.2139	-2.66667	-1.54667	-2.85333	-2.30453
1398	0.775374 -1.30189	-2.66667	-1.54667	-2.85333	-2.30453
1399	0.775929 -1.39866	-2.66667	-1.54667	-2.85333	-2.30453
1400	0.776484 -1.41879	-2.66667	-1.54667	-2.85333	-2.30453
1401	0.777038 -1.32903	-2.66667	-1.54667	-2.85333	-2.30453
1402	0.777593 -1.39231	-2.66667	-1.54667	-2.85333	-2.30453
1403	0.778148 -1.44955	-2.66667	-1.54667	-2.85333	-2.30453
1404	0.778702 -1.45986	-2.66667	-1.54667	-2.85333	-2.30453
1405	0.779257 -1.58557	-2.66667	-1.54667	-2.85333	-2.30453
1406	0.779811 -1.72381	-2.66667	-1.54667	-2.85333	-2.30453
1407	0.780366 -1.45216	-2.66667	-1.54667	-2.85333	-2.30453
1408	0.780921 -1.568	-2.66667	-1.54667	-2.85333	-2.30453
1409	0.781475 -1.62188	-2.66667	-1.54667	-2.85333	-2.30453
1410	0.78203 -1.60662	-2.66667	-1.54667	-2.85333	-2.30453
1411	0.782585 -1.6858	-2.66667	-1.54667	-2.85333	-2.30453
1412	0.783139 -1.668	-2.66667	-1.54667	-2.85333	-2.30453
1413	0.783694 -1.81143	-2.66667	-1.54667	-2.85333	-2.30453
1414	0.784248 -1.8315	-2.66667	-1.54667	-2.85333	-2.30453
1415	0.784803 -2.01613	-2.66667	-1.54667	-2.85333	-2.30453
1416	0.785358 -1.63423	-2.66667	-1.54667	-2.85333	-2.30453
1417	0.785912 -1.69834	-2.66667	-1.54667	-2.85333	-2.30453
1418	0.786467 -1.74353	-2.66667	-1.54667	-2.85333	-2.30453
1419	0.787022 -1.76506	-2.66667	-1.54667	-2.85333	-2.30453
1420	0.787576 -1.92089	-2.66667	-1.54667	-2.85333	-2.30453
1421	0.788131 -1.80991	-2.66667	-1.54667	-2.85333	-2.30453
1422	0.788686 -1.93308	-2.66667	-1.54667	-2.85333	-2.30453
1423	0.78924 -1.96183	-2.66667	-1.54667	-2.85333	-2.30453
1424	0.789795 -2.17035	-2.66667	-1.54667	-2.85333	-2.30453
1425	0.790349 -2.01572	-2.66667	-1.54667	-2.85333	-2.30453
1426	0.790904 -2.11599	-2.66667	-1.54667	-2.85333	-2.30453
1427	0.791459 -2.19295	-2.66667	-1.54667	-2.85333	-2.30453
1428	0.792013 -2.22035	-2.66667	-1.54667	-2.85333	-2.30453
1429	0.792568 -2.34215	-2.66667	-1.54667	-2.85333	-2.30453
1430	0.793123 -1.77908	-2.66667	-1.54667	-2.85333	-2.30453
1431	0.793677 -1.88816	-2.66667	-1.54667	-2.85333	-2.30453
1432	0.794232 -1.87935	-2.66667	-1.54667	-2.85333	-2.30453
1433	0.794786 -2.03399	-2.66667	-1.54667	-2.85333	-2.30453
1434	0.795341 -2.05165	-2.66667	-1.54667	-2.85333	-2.30453
1435	0.795896 -2.15192	-2.66667	-1.54667	-2.85333	-2.30453
1436	0.79645 -2.09278	-2.66667	-1.54667	-2.85333	-2.30453
1437	0.797005 -2.18437	-2.66667	-1.54667	-2.85333	-2.30453
1438	0.79756 -2.26133	-2.66667	-1.54667	-2.85333	-2.30453
1439	0.798114 -2.13914	-2.66667	-1.54667	-2.85333	-2.30453
1440	0.798669 -2.30282	-2.66667	-1.54667	-2.85333	-2.30453
1441	0.799224 -2.31131	-2.66667	-1.54667	-2.85333	-2.30453
1442	0.799778 -2.50752	-2.66667	-1.54667	-2.85333	-2.30453
1443	0.800333 -2.49695	-2.66667	-1.54667	-2.85333	-2.30453
1444	0.800887 -2.71914	-2.66667	-1.54667	-2.85333	-2.30453
1445	0.801442 -2.41038	-2.66667	-1.54667	-2.85333	-2.30453
1446	0.801997 -2.5309	-2.66667	-1.54667	-2.85333	-2.30453
1447	0.802551 -2.57639	-2.66667	-1.54667	-2.85333	-2.30453
1448	0.803106 -2.61501	-2.66667	-1.54667	-2.85333	-2.30453
1449	0.803661 -2.72027	-2.66667	-1.54667	-2.85333	-2.30453
1450	0.804215 -2.69148	-2.66667	-1.54667	-2.85333	-2.30453
1451	0.80477 -2.83354	-2.66667	-1.54667	-2.85333	-2.30453
1452	0.805324 -2.96276	-2.66667	-1.54667	-2.85333	-2.30453
1453	0.805879 -2.06615	-2.66667	-1.54667	-2.85333	-2.30453
1454	0.806434 -2.15414	-2.66667	-1.54667	-2.85333	-2.30453
1455	0.806988 -2.25091	-2.66667	-1.54667	-2.85333	-2.30453
1456	0.807543 -2.27104	-2.66667	-1.54667	-2.85333	-2.30453
1457	0.808098 -2.29738	-2.66667	-1.54667	-2.85333	-2.30453
1458	0.808652 -2.42044	-2.66667	-1.54667	-2.85333	-2.30453
1459	0.809207 -2.37371	-2.66667	-1.54667	-2.85333	-2.30453
1460	0.809762 -2.45289	-2.66667	-1.54667	-2.85333	-2.30453
1461	0.810316 -2.54335	-2.66667	-1.54667	-2.85333	-2.30453
1462	0.810871 -2.41753	-2.66667	-1.54667	-2.85333	-2.30453
1463	0.811425 -2.54323	-2.66667	-1.54667	-2.85333	-2.30453
1464	0.81198 -2.70173	-2.66667	-1.54667	-2.85333	-2.30453
1465	0.812535 -2.75157	-2.66667	-1.54667	-2.85333	-2.30453
1466	0.813089 -2.80946	-2.66667	-1.54667	-2.85333	-2.30453
1467	0.813644 -2.96137	-2.66667	-1.54667	-2.85333	-2.30453
1468	0.814199 -2.64743	-2.66667	-1.54667	-2.85333	-2.30453
1469	0.814753 -2.75892	-2.66667	-1.54667	-2.85333	-2.30453
1470	0.815308 -2.86963	-2.66667	-1.54667	-2.85333	-2.30453
1471	0.815862 -2.85542	-2.66667	-1.54667	-2.85333	-2.30453
1472	0.816417 -3.10951	-2.66667	-1.54667	-2.85333	-2.30453
1473	0.816972 -2.94844	-2.66667	-1.54667	-2.85333	-2.30453
1474	0.817526 -3.17358	-2.66667	-1.54667	-2.85333	-2.30453
1475	0.818081 -3.2068	-2.66667	-1.54667	-2.85333	-2.30453
1476	0.818636 -3.51722	-2.66667	-1.54667	-2.85333	-2.30453
1477	0.81919 -2.86762	-2.66667	-1.54667	-2.85333	-2.30453
1478	0.819745 -3.01708	-2.66667	-1.54667	-2.85333	-2.30453
1479	0.8203 -3.16044	-2.66667	-1.54667	-2.85333	-2.30453
1480	0.820854 -3.11358	-2.66667	-1.54667	-2.85333	-2.30453
1481	0.821409 -3.2807	-2.66667	-1.54667	-2.85333	-2.30453
1482	0.821963 -3.25528	-2.66667	-1.54667	-2.85333	-2.30453
1483	0.822518 -3.39734	-2.66667	-1.54667	-2.85333	-2.30453
1484	0.823073 -3.52401	-2.66667	-1.54667	-2.85333	-2.30453
1485	0.823627 -3.32656	-2.66667	-1.54667	-2.85333	-2.30453
1486	0.824182 -3.56038	-2.66667	-1.54667	-2.85333	-2.30453
1487	0.824737 -3.59278	-2.66667	-1.54667	-2.85333	-2.30453
1488	0.825291 -3.95321	-2.66667	-1.54667	-2.85333	-2.30453
1489	0.825846 -3.92942	-2.66667	-1.54667	-2.85333	-2.30453
1490	0.8264 -4.28856	-2.66667	-1.54667	-2.85333	-2.30453
1491	0.826955 -2.56425	-2.66667	-1.54667	-2.85333	-3.768
1492	0.82751 -2.64861	-2.66667	-1.54667	-2.85333	-3.768
1493	0.828064 -2.72611	-2.66667	-1.54667	-2.85333	-3.768
1494	0.828619 -2.73896	-2.66667	-1.54667	-2.85333	-3.768
1495	0.829174 -2.81815	-2.66667	-1.54667	-2.85333	-3.768
1496	0.829728 -2.80035	-2.66667	-1.54667	-2.85333	-3.768
1497	0.830283 -2.96485	-2.66667	-1.54667	-2.85333	-3.768
1498	0.830837 -2.97252	-2.66667	-1.54667	-2.85333	-3.768
1499	0.831392 -3.16956	-2.66667	-1.54667	-2.85333	-3.768
1500	0.831947 -2.94094	-2.66667	-1.54667	-2.85333	-3.768
1501	0.832501 -3.0904	-2.66667	-1.54667	-2.85333	-3.768
1502	0.833056 -3.23376	-2.66667	-1.54667	-2.85333	-3.768
1503	0.833611 -3.1869	-2.66667	-1.54667	-2.85333	-3.768
1504	0.834165 -3.35402	-2.66667	-1.54667	-2.85333	-3.768
1505	0.83472 -3.07744	-2.66667	-1.54667	-2.85333	-3.768
1506	0.835275 -3.15662	-2.66667	-1.54667	-2.85333	-3.768
1507	0.835829 -3.23839	-2.66667	-1.54667	-2.85333	-3.768
1508	0.836384 -3.25312	-2.66667	-1.54667	-2.85333	-3.768
1509	0.836938 -3.47404	-2.66667	-1.54667	-2.85333	-3.768
1510	0.837493 -3.35854	-2.66667	-1.54667	-2.85333	-3.768
1511	0.838048 -3.55837	-2.66667	-1.54667	-2.85333	-3.768
1512	0.838602 -3.84385	-2.66667	-1.54667	-2.85333	-3.768
1513	0.839157 -3.91024	-2.66667	-1.54667	-2.85333	-3.768
1514	0.839712 -3.32269	-2.66667	-1.54667	-2.85333	-3.768
1515	0.840266 -3.44321	-2.66667	-1.54667	-2.85333	-3.768
1516	0.840821 -3.52017	-2.66667	-1.54667	-2.85333	-3.768
1517	0.841375 -3.54757	-2.66667	-1.54667	-2.85333	-3.768
1518	0.84193 -3.66937	-2.66667	-1.54667	-2.85333	-3.768
1519	0.842485 -3.63272	-2.66667	-1.54667	-2.85333	-3.768
1520	0.843039 -3.74584	-2.66667	-1.54667	-2.85333	-3.768
1521	0.843594 -3.94028	-2.66667	-1.54667	-2.85333	-3.768
1522	0.844149 -3.72426	-2.66667	-1.54667	-2.85333	-3.768
1523	0.844703 -3.94518	-2.66667	-1.54667	-2.85333	-3.768
1524	0.845258 -3.97022	-2.66667	-1.54667	-2.85333	-3.768
1525	0.845813 -4.28582	-2.66667	-1.54667	-2.85333	-3.768
1526	0.846367 -4.24781	-2.66667	-1.54667	-2.85333	-3.768
1527	0.846922 -4.64337	-2.66667	-1.54667	-2.85333	-3.768
1528	0.847476 -3.61398	-2.66667	-1.54667	-2.85333	-3.768
1529	0.848031 -3.73451	-2.66667	-1.54667	-2.85333	-3.768
1530	0.848586 -3.84522	-2.66667	-1.54667	-2.85333	-3.768
1531	0.84914 -3.87598	-2.66667	-1.54667	-2.85333	-3.768
1532	0.849695 -4.00935	-2.66667	-1.54667	-2.85333	-3.768
1533	0.85025 -3.96899	-2.66667	-1.54667	-2.85333	-3.768
1534	0.850804 -4.10237	-2.66667	-1.54667	-2.85333	-3.768
1535	0.851359 -4.24026	-2.66667	-1.54667	-2.85333	-3.768
1536	0.851913 -4.06052	-2.66667	-1.54667	-2.85333	-3.768
1537	0.852468 -4.25673	-2.66667	-1.54667	-2.85333	-3.768
1538	0.853023 -4.30649	-2.66667	-1.54667	-2.85333	-3.768
1539	0.853577 -4.59919	-2.66667	-1.54667	-2.85333	-3.768
1540	0.854132 -4.62542	-2.66667	-1.54667	-2.85333	-3.768
1541	0.854687 -4.92163	-2.66667	-1.54667	-2.85333	-3.768
1542	0.855241 -4.41643	-2.66667	-1.54667	-2.85333	-3.768
1543	0.855796 -4.64766	-2.66667	-1.54667	-2.85333	-3.768
1544	0.856351 -4.73513	-2.66667	-1.54667	-2.85333	-3.768
1545	0.856905 -4.81901	-2.66667	-1.54667	-2.85333	-3.768
1546	0.85746 -5.07789	-2.66667	-1.54667	-2.85333	-3.768
1547	0.858014 -4.97383	-2.66667	-1.54667	-2.85333	-3.768
1548	0.858569 -5.32887	-2.66667	-1.54667	-2.85333	-3.768
1549	0.859124 -5.53618	-2.66667	-1.54667	-2.85333	-3.768
1550	0.859678 -1.95798	-2.66667	-4.53333	-3.74933	-3.20053
1551	0.860233 -1.99678	-2.66667	-4.53333	-3.74933	-3.20053
1552	0.860788 -2.04235	-2.66667	-4.53333	-3.74933	-3.20053
1553	0.861342 -2.12249	-2.66667	-4.53333	-3.74933	-3.20053
1554	0.861897 -2.14878	-2.66667	-4.53333	-3.74933	-3.20053
1555	0.862451 -2.21289	-2.66667	-4.53333	-3.74933	-3.20053
1556	0.863006 -2.15124	-2.66667	-4.53333	-3.74933	-3.20053
1557	0.863561 -2.2232	-2.66667	-4.53333	-3.74933	-3.20053
1558	0.864115 -2.29202	-2.66667	-4.53333	-3.74933	-3.20053
1559	0.86467 -2.18369	-2.66667	-4.53333	-3.74933	-3.20053
1560	0.865225 -2.27168	-2.66667	-4.53333	-3.74933	-3.20053
1561	0.865779 -2.36845	-2.66667	-4.53333	-3.74933	-3.20053
1562	0.866334 -2.38858	-2.66667	-4.53333	-3.74933	-3.20053
1563	0.866889 -2.41492	-2.66667	-4.53333	-3.74933	-3.20053
1564	0.867443 -2.51773	-2.66667	-4.53333	-3.74933	-3.20053
1565	0.867998 -2.31804	-2.66667	-4.53333	-3.74933	-3.20053
1566	0.868552 -2.37347	-2.66667	-4.53333	-3.74933	-3.20053
1567	0.869107 -2.43856	-2.66667	-4.53333	-3.74933	-3.20053
1568	0.869662 -2.58198	-2.66667	-4.53333	-3.74933	-3.20053
1569	0.870216 -2.54564	-2.66667	-4.53333	-3.74933	-3.20053
1570	0.870771 -2.68642	-2.66667	-4.53333	-3.74933	-3.20053
1571	0.871326 -2.65572	-2.66667	-4.53333	-3.74933	-3.20053
1572	0.87188 -2.75599	-2.66667	-4.53333	-3.74933	-3.20053
1573	0.872435 -2.83295	-2.66667	-4.53333	-3.74933	-3.20053
1574	0.872989 -2.46863	-2.66667	-4.53333	-3.74933	-3.20053
1575	0.873544 -2.58928	-2.66667	-4.53333	-3.74933	-3.20053
1576	0.874099 -2.58047	-2.66667	-4.53333	-3.74933	-3.20053
1577	0.874653 -2.70364	-2.66667	-4.53333	-3.74933	-3.20053
1578	0.875208 -2.76146	-2.66667	-4.53333	-3.74933	-3.20053
1579	0.875763 -2.88198	-2.66667	-4.53333	-3.74933	-3.20053
1580	0.876317 -2.79391	-2.66667	-4.53333	-3.74933	-3.20053
1581	0.876872 -2.88549	-2.66667	-4.53333	-3.74933	-3.20053
1582	0.877427 -2.97114	-2.66667	-4.53333	-3.74933	-3.20053
1583	0.877981 -2.84027	-2.66667	-4.53333	-3.74933	-3.20053
1584	0.878536 -2.99609	-2.66667	-4.53333	-3.74933	-3.20053
1585	0.87909 -3.01244	-2.66667	-4.53333	-3.74933	-3.20053
1586	0.879645 -3.20948	-2.66667	-4.53333	-3.74933	-3.20053
1587	0.8802 -3.20675	-2.66667	-4.53333	-3.74933	-3.20053
1588	0.880754 -3.41773	-2.66667	-4.53333	-3.74933	-3.20053
1589	0.881309 -2.74536	-2.66667	-4.53333	-3.74933	-3.20053
1590	0.881864 -2.80947	-2.66667	-4.53333	-3.74933	-3.20053
1591	0.882418 -2.86334	-2.66667	-4.53333	-3.74933	-3.20053
1592	0.882973 -2.87619	-2.66667	-4.53333	-3.74933	-3.20053
1593	0.883527 -3.0407	-2.66667	-4.53333	-3.74933	-3.20053
1594	0.884082 -2.92104	-2.66667	-4.53333	-3.74933	-3.20053
1595	0.884637 -3.06447	-2.66667	-4.53333	-3.74933	-3.20053
1596	0.885191 -3.07296	-2.66667	-4.53333	-3.74933	-3.20053
1597	0.885746 -3.29388	-2.66667	-4.53333	-3.74933	-3.20053
1598	0.886301 -3.13553	-2.66667	-4.53333	-3.74933	-3.20053
1599	0.886855 -3.24738	-2.66667	-4.53333	-3.74933	-3.20053
1600	0.88741 -3.33302	-2.66667	-4.53333	-3.74933	-3.20053
1601	0.887965 -3.34016	-2.66667	-4.53333	-3.74933	-3.20053
1602	0.888519 -3.47354	-2.66667	-4.53333	-3.74933	-3.20053
1603	0.889074 -3.19813	-2.66667	-4.53333	-3.74933	-3.20053
1604	0.889628 -3.27731	-2.66667	-4.53333	-3.74933	-3.20053
1605	0.890183 -3.37031	-2.66667	-4.53333	-3.74933	-3.20053
1606	0.890738 -3.61317	-2.66667	-4.53333	-3.74933	-3.20053
1607	0.891292 -3.58488	-2.66667	-4.53333	-3.74933	-3.20053
1608	0.891847 -3.80008	-2.66667	-4.53333	-3.74933	-3.20053
1609	0.892402 -3.67789	-2.66667	-4.53333	-3.74933	-3.20053
1610	0.892956 -3.90126	-2.66667	-4.53333	-3.74933	-3.20053
1611	0.893511 -3.99659	-2.66667	-4.53333	-3.74933	-3.20053
1612	0.894065 -3.00349	-2.66667	-4.53333	-3.74933	-3.20053
1613	0.89462 -3.07545	-2.66667	-4.53333	-3.74933	-3.20053
1614	0.895175 -3.14427	-2.66667	-4.53333	-3.74933	-3.20053
1615	0.895729 -3.13433	-2.66667	-4.53333	-3.74933	-3.20053
1616	0.896284 -3.28897	-2.66667	-4.53333	-3.74933	-3.20053
1617	0.896839 -3.45987	-2.66667	-4.53333	-3.74933	-3.20053
1618	0.897393 -3.32142	-2.66667	-4.53333	-3.74933	-3.20053
1619	0.897948 -3.4746	-2.66667	-4.53333	-3.74933	-3.20053
1620	0.898502 -3.52107	-2.66667	-4.53333	-3.74933	-3.20053
1621	0.899057 -3.37259	-2.66667	-4.53333	-3.74933	-3.20053
1622	0.899612 -3.49565	-2.66667	-4.53333	-3.74933	-3.20053
1623	0.900166 -3.5861	-2.66667	-4.53333	-3.74933	-3.20053
1624	0.900721 -3.60869	-2.66667	-4.53333	-3.74933	-3.20053
1625	0.901276 -3.80572	-2.66667	-4.53333	-3.74933	-3.20053
1626	0.90183 -3.48438	-2.66667	-4.53333	-3.74933	-3.20053
1627	0.902385 -3.63902	-2.66667	-4.53333	-3.74933	-3.20053
1628	0.90294 -3.6363	-2.66667	-4.53333	-3.74933	-3.20053
1629	0.903494 -3.83613	-2.66667	-4.53333	-3.74933	-3.20053
1630	0.904049 -3.88244	-2.66667	-4.53333	-3.74933	-3.20053
1631	0.904603 -4.06702	-2.66667	-4.53333	-3.74933	-3.20053
1632	0.905158 -3.95892	-2.66667	-4.53333	-3.74933	-3.20053
1633	0.905713 -4.1311	-2.66667	-4.53333	-3.74933	-3.20053
1634	0.906267 -4.33158	-2.66667	-4.53333	-3.74933	-3.20053
1635	0.906822 -3.74085	-2.66667	-4.53333	-3.74933	-3.20053
1636	0.907377 -3.82003	-2.66667	-4.53333	-3.74933	-3.20053
1637	0.907931 -3.94196	-2.66667	-4.53333	-3.74933	-3.20053
1638	0.908486 -3.92521	-2.66667	-4.53333	-3.74933	-3.20053
1639	0.90904 -4.13373	-2.66667	-4.53333	-3.74933	-3.20053
1640	0.909595 -4.42293	-2.66667	-4.53333	-3.74933	-3.20053
1641	0.91015 -4.21021	-2.66667	-4.53333	-3.74933	-3.20053
1642	0.910704 -4.47797	-2.66667	-4.53333	-3.74933	-3.20053
1643	0.911259 -4.53313	-2.66667	-4.53333	-3.74933	-3.20053
1644	0.911814 -4.3449	-2.66667	-4.53333	-3.74933	-3.20053
1645	0.912368 -4.54601	-2.66667	-4.53333	-3.74933	-3.20053
1646	0.912923 -4.66101	-2.66667	-4.53333	-3.74933	-3.20053
1647	0.913478 -4.73761	-2.66667	-4.53333	-3.74933	-3.20053
1648	0.914032 -4.9332	-2.66667	-4.53333	-3.74933	-3.20053
1649	0.914587 -3.45038	-2.66667	-4.53333	-3.74933	-4.664
1650	0.915141 -3.48556	-2.66667	-4.53333	-3.74933	-4.664
1651	0.915696 -3.57091	-2.66667	-4.53333	-3.74933	-4.664
1652	0.916251 -3.72673	-2.66667	-4.53333	-3.74933	-4.664
1653	0.916805 -3.68667	-2.66667	-4.53333	-3.74933	-4.664
1654	0.91736 -3.81959	-2.66667	-4.53333	-3.74933	-4.664
1655	0.917915 -3.73152	-2.66667	-4.53333	-3.74933	-4.664
1656	0.918469 -3.85204	-2.66667	-4.53333	-3.74933	-4.664
1657	0.919024 -3.98301	-2.66667	-4.53333	-3.74933	-4.664
1658	0.919578 -3.81416	-2.66667	-4.53333	-3.74933	-4.664
1659	0.920133 -3.89335	-2.66667	-4.53333	-3.74933	-4.664
1660	0.920688 -3.9838	-2.66667	-4.53333	-3.74933	-4.664
1661	0.921242 -3.99853	-2.66667	-4.53333	-3.74933	-4.664
1662	0.921797 -4.20705	-2.66667	-4.53333	-3.74933	-4.664
1663	0.922352 -4.50493	-2.66667	-4.53333	-3.74933	-4.664
1664	0.922906 -4.01646	-2.66667	-4.53333	-3.74933	-4.664
1665	0.923461 -4.17833	-2.66667	-4.53333	-3.74933	-4.664
1666	0.924016 -4.2248	-2.66667	-4.53333	-3.74933	-4.664
1667	0.92457 -4.26243	-2.66667	-4.53333	-3.74933	-4.664
1668	0.925125 -4.40567	-2.66667	-4.53333	-3.74933	-4.664
1669	0.925679 -4.35916	-2.66667	-4.53333	-3.74933	-4.664
1670	0.926234 -4.54737	-2.66667	-4.53333	-3.74933	-4.664
1671	0.926789 -4.64128	-2.66667	-4.53333	-3.74933	-4.664
1672	0.927343 -4.16748	-2.66667	-4.53333	-3.74933	-4.664
1673	0.927898 -4.32331	-2.66667	-4.53333	-3.74933	-4.664
1674	0.928453 -4.3194	-2.66667	-4.53333	-3.74933	-4.664
1675	0.929007 -4.53669	-2.66667	-4.53333	-3.74933	-4.664
1676	0.929562 -4.51371	-2.66667	-4.53333	-3.74933	-4.664
1677	0.930116 -4.74495	-2.66667	-4.53333	-3.74933	-4.664
1678	0.930671 -4.61045	-2.66667	-4.53333	-3.74933	-4.664
1679	0.931226 -4.83264	-2.66667	-4.53333	-3.74933	-4.664
1680	0.93178 -4.91675	-2.66667	-4.53333	-3.74933	-4.664
1681	0.932335 -4.73356	-2.66667	-4.53333	-3.74933	-4.664
1682	0.93289 -4.8768	-2.66667	-4.53333	-3.74933	-4.664
1683	0.933444 -5.03594	-2.66667	-4.53333	-3.74933	-4.664
1684	0.933999 -5.056	-2.66667	-4.53333	-3.74933	-4.664
1685	0.934554 -5.28788	-2.66667	-4.53333	-3.74933	-4.664
1686	0.935108 -4.46696	-2.66667	-4.53333	-3.74933	-4.664
1687	0.935663 -4.54614	-2.66667	-4.53333	-3.74933	-4.664
1688	0.936217 -4.63913	-2.66667	-4.53333	-3.74933	-4.664
1689	0.936772 -4.89068	-2.66667	-4.53333	-3.74933	-4.664
1690	0.937327 -4.86238	-2.66667	-4.53333	-3.74933	-4.664
1691	0.937881 -5.07758	-2.66667	-4.53333	-3.74933	-4.664
1692	0.938436 -4.93886	-2.66667	-4.53333	-3.74933	-4.664
1693	0.938991 -5.19903	-2.66667	-4.53333	-3.74933	-4.664
1694	0.939545 -5.25419	-2.66667	-4.53333	-3.74933	-4.664
1695	0.9401 -5.08223	-2.66667	-4.53333	-3.74933	-4.664
1696	0.940654 -5.22547	-2.66667	-4.53333	-3.74933	-4.664
1697	0.941209 -5.38207	-2.66667	-4.53333	-3.74933	-4.664
1698	0.941764 -5.43361	-2.66667	-4.53333	-3.74933	-4.664
1699	0.942318 -5.65426	-2.66667	-4.53333	-3.74933	-4.664
1700	0.942873 -5.24311	-2.66667	-4.53333	-3.74933	-4.664
1701	0.943428 -5.38517	-2.66667	-4.53333	-3.74933	-4.664
1702	0.943982 -5.54332	-2.66667	-4.53333	-3.74933	-4.664
1703	0.944537 -5.56437	-2.66667	-4.53333	-3.74933	-4.664
1704	0.945092 -5.89141	-2.66667	-4.53333	-3.74933	-4.664
1705	0.945646 -5.70374	-2.66667	-4.53333	-3.74933	-4.664
1706	0.946201 -6.13	-2.66667	-4.53333	-3.74933	-4.664
1707	0.946755 -6.13949	-2.66667	-4.53333	-3.74933	-4.664
1708	0.94731 -4.02839	-2.66667	-4.53333	-5.84	-5.2912
1709	0.947865 -4.11638	-2.66667	-4.53333	-5.84	-5.2912
1710	0.948419 -4.22101	-2.66667	-4.53333	-5.84	-5.2912
1711	0.948974 -4.23328	-2.66667	-4.53333	-5.84	-5.2912
1712	0.949529 -4.25962	-2.66667	-4.53333	-5.84	-5.2912
1713	0.950083 -4.36243	-2.66667	-4.53333	-5.84	-5.2912
1714	0.950638 -4.33595	-2.66667	-4.53333	-5.84	-5.2912
1715	0.951192 -4.41513	-2.66667	-4.53333	-5.84	-5.2912
1716	0.951747 -4.51681	-2.66667	-4.53333	-5.84	-5.2912
1717	0.952302 -4.37977	-2.66667	-4.53333	-5.84	-5.2912
1718	0.952856 -4.51333	-2.66667	-4.53333	-5.84	-5.2912
1719	0.953411 -4.67519	-2.66667	-4.53333	-5.84	-5.2912
1720	0.953966 -4.7014	-2.66667	-4.53333	-5.84	-5.2912
1721	0.95452 -4.75929	-2.66667	-4.53333	-5.84	-5.2912
1722	0.955075 -4.90253	-2.66667	-4.53333	-5.84	-5.2912
1723	0.95563 -4.58942	-2.66667	-4.53333	-5.84	-5.2912
1724	0.956184 -4.71248	-2.66667	-4.53333	-5.84	-5.2912
1725	0.956739 -4.80293	-2.66667	-4.53333	-5.84	-5.2912
1726	0.957293 -4.82552	-2.66667	-4.53333	-5.84	-5.2912
1727	0.957848 -5.02255	-2.66667	-4.53333	-5.84	-5.2912
1728	0.958403 -4.91068	-2.66667	-4.53333	-5.84	-5.2912
1729	0.958957 -5.10688	-2.66667	-4.53333	-5.84	-5.2912
1730	0.959512 -5.15664	-2.66667	-4.53333	-5.84	-5.2912
1731	0.960067 -5.4696	-2.66667	-4.53333	-5.84	-5.2912
1732	0.960621 -4.82986	-2.66667	-4.53333	-5.84	-5.2912
1733	0.961176 -4.95038	-2.66667	-4.53333	-5.84	-5.2912
1734	0.96173 -5.09002	-2.66667	-4.53333	-5.84	-5.2912
1735	0.962285 -5.11211	-2.66667	-4.53333	-5.84	-5.2912
1736	0.96284 -5.22269	-2.66667	-4.53333	-5.84	-5.2912
1737	0.963394 -5.20512	-2.66667	-4.53333	-5.84	-5.2912
1738	0.963949 -5.33064	-2.66667	-4.53333	-5.84	-5.2912
1739	0.964504 -5.48879	-2.66667	-4.53333	-5.84	-5.2912
1740	0.965058 -5.2764	-2.66667	-4.53333	-5.84	-5.2912
1741	0.965613 -5.50154	-2.66667	-4.53333	-5.84	-5.2912
1742	0.966167 -5.53476	-2.66667	-4.53333	-5.84	-5.2912
1743	0.966722 -5.84518	-2.66667	-4.53333	-5.84	-5.2912
1744	0.967277 -5.85032	-2.66667	-4.53333	-5.84	-5.2912
1745	0.967831 -6.19656	-2.66667	-4.53333	-5.84	-5.2912
1746	0.968386 -5.15744	-2.66667	-4.53333	-5.84	-5.2912
1747	0.968941 -5.3069	-2.66667	-4.53333	-5.84	-5.2912
1748	0.969495 -5.34552	-2.66667	-4.53333	-5.84	-5.2912
1749	0.97005 -5.38315	-2.66667	-4.53333	-5.84	-5.2912
1750	0.970605 -5.57135	-2.66667	-4.53333	-5.84	-5.2912
1751	0.971159 -5.48856	-2.66667	-4.53333	-5.84	-5.2912
1752	0.971714 -5.65568	-2.66667	-4.53333	-5.84	-5.2912
1753	0.972268 -5.83492	-2.66667	-4.53333	-5.84	-5.2912
1754	0.972823 -5.59613	-2.66667	-4.53333	-5.84	-5.2912
1755	0.973378 -5.84767	-2.66667	-4.53333	-5.84	-5.2912
1756	0.973932 -5.85981	-2.66667	-4.53333	-5.84	-5.2912
1757	0.974487 -6.24809	-2.66667	-4.53333	-5.84	-5.2912
1758	0.975042 -6.18296	-2.66667	-4.53333	-5.84	-5.2912
1759	0.975596 -5.76992	-2.66667	-4.53333	-5.84	-5.2912
1760	0.976151 -5.96975	-2.66667	-4.53333	-5.84	-5.2912
1761	0.976705 -6.22629	-2.66667	-4.53333	-5.84	-5.2912
1762	0.97726 -6.30136	-2.66667	-4.53333	-5.84	-5.2912
1763	0.977815 -6.43443	-2.66667	-4.53333	-5.84	-5.2912
1764	0.978369 -6.62997	-2.66667	-4.53333	-5.84	-5.2912
1765	0.978924 -6.44406	-2.66667	-4.53333	-5.84	-5.2912
1766	0.979479 -6.83961	-2.66667	-4.53333	-5.84	-5.2912
1767	0.980033 -6.96962	-2.66667	-4.53333	-5.84	-5.2912
1768	0.980588 -5.57985	-2.66667	-4.53333	-5.84	-6.75467
1769	0.981143 -5.67144	-2.66667	-4.53333	-5.84	-6.75467
1770	0.981697 -5.7484	-2.66667	-4.53333	-5.84	-6.75467
1771	0.982252 -5.79942	-2.66667	-4.53333	-5.84	-6.75467
1772	0.982806 -6.04311	-2.66667	-4.53333	-5.84	-6.75467
1773	0.983361 -5.88458	-2.66667	-4.53333	-5.84	-6.75467
1774	0.983916 -6.10718	-2.66667	-4.53333	-5.84	-6.75467
1775	0.98447 -6.15948	-2.66667	-4.53333	-5.84	-6.75467
1776	0.985025 -6.48652	-2.66667	-4.53333	-5.84	-6.75467
1777	0.98558 -6.17594	-2.66667	-4.53333	-5.84	-6.75467
1778	0.986134 -6.39115	-2.66667	-4.53333	-5.84	-6.75467
1779	0.986689 -6.49996	-2.66667	-4.53333	-5.84	-6.75467
1780	0.987243 -6.57903	-2.66667	-4.53333	-5.84	-6.75467
1781	0.987798 -6.76335	-2.66667	-4.53333	-5.84	-6.75467
1782	0.988353 -6.37263	-2.66667	-4.53333	-5.84	-6.75467
1783	0.988907 -6.57375	-2.66667	-4.53333	-5.84	-6.75467
1784	0.989462 -6.68875	-2.66667	-4.53333	-5.84	-6.75467
1785	0.990017 -6.76535	-2.66667	-4.53333	-5.84	-6.75467
1786	0.990571 -6.96094	-2.66667	-4.53333	-5.84	-6.75467
1787	0.991126 -6.83145	-2.66667	-4.53333	-5.84	-6.75467
1788	0.991681 -7.16191	-2.66667	-4.53333	-5.84	-6.75467
1789	0.992235 -7.32247	-2.66667	-4.53333	-5.84	-6.75467
1790	0.99279 -6.5956	-2.66667	-4.53333	-5.84	-6.75467
1791	0.993344 -6.7174	-2.66667	-4.53333	-5.84	-6.75467
1792	0.993899 -6.86687	-2.66667	-4.53333	-5.84	-6.75467
1793	0.994454 -6.91686	-2.66667	-4.53333	-5.84	-6.75467
1794	0.995008 -7.22196	-2.66667	-4.53333	-5.84	-6.75467
1795	0.995563 -7.07985	-2.66667	-4.53333	-5.84	-6.75467
1796	0.996118 -7.41135	-2.66667	-4.53333	-5.84	-6.75467
1797	0.996672 -7.454	-2.66667	-4.53333	-5.84	-6.75467
1798	0.997227 -7.23338	-2.66667	-4.53333	-5.84	-6.75467
1799	0.997781 -7.54898	-2.66667	-4.53333	-5.84	-6.75467
1800	0.998336 -7.6137	-2.66667	-4.53333	-5.84	-6.75467
1801	0.998891 -8.06196	-2.66667	-4.53333	-5.84	-6.75467
1802	0.999445 -8.13596	-2.66667	-4.53333	-5.84	-6.75467
