#
# bincount for word frequency 
# expect this to obey Zipf's law ... 
#
# Will look at 202899 words in NewInflectMarginal
#
#
1	235477.844946156	1693511
2	233239.59145133	1239668
3	155594.373917477	1404087
4	109867.071601341	843344
5	98498.3651931625	692565
6	83040.4844653485	647432
7	68893.931742727	526238
8	67296.0341578342	474841
9	52559.2023133348	295892
10	47854.767876595	290795
11	32580.7238205813	180497
12	28250.9874535896	193434
13	23611.554821354	178716
14	23077.7851254708	166550
15	22833.1268188088	166452
16	22592.230955736	118224
17	20448.2494661278	143912
18	18835.1937109015	146557
19	16604.355319691	130031
20	16469.5901688213	125535
21	16430.3506323014	240103
22	15502.4026580395	74043
23	12838.8581768949	67022
24	12337.6830227754	70113
25	12246.9612384468	68371
26	12172.3488542293	94952
27	10718.3276842772	65952
28	8864.11546988384	157640
29	8557.12620609939	45195
30	8464.16093953381	45972
31	7799.78442389285	52116
32	7788.70276170451	48099
33	7721.19165234813	40306
34	7614.6773346424	50853
35	7348.30161869548	64995
36	7279.28751149492	46105
37	7181.19970354024	53833
38	6989.46515620776	40972
39	6805.91334023052	47321
40	6712.16792186204	45714
41	6417.67796965199	33862
42	6387.69824752861	47748
43	6017.7709441201	45582
44	5953.24050437575	39997
45	5892.31977557194	35628
46	5634.83839281648	36940
47	5375.0249625839	35442
48	5214.93316899156	35152
49	5021.49784103141	44310
50	5010.45134006242	23992
51	4883.64764244785	35061
52	4711.65798311737	35510
53	4699.14031759876	25298
54	4634.7086939205	23774
55	4629.50048414434	23148
56	4490.84534256796	30242
57	4426.43278723921	24055
58	4317.41924900663	25914
59	4299.43213739598	27497
60	4219.6219592671	30682
61	4216.55382286392	43642
62	4170.73248473805	27740
63	4137.7711131238	27213
64	4069.07691637731	36930
65	4009.03026750157	19097
66	3908.11640509412	27758
67	3832.09858838276	26607
68	3813.98831428516	25199
69	3763.58475755489	16136
70	3758.89621245421	32018
71	3583.7819576544	24336
72	3567.74092647539	21795
73	3501.44911526857	23413
74	3288.16919692216	16891
75	3263.11638454047	24085
76	3240.54024285513	22735
77	3213.45656925779	23120
78	3107.97253732065	39451
79	3084.59067059914	21786
80	2980.71753471844	22770
81	2878.64620916199	16164
82	2872.24549937088	20960
83	2856.82775947014	17602
84	2853.13027868624	24504
85	2848.62836349072	20353
86	2787.43223984097	16643
87	2747.3942380265	20699
88	2746.77047254627	19301
89	2701.9010643837	19661
90	2673.70248546321	13036
91	2665.41778063483	16929
92	2659.55946236624	12047
93	2625.68639725822	19903
94	2563.84492272135	18751
95	2559.84178305146	17378
96	2525.24065800901	16026
97	2477.29867944323	16459
98	2440.99777412284	16376
99	2440.47710214076	15666
100	2427.65827274496	20344
101	2420.94781979683	15849
102	2410.55596799543	14475
103	2350.80946214986	12995
104	2344.3974489089	17057
105	2315.00843181913	8721
106	2313.38964805653	18456
107	2310.35536034339	16821
108	2290.42519423367	18894
109	2253.11176322527	16641
110	2249.16389655361	29372
111	2239.06680501699	16131
112	2186.36187455004	13130
113	2136.87683820428	15940
114	2126.33904169609	14894
115	2120.49009966153	11817
116	2118.27914238086	13251
117	2098.77642732651	15570
118	2093.08952887861	18296
119	2078.86635674331	14987
120	2076.23866664676	11839
121	2064.40340719669	11441
122	2056.39688870591	14958
123	2046.01726487732	17279
124	2030.43613028577	11369
125	2022.55162485753	10210
126	1993.13722861429	11728
127	1975.08080386233	22310
128	1962.0436470547	9748
129	1957.3950794005	11042
130	1940.58775404983	13871
131	1914.59849232741	12607
132	1890.86730753415	11078
133	1888.85967883992	10555
134	1853.61081708205	11366
135	1831.7143317615	11681
136	1821.54779947996	11270
137	1798.42415628494	10254
138	1774.53975561912	12561
139	1765.50007974578	11279
140	1761.34597236188	5003
141	1749.65956871522	13491
142	1747.50182104511	8316
143	1742.59530393561	16326
144	1741.0800827519	11156
145	1736.54127436265	11184
146	1717.70324472953	9345
147	1698.9186039871	11252
148	1695.92707566682	9170
149	1683.99935237301	19312
151	1672.0843492608	10779
153	1654.58717906786	5843
155	1603.45787112096	19513
157	1561.70971169164	9940
159	1548.06768727743	10502
161	1533.96786236143	9801
163	1524.83927534142	12981
165	1506.90167039789	10116
167	1503.03748813138	9577
169	1496.54018694471	10072
171	1479.24214345364	11572
173	1465.84018716404	10901
175	1447.60584223333	11816
177	1424.16538021363	13041
179	1412.74664869757	10705
181	1404.65567385436	8898
183	1375.69378869995	11879
185	1359.57558059096	9395
187	1353.0660819338	12035
189	1348.02945099727	10136
191	1341.35168024284	7324
193	1331.26171396258	7115
195	1320.91077304941	7689
197	1313.34250816341	7160
199	1292.61269761027	9877
201	1289.65607880488	9838
203	1278.22685288789	10291
205	1260.43655712827	7141
207	1254.63492932932	7350
209	1250.77526293673	7650
211	1236.78359525683	10566
213	1230.001008423	8855
215	1226.80290890493	6556
217	1223.57508767027	1930
219	1219.67141457986	9188
221	1216.47949730574	7854
223	1204.99422388074	8411
225	1199.56415742903	9718
227	1193.01095008679	7271
229	1184.5341174742	8026
231	1171.04189930496	2970
233	1160.20700782259	4317
235	1156.80376364578	12605
237	1155.35020090439	7301
239	1146.65743369012	17354
241	1136.62208383461	7227
243	1132.40019451208	10089
245	1122.87630982084	8644
247	1121.73450319485	7592
249	1114.0714856535	7398
251	1094.80011916922	8098
253	1082.64000141226	6663
255	1072.22493916684	7138
257	1056.71817220249	6316
259	1050.14131947344	8595
261	1042.82602160421	6125
263	1039.87296344054	4031
265	1037.48222405823	8441
267	1032.4932232203	7048
269	1030.26590359003	6750
271	1013.84616670562	7539
273	1007.96814020616	6023
275	1002.48340002076	5916
277	994.626751769439	6069
279	988.72498635493	7517
281	978.335491934339	5599
283	978.121748721583	6086
285	972.650263265487	3127
287	971.189239963906	5796
289	969.063789621244	6875
291	959.864574983717	5953
293	956.333585177944	3430
295	955.330999859384	6007
297	950.975436796919	5735
299	944.131011575676	6427
301	940.368953894345	7525
303	939.061219155064	6690
305	933.765307187809	5904
307	925.739739528712	7012
309	917.967002712069	5175
311	914.170587740481	7117
313	912.969520385692	5519
315	910.045389220646	5248
317	901.786084620782	5751
319	898.062006461675	7992
321	894.044211454584	6949
323	890.675420500371	5225
325	889.43670951712	6431
327	887.426231809195	4907
329	882.741755779363	8427
331	881.629882823438	5897
333	877.400719998072	7129
335	875.195978682573	9778
337	870.969937616589	5706
339	864.539271985011	7317
341	863.098921655779	5484
343	859.229422894535	7269
345	852.247586202797	4327
347	851.300220274823	5624
349	844.788210029671	5495
351	842.851971973758	4681
353	838.273297900791	6067
355	835.70125383475	6372
357	830.607296569842	2621
359	829.068014441886	6202
361	826.358179848506	8041
363	825.773302908303	5317
365	823.406087825889	5247
367	821.766657898199	5781
369	819.76318505886	1763
371	815.666660822116	4420
373	814.918192386352	8076
375	811.438114160449	4360
377	806.272487777255	5148
379	804.282261046474	7033
381	802.577546070827	4739
383	800.069863310533	5330
385	797.0752059069	2238
387	795.987467811203	7563
389	794.001821073897	4430
391	792.902820070364	4746
393	790.239697462396	4633
395	778.099992248576	6662
397	775.203901490056	7920
399	773.882218322342	6508
401	765.359708428842	7145
403	762.422261617152	4913
405	759.997054085225	5088
407	758.716952124152	4370
414	745.189700903389	4571
421	721.569998339959	5253
428	715.72112716069	4994
435	703.714837999537	4723
442	694.168445059628	7882
449	684.996538831893	3815
456	678.547663088416	6697
463	671.228887032371	4202
470	663.710692404887	3412
477	656.735187439693	4374
484	646.83052189298	3795
491	634.44360854491	4524
498	629.274227825176	1692
505	619.828589869193	3524
512	615.180323578148	1563
519	603.72937094594	4379
526	595.309838281228	3119
533	589.415108870602	4020
540	583.233458110618	4686
547	574.070927602172	3655
554	570.19010738504	3204
561	564.303709725132	4503
568	557.047138477208	3354
575	548.035461311123	4603
582	542.389455191434	3491
589	536.580872176089	3551
596	527.935628661664	2911
603	523.318458821866	10514
610	520.709179734562	3754
617	514.410517468484	2912
624	511.168268533658	3456
631	506.81073932756	3727
638	500.749735324165	2818
645	494.100891694893	3296
652	489.352280381122	3010
659	486.989992648559	2594
666	483.01892319972	3415
673	475.59805014962	2885
680	470.357799938754	2459
687	466.007490848193	2440
694	463.690455278196	4181
701	455.291411296005	3266
708	451.561154192053	3472
715	446.877961718595	2956
722	441.494268913176	3012
729	437.920277169449	2422
736	434.239967690318	2476
743	431.013326334302	2277
750	427.81128614619	2705
757	426.085780042198	2372
764	420.713228715144	2435
771	416.282672840859	3317
778	412.843973145576	3470
785	409.47729493911	2725
792	406.307487196771	3044
799	403.495216491175	2236
806	400.090975222751	2494
813	397.666115293997	2611
820	395.257677155425	2574
827	392.985175546466	3490
834	389.735953336591	2105
841	387.185413102602	2871
848	383.808443582633	2788
855	381.81856783699	3059
862	379.267332561786	3367
869	377.608334073444	2315
876	375.226316376367	2308
883	373.485467628139	3519
890	371.491267074496	1679
897	369.511479401153	3387
904	366.733823716634	2170
911	365.182932460785	1944
918	363.776505839428	2246
925	358.671879185143	2021
932	357.193019615953	2090
939	355.375087731507	2369
946	353.813550028954	2223
953	352.735908171177	1921
960	351.035853185577	2970
967	349.737351964099	2671
974	346.621426821691	2285
981	344.945024431691	3485
988	343.239995944903	3811
995	341.788998776682	3029
1002	337.724789990103	1986
1009	335.616928307824	2687
1016	333.088421019475	1962
1023	332.304877097712	2807
1030	331.168016488668	2395
1037	329.771423261379	1996
1044	327.970643155967	2202
1051	326.368175539542	2267
1058	324.435146536683	1437
1065	322.375976180416	2396
1072	321.469431953501	2106
1079	318.753166637622	1654
1086	317.756225643921	1691
1093	316.25714049956	1679
1100	314.44454559683	1682
1101	314.384509502103	2157
1121	310.492133308092	3154
1141	306.224803037589	1601
1161	301.07812931016	1750
1181	296.484896034481	2029
1201	290.303385694979	1915
1221	286.872214967849	1772
1241	282.169471285897	1869
1261	278.540084524202	1832
1281	274.524052003871	2847
1301	270.654869322899	1236
1321	268.307131972394	1949
1341	264.59485280339	1781
1361	261.1636639093	1771
1381	257.564509600837	1712
1401	254.40813195344	1775
1421	250.996821774175	1415
1441	248.751861935478	2260
1461	245.390190615077	1792
1481	242.557395516649	1866
1501	239.735794420348	2442
1521	236.822446612171	1857
1541	234.397511307146	1442
1561	231.328194510662	1805
1581	228.395080342659	1492
1601	225.703450912383	1389
1621	223.553970499898	1143
1641	221.360500527084	1157
1661	219.668845614541	2360
1681	217.439341863031	1345
1701	215.319898269005	1332
1721	212.686945115223	1411
1741	211.099689509832	1381
1761	207.400663786108	1540
1781	204.985369179176	1422
1801	202.818892013036	1838
1821	200.779727744868	1208
1841	198.316908834498	1531
1861	195.722045737316	1088
1881	194.084884180692	1057
1901	192.33991867642	1808
1921	191.028081401612	1371
1941	189.406589336695	1242
1961	188.118834500672	1190
1981	186.214490689335	1260
2001	184.337455799907	1124
2021	182.110372826688	982
2041	181.124222149607	1409
2061	179.1578111375	1988
2081	177.581710284576	1076
2101	174.904620964077	1021
2121	173.449837471367	1269
2141	172.390269755031	1026
2161	170.883250831625	1103
2181	169.366543254117	1075
2201	168.347147147173	1515
2221	167.512746733151	1231
2241	166.319543485873	1351
2261	165.001450166798	1249
2281	163.186448466961	1012
2301	161.464599467345	833
2321	159.628552024359	1628
2341	157.861282077267	904
2361	156.62508436666	1042
2381	155.673762856516	1018
2401	154.060949813573	1141
2421	152.539819105526	960
2441	151.334798631255	1047
2461	149.835061969226	953
2481	148.497067811901	1202
2501	146.972197311462	1330
2521	146.1554835391	1089
2541	145.060209011189	1028
2561	144.176233989184	973
2581	143.176356890586	1117
2601	141.985099744063	1208
2621	140.933648816783	1095
2641	139.718203152536	1080
2661	138.735405142648	1166
2681	137.675513023046	699
2701	136.884900960253	1066
2721	135.746706807976	1091
2741	134.989672538357	666
2761	133.976782964539	1032
2781	132.912073665543	1136
2801	131.711318198604	967
2821	130.707146085337	861
2841	129.8363800142	783
2861	128.852769194397	805
2881	127.715137563649	670
2901	126.842544173824	1031
2921	126.100765508367	951
2941	125.43955128698	1016
2961	124.847796046176	848
2981	123.978046125267	567
3025	122.665724447929	862
3079	120.486931775698	752
3133	117.974092776424	923
3187	116.010940232317	708
3241	113.705728699911	1339
3295	111.977919288441	807
3349	109.908708002882	716
3403	108.509744065581	742
3457	107.052618833258	651
3511	105.33916743286	667
3565	103.629455121235	972
3619	101.707469050188	1025
3673	99.6193015752362	494
3727	98.1757455877955	456
3781	96.5083615060442	878
3835	94.9946751007787	687
3889	93.40629150765	522
3943	92.2746149389997	887
3997	90.8950469853567	975
4051	89.6317516865651	855
4105	88.1861942335974	936
4159	86.6999523811973	698
4213	85.4610459394744	451
4267	83.917370808777	628
4321	82.7760168176609	486
4375	81.6135912854226	607
4429	80.5217406447056	648
4483	79.5727877838075	428
4537	78.2807033853604	484
4591	77.2901866640889	428
4645	76.36734416231	1046
4699	75.4300598436967	632
4753	74.27638060227	327
4807	73.3874080074023	542
4861	72.1588012892751	500
4915	71.3785795839506	498
4969	70.4865127247752	654
5023	69.5308320946063	744
5077	68.8816102114495	499
5131	67.9665750022985	744
5185	67.2279783037956	702
5239	66.3739138692606	477
5293	65.549845293164	398
5347	64.7521637529141	435
5401	64.1909116739407	459
5455	63.6054758131496	468
5509	62.7784633133562	441
5563	62.1621347334005	743
5617	61.4137948239225	370
5671	60.7555210888388	261
5725	59.9952373467389	245
5779	59.4948202354127	463
5833	58.8893334195009	414
5887	58.2300635352728	397
5941	57.6328172208751	420
5995	56.9993205028586	420
6049	56.348856237252	378
6103	55.8725869539186	573
6157	55.2964046178385	504
6211	54.7757262401283	460
6265	54.2049456508822	580
6319	53.5522911022405	589
6373	53.0129521787175	200
6427	52.3957651234228	371
6481	51.8948060097181	242
6535	51.3732870280506	489
6589	50.8000516237222	416
6643	50.2291196919973	231
6697	49.7349670366384	329
6751	49.3294292691859	393
6805	48.9713172097691	413
6859	48.5928875273094	390
6913	48.2269018189976	243
6967	47.8601474605971	372
7021	47.5076127215291	354
7075	47.1148090077331	222
7129	46.7396866912026	307
7183	46.2984024919573	460
7237	45.8571339845662	228
7291	45.4253658130763	250
7345	44.9135009553282	208
7399	44.5329708922655	339
7453	44.0877251606434	361
7507	43.6776929891212	438
7561	43.2705594487494	310
7615	42.9216337502005	168
7669	42.5647454578431	276
7723	42.1580118029373	325
7777	41.6806006133558	276
7831	41.2652647751384	413
7885	40.8301944315892	334
7939	40.4762830594547	233
7993	40.1909802090378	381
8047	39.7527791010213	289
8101	39.4735053377226	217
8155	39.1987739959731	405
8289	38.3443140648306	251
8437	37.4292021822181	214
8585	36.7548213279805	193
8733	35.9845599955878	370
8881	35.3159382808957	282
9029	34.6784188402814	245
9177	34.0361956239206	322
9325	33.3838741849169	246
9473	32.8120421634524	266
9621	32.1673483839262	316
9769	31.4840331897138	133
9917	30.8285724669698	215
10065	30.2138727866112	286
10213	29.6618232284667	194
10361	29.1832981328471	325
10509	28.6488099582492	173
10657	28.1438706885096	115
10805	27.5742586208505	252
10953	27.1225795820349	175
11101	26.6756102903747	186
11249	26.209664682625	283
11397	25.7432492226359	154
11545	25.3400416579095	99
11693	24.9445705423134	202
11841	24.5887167174372	191
11989	24.1571620702741	90
12137	23.7943331226707	91
12285	23.4267810275777	193
12433	23.0484350193287	144
12581	22.6852508787997	194
12729	22.3535409849138	166
12877	22.0360505692657	233
13025	21.7109393058343	327
13173	21.3522432651372	128
13321	21.0233641364615	150
13469	20.6785498708478	201
13617	20.3667845893651	162
13765	20.0738635100419	90
13913	19.7903996165841	122
14061	19.5259592011574	172
14209	19.2643660809848	171
14357	18.9844323778526	287
14505	18.7476363200695	112
14653	18.4902272187173	131
14801	18.2234373223035	96
14949	17.975195435807	66
15097	17.7210439797488	156
15245	17.4660072997212	104
15393	17.2570245265961	96
15541	17.0391861647367	177
15689	16.8217819929124	56
15837	16.5953021445313	90
15985	16.3718348992988	110
16133	16.1649933047593	63
16281	15.9741810262204	40
16429	15.788944859058	111
16577	15.5922522908074	116
16725	15.4247372653335	134
16873	15.2458707350307	146
17021	15.0628438852727	92
17169	14.9002987220884	67
17317	14.7224196088499	128
17465	14.5502435234374	82
17613	14.3805478382856	127
17761	14.213848091662	90
17909	14.0463272165508	105
18057	13.8947526663539	135
18205	13.7505417894573	85
18353	13.5849475562571	105
18501	13.4442025050523	86
18649	13.3062989152968	79
18797	13.1705913394689	112
18945	13.0595145486296	134
19093	12.9043316021563	133
19241	12.7827339358626	112
19389	12.6507518179716	93
19537	12.5175004303455	29
19685	12.3999386671931	40
19833	12.2698178096909	168
19981	12.152639466338	86
20129	12.0183704271912	73
20277	11.9059072751552	103
20425	11.7960584200918	96
20573	11.6792872920632	136
20721	11.5760999023914	38
20869	11.4705163985491	41
21017	11.3592359870672	53
21165	11.2471355777234	122
21313	11.1530823558568	82
21461	11.0478230305016	95
21609	10.9410627172329	112
21757	10.8501119539142	88
21905	10.7527941130103	64
22053	10.6590480301529	75
22166	10.569142013788	48
22569	10.3034406639636	124
22972	10.0575658967719	59
23375	9.83069750946016	110
23778	9.58833879232408	79
24181	9.38627833873036	68
24584	9.17684492468831	49
24987	8.96988708712157	64
25390	8.77279556170105	48
25793	8.59724035859109	53
26196	8.42790683452037	59
26599	8.24967610649764	44
27002	8.09229661058632	93
27405	7.93195877224208	57
27808	7.77627532929183	42
28211	7.62281981855631	36
28614	7.45816846471284	85
29017	7.32346725463864	58
29420	7.19680257234723	108
29823	7.06600509956477	46
30226	6.94320000614969	125
30629	6.80650882190093	44
31032	6.6793105602264	46
31435	6.56335103511811	22
31838	6.45906034111978	34
32241	6.34604144096375	45
32644	6.23460817337039	14
33047	6.12603076547386	40
33450	6.02112360298635	24
33853	5.92578325420619	30
34256	5.82997442781926	16
34659	5.73790457099673	78
35062	5.6467658877373	12
35465	5.55608297884464	30
35868	5.46589425206184	44
36271	5.38845798373223	23
36674	5.30807108804582	43
37077	5.23242502938954	51
37480	5.15040275454522	24
37883	5.07138179242612	36
38286	4.99685490131379	16
38689	4.92251892015341	40
39092	4.85160855948928	50
39495	4.781797721982	20
39898	4.71489860862495	20
40301	4.64288799278437	28
40704	4.57773654162882	30
41107	4.5177128016949	12
41510	4.45283731818198	8
41913	4.39744219556452	28
42316	4.33978608995676	16
42719	4.28733069449662	24
43122	4.23041301965714	16
43525	4.17231839895248	60
43928	4.11638959497214	44
44331	4.06478548049929	28
44734	4.01355078071355	32
45137	3.96449160575869	20
45540	3.91417685151102	29
45943	3.85829386115075	16
46346	3.80847059190272	51
46749	3.76228138804435	17
47152	3.712232273072	62
47555	3.6683991998434	34
47958	3.62624651193619	8
48361	3.5852598026395	50
48764	3.54952543973922	10
49167	3.50983327813447	14
49570	3.47619599103929	29
49973	3.43911900371313	36
50376	3.40182602405547	8
50779	3.36355894804	11
51182	3.33120232820511	32
51585	3.29760834574701	8
51988	3.2624926455319	50
52391	3.22669178247453	20
52794	3.1985272122547	20
53197	3.16550433635711	4
53600	3.13803250342606	36
54003	3.11139595508575	35
54406	3.10897898674012	4
54809	3.08512464165689	36
55212	3.05316686630249	4
55615	3.02195882797241	8
56018	2.99219586513936	20
56421	2.96418909728526	16
56824	2.9394632279873	13
57227	2.91384629160167	20
57630	2.88748061656952	4
58033	2.86063134670259	9
58436	2.83673784136773	6
58839	2.81622298061849	8
59242	2.7908056974411	12
59645	2.76491620391608	16
60048	2.74326276779176	12
60281	2.72986578941345	7
61377	2.66700178384781	16
62473	2.60724568367004	13
63569	2.54733157344162	24
64665	2.48920904099942	16
65761	2.43266410939395	33
66857	2.38787251710892	4
67953	2.3349079489708	17
69049	2.28483629226684	8
70145	2.24036267399788	12
71241	2.19968104362489	4
72337	2.16333842277527	4
73433	2.13342131394894	19
74529	2.09150270745158	28
75625	2.05181327462197	4
76721	2.01147907972336	4
77817	1.97449439764023	4
78913	1.93715518712997	9
80009	1.90276446938515	4
81105	1.86696171760559	4
82201	1.83666463196278	31
83297	1.80771097540854	24
84393	1.77780315279961	8
85489	1.74952435493469	4
86585	1.718252658844	8
87681	1.68745998200028	44
88777	1.65913164615631	4
89873	1.62855541706085	3
90969	1.60040268301964	4
92065	1.5749320909381	23
93161	1.55028432840481	40
94257	1.52545750141144	4
95353	1.50142116844654	8
96449	1.4770242869854	4
97545	1.45192516595125	16
98641	1.42861562967301	4
99737	1.40538650751114	4
100833	1.38189017772675	4
101929	1.36260970681905	8
103025	1.34073504805565	8
104121	1.31784969568253	4
105217	1.29437692463398	4
106313	1.27319413423538	10
107409	1.25439617037773	4
108505	1.23495519161224	4
109601	1.21437963843346	8
110697	1.1952201128006	20
111793	1.17485785484314	2
112889	1.15620970726013	2
113985	1.13694876432419	4
115081	1.11812436580658	4
116177	1.09862501360476	8
117273	1.07994221150875	4
118369	1.06070584058762	4
119465	1.04176180064678	16
120561	1.02405439317226	4
121657	1.00781064480543	21
122753	0.990328885614873	8
123849	0.988071739673615	1
124945	0.976661041378975	8
126041	0.962610632181167	4
127137	0.946968706324696	16
128233	0.930530905723572	3
129329	0.918029621243477	4
130425	0.901847388595343	5
131521	0.885271281003952	2
132617	0.868001669645309	14
133713	0.850746542215348	8
134809	0.83527022600174	1
135905	0.820099666714668	4
137001	0.803090378642082	4
138097	0.790669605135917	4
139193	0.778136909008026	2
140289	0.764269471168518	2
141385	0.751970827579498	8
142481	0.737550541758537	9
143577	0.723476201295852	4
144673	0.708928942680359	1
145769	0.693831861019135	16
146865	0.678624272346496	16
147961	0.664741069078446	8
149057	0.654423892498016	1
150153	0.641724437475205	4
151249	0.629407510161401	4
152345	0.616313219070435	1
153441	0.602485239505768	4
154537	0.590273082256317	3
155633	0.579516217112541	4
156729	0.564810276031494	8
157825	0.550326079130173	3
158921	0.535631280392408	14
160017	0.522995755076409	4
161113	0.510146275162696	4
162209	0.49787187576294	4
163305	0.484108842909337	16
163901	0.478209853172304	4
166881	0.444606870412826	2
169861	0.408199191093445	1
172841	0.369804486632347	2
175821	0.332303822040557	4
178801	0.295068502426148	8
181781	0.26011299341917	4
184761	0.224043387919664	4
187741	0.188086599111557	2
190721	0.151394469663501	4
193701	0.116895673796534	4
196681	0.0821393337100744	4
199661	0.046086385846138	4
202641	0.00684095546603204	4
# sum_count = 3821443.36619242   sum_obscnt=27093506
