# Length=150 omega=1
#
# Eigenvalues of sigma function
#
sigma	eigen_1	e_eigen_2	eigen_3 ...
#
0.000000	  0.609629372740298574	  1.000000000000000000	  1.755324038687781182	  2.064280277735426313	  2.477972347528183170	  2.692769986018867903	  2.761164689947830967	  2.808331732793333837	  2.830583139581084919	  2.835682069172996899	  2.841806423289710355	  2.849644167236822275	  2.854014279250687876	  2.856419785167767692	  2.858227605992741642	  2.865999139422543049	  2.874984723538761564	  2.877020686115650828	  2.879933828547944587	  2.884361637093037573	  2.912795560324226924	  2.927026792915995770	  2.931943675987711185	  2.932755730848215177	  2.933637277578215173
0.020000	  0.609794819880972021	  1.000000000000000000	  1.758786624565331740	  2.070993048269516601	  2.502839730111779021	  2.728658948446214674	  2.816986648478578596	  2.872666967344386841	  2.896228609859960073	  2.905221301149562248	  2.927320271121324020	  2.931466861461253072	  2.934132460782943273	  2.944224924952931653	  2.948491566852540653	  2.952443145014698231	  2.954037628242015971	  2.967196275276070116	  2.987519000462634705	  2.988823902900100220	  2.993327031076542043	  3.009040393687404679	  3.012507812001602620	  3.021198386596340810	  3.028243355079257121
0.040000	  0.609960174684146148	  1.000000000000000000	  1.762194764900988619	  2.077510428001520435	  2.527672626222386420	  2.765527422852592182	  2.875210434679910444	  2.934838046429099975	  2.940431584488583705	  2.978857595619179143	  2.983585715054526577	  3.008133423609582271	  3.011329967562494866	  3.021203883782305829	  3.025847871678293362	  3.036903556869434004	  3.047698327997780268	  3.054168073248559368	  3.059286181224381986	  3.064567008370743389	  3.067912571135463789	  3.075636903344295691	  3.086534366578800873	  3.087171165309321897	  3.093595944684687814
0.060000	  0.610125422224607621	  1.000000000000000000	  1.765549428703345250	  2.083837888628853182	  2.552477573199953566	  2.803400433887350622	  2.935814767905084516	  2.975362824654932372	  3.011675084784213703	  3.042957881417222509	  3.056871675446830050	  3.096348689778270596	  3.099950375334132690	  3.123285148787075293	  3.124360631871334483	  3.127838073549807827	  3.131709260944378251	  3.159784623474593351	  3.175326332315248302	  3.176359510351204265	  3.192201243470024423	  3.195058673032790971	  3.205378365064534944	  3.215183929815689439	  3.235635970498453323
0.080000	  0.610290547683496774	  1.000000000000000000	  1.768851571410178941	  2.089980927694449999	  2.577265578451996937	  2.842293540917261829	  2.998344283262008115	  3.018516826968649627	  3.086687059214990096	  3.105460847238099166	  3.139531222640732050	  3.186885819994309700	  3.196417594605362260	  3.198125620763844142	  3.230154850343922857	  3.233474466294781907	  3.242886996021187906	  3.257709413298216645	  3.281259727200041194	  3.283442381759721927	  3.284965631194727791	  3.301419802209343480	  3.304097336517995716	  3.311918188696816688	  3.327928415652410107
0.100000	  0.610455536352889395	  1.000000000000000000	  1.772102134883516888	  2.095945047862190233	  2.602051169993049778	  2.882220774335413485	  3.057015668109686934	  3.070352837983457305	  3.165314711122095756	  3.171547476738141439	  3.227148457653607570	  3.273825962156336745	  3.283324610473374566	  3.303144283308546028	  3.342061234245269129	  3.344499480043507838	  3.352197077076588573	  3.367067476468641518	  3.402118797171831049	  3.406365793997954786	  3.410306466197745997	  3.412969390145796122	  3.476220478617780430	  3.483647754985000099	  3.489451135453675975
0.120000	  0.610620373640210135	  1.000000000000000000	  1.775302047367957125	  2.101735736968058686	  2.626851454400371761	  2.923198302964151259	  3.105911021444159778	  3.136992444652470902	  3.239492742295472647	  3.249678484259775135	  3.320046284843270626	  3.355791073730179068	  3.386072247127623563	  3.415527192669584697	  3.453209148884332992	  3.459313018331945239	  3.466768733065328431	  3.501155342784738524	  3.524604104019601221	  3.528538004802221937	  3.539332263705999941	  3.555835218086695400	  3.575828128162815051	  3.587599203274000475	  3.608181796522459873
0.140000	  0.610785045072475869	  1.000000000000000000	  1.778452223420707049	  2.107358449075698372	  2.651685239285057050	  2.965246068034750772	  3.155052607531016663	  3.208602273601129606	  3.312278422327454605	  3.337227832176601074	  3.418564149517585284	  3.442619270058146568	  3.495560067325125803	  3.535834460337552254	  3.561233107806140299	  3.585001478999634708	  3.598501012083128564	  3.628956597285849530	  3.645989858303051107	  3.647639220737602570	  3.665000831706420255	  3.683221249484646787	  3.710861037748823480	  3.724697628081079189	  3.749828133777329314
0.160000	  0.610949536300367762	  1.000000000000000000	  1.781553563821091503	  2.112818586745750874	  2.676572256191568209	  3.008388168976684138	  3.206204598181202931	  3.283602127238746873	  3.388675513294939697	  3.429650846144401619	  3.523026587202595532	  3.534675671519820514	  3.612244987320567491	  3.650233826667069322	  3.664668341449015562	  3.676795293747844820	  3.719924221294642578	  3.740307135876501807	  3.780116632815459884	  3.802478673232638038	  3.812349183427115628	  3.838991563449345441	  3.879139246518426933	  3.886190561395294271	  3.926413274854812091
0.180000	  0.611113833102131062	  1.000000000000000000	  1.784606955466548579	  2.118121484694546535	  2.701532501687403045	  3.052652386092754559	  3.259637888001755612	  3.361905660793217177	  3.469048445299773728	  3.527066870009583915	  3.631324124834527910	  3.634805305131514899	  3.672047609611704595	  3.736611434973947756	  3.800463443249429522	  3.802676465073529980	  3.864796923990906689	  3.892984448442233060	  3.922802825817033409	  4.007688426735057666	  4.114721167914437031	  4.118692225448515098	  4.147159501283440302	  4.199324321476359448	  4.220739579701524794
0.200000	  0.611277921387302147	  1.000000000000000000	  1.787613271261391181	  2.123272394975890665	  2.726585700461348035	  3.098069097683391967	  3.315460967781830178	  3.443593506484035333	  3.553654283333093918	  3.629725957695766701	  3.694438320871696574	  3.735231706166803596	  3.752016504354012715	  3.869174165505897271	  3.932849066310680654	  3.950554891392904808	  4.020370495250096787	  4.057406160088311290	  4.076532463935899638	  4.143422755465074621	  4.154427505628833860	  4.190450147257372449	  4.251619694017822721	  4.260319783357265299	  4.308518099069814429
0.220000	  0.611441787200262545	  1.000000000000000000	  1.790573370003879857	  2.128276473774972373	  2.751750884615490835	  3.144669777954383870	  3.373742184353767723	  3.528793564854130726	  3.642742873610096275	  3.717455549499418808	  3.737908478056476106	  3.844893973141884160	  3.876997180971133504	  4.010482259960354294	  4.074608051789904335	  4.109052350231285312	  4.187442651051234646	  4.234512976186911571	  4.242219209101165861	  4.329202181617351171	  4.352102952907506967	  4.388514369492071451	  4.458106835507020769	  4.475907739660763284	  4.519394642850331517
0.240000	  0.611605416723620111	  1.000000000000000000	  1.793488096276438666	  2.133138769859536023	  2.777046077493200000	  3.192485186618926077	  3.434531211103691058	  3.617659455387374084	  3.736551408785732643	  3.741177807529816794	  3.851916873707852951	  3.961184064792583584	  4.009757369689590176	  4.161124398744253035	  4.226441500101450487	  4.278973612133629297	  4.366864273079339221	  4.420783439881308594	  4.425394147727458148	  4.529988444025733468	  4.565882442737836806	  4.603223812555804326	  4.682323576215620881	  4.710142482239455008	  4.718649401558825543
0.260000	  0.611768796281417858	  1.000000000000000000	  1.796358280343159920	  2.137864214692983862	  2.802488067539830529	  3.241543270868523578	  3.497859659931936035	  3.710363425839544855	  3.765643270149767139	  3.835386110405371901	  3.972076185605695465	  4.084553403467571586	  4.150780764510742242	  4.321735115055633894	  4.389095186560643656	  4.461183929994399001	  4.559547438150905530	  4.613416600567947221	  4.631031408102190685	  4.747032702474817322	  4.797130203907223472	  4.826782383600020945	  4.836031910938603355	  4.925838575319088368	  4.955269059084123735
0.280000	  0.611931912342171275	  1.000000000000000000	  1.799184738058092391	  2.142457614178645787	  2.828092257009836022	  3.291866697319841260	  3.563728153839584947	  3.790987762966013980	  3.807142522811295590	  3.939455650745301360	  4.098736206495153580	  4.215455019947797209	  4.300602991543990931	  4.493001298573421738	  4.563359474405559373	  4.656613511615708954	  4.766476712774479391	  4.821179087483976311	  4.852707388969000106	  4.938934390377893338	  4.981689324628391933	  5.009554337441796080	  5.047334581593750327	  5.088509316029365585	  5.190357509375913429
0.300000	  0.612094751521735278	  1.000000000000000000	  1.801968270787196240	  2.146923641974914218	  2.853872571066714288	  3.343469814686137768	  3.632067371056286759	  3.817500862239921053	  3.908109667765962734	  4.049047685564024507	  4.232273779679334029	  4.354359011966742131	  4.459798349543441234	  4.675668013830354029	  4.750070323181632575	  4.866262366577733177	  4.988723270790211858	  5.045312655686486953	  5.053635977853010855	  5.066975664148843159	  5.091698074830574991	  5.235424413225305520	  5.318120035055196218	  5.362352393502445418	  5.477735415572780478
0.320000	  0.612257300586002364	  1.000000000000000000	  1.804709665346280204	  2.151266834297565708	  2.879841414370878952	  3.396354707705268544	  3.702620466349416976	  3.845520831495805851	  4.013571539343396498	  4.164439134665703264	  4.373094693475479984	  4.501755869923256197	  4.628979541052373026	  4.870542933475509469	  4.950112161987248139	  5.091205515074970988	  5.121245102074709338	  5.177382334109281377	  5.227459386668948653	  5.287121109437052314	  5.349398089058283006	  5.509825037556433594	  5.611258191838793359	  5.659394409717423421	  5.789989839239699558
0.340000	  0.612419546453433718	  1.000000000000000000	  1.807409693956714535	  2.155491586108213866	  2.906009664172712586	  3.450505820795820300	  3.774519550498886377	  3.876119382941813039	  4.123752218555242521	  4.285918212590719653	  4.521634992059601857	  4.658158765812974413	  4.808799403883461672	  5.078499281044300485	  5.164422767566546562	  5.179935081921792148	  5.302816765694094610	  5.332598585568190930	  5.483970008221649051	  5.547986424730560546	  5.627315076588625539	  5.806609227964507976	  5.928678209678462310	  5.981619305924973750	  6.129315097997909236
0.360000	  0.612581476197425443	  1.000000000000000000	  1.810069114220238333	  2.159602148576006807	  2.932386690923094716	  3.505882382971724203	  3.844451072842667348	  3.912828602986768741	  4.238907958397912410	  4.413786480451001175	  4.678361751367359106	  4.824106145331153314	  4.999953238336071290	  5.239972805008672952	  5.300477775272400344	  5.393999691585609057	  5.433236673884644805	  5.591683830710114652	  5.759659561321895393	  5.829377640504208408	  5.927077820603156988	  6.127636796498736760	  6.272477287656913814	  6.331177381870648047	  6.498097789008041626
0.380000	  0.612743077048512344	  1.000000000000000000	  1.812688669113752093	  2.163602627692763966	  2.958980399295401084	  3.562407541546451762	  3.902254296106986386	  3.966070915767569685	  4.359309137329425103	  4.548360914436458990	  4.843773513872067955	  5.000164727476092286	  5.203181437993062099	  5.301530964595985745	  5.537488344042356433	  5.568703228732769947	  5.639907507853831358	  5.869796593222312134	  6.056054914724769512	  6.132864088544715112	  6.250445731604407197	  6.474921052026296746	  6.644932235655325154	  6.710402156830278656	  6.898933654279407735
0.400000	  0.612904336396411998	  1.000000000000000000	  1.815269087004605082	  2.167496983919019386	  2.985797284179982606	  3.619952758761440671	  3.944362562984992711	  4.039734289194210365	  4.485239192490088003	  4.689975753073412324	  5.018400626336817312	  5.186932757966509413	  5.364675013716155465	  5.419272348925266534	  5.709394513495564332	  5.790612282403330918	  5.903285246614856261	  6.168372255734690860	  6.374807216968474719	  6.460130888989188777	  6.599319217262746399	  6.850641483738694728	  7.048512707473070377	  7.073848287043304294	  7.121827994759482320
0.420000	  0.613065241791912043	  1.000000000000000000	  1.817811081686551142	  2.171289032739156679	  3.012842497621416918	  3.678315891216201637	  3.981292033539384845	  4.123705745547189167	  4.616994402803711523	  4.838984103451988250	  5.202805696245951992	  5.385043338865221562	  5.429455388597118242	  5.649065339223797445	  5.855513731030136605	  6.061005244205402306	  6.185353670847683442	  6.488953711106426460	  6.717695093290288455	  6.812994400946737306	  6.975750914401277118	  7.199853412110570821	  7.257157493098880122	  7.485896346432750521	  7.568208453071243813
0.440000	  0.613225780948604073	  1.000000000000000000	  1.820315352436253905	  2.174982446007264654	  3.040119923814389209	  3.737192258018888619	  4.018216815807041110	  4.213325399006099326	  4.754884042827717296	  4.995759343604037483	  5.397584312422312462	  5.495919301446936400	  5.595167711416740500	  5.893454079402961194	  6.007277859144873203	  6.349901181409189405	  6.487422328125454514	  6.833199392447141820	  7.086630381905213132	  7.193416571799919185	  7.329514878957048441	  7.381957831501582551	  7.697023260888819807	  7.879528318509487729	  7.959985870255509722
0.460000	  0.613385941744467527	  1.000000000000000000	  1.822782584089970946	  2.178580753970848521	  3.067632260171269922	  3.796141931820321324	  4.056982075929694905	  4.307406265190484115	  4.899230792052804365	  5.160696377924650338	  5.564113577388813177	  5.603366099932936852	  5.818018439512563535	  6.153390041546558837	  6.164915280970434648	  6.658617176462858942	  6.810896483596065695	  7.202891904963231228	  7.462972048598525732	  7.483666453659449411	  7.603518259131296985	  7.820334468498335605	  8.055882923031672554	  8.173003843177775871	  8.374894807397794697
0.480000	  0.613545712223307381	  1.000000000000000000	  1.825213447139833564	  2.182087347866510508	  3.095381103149318985	  3.854567121195275689	  4.098719081740017692	  4.405642037442313244	  5.050371330831210533	  5.334212803517597040	  5.634085604925878029	  5.820816121105075567	  6.054352498022138499	  6.328665321937135067	  6.429886228581731128	  6.988559051186795722	  7.157284105185271267	  7.599947304880469815	  7.600364991541699445	  7.911008657505807555	  8.045592105904232155	  8.238266414286406038	  8.293466989997655581	  8.688092597783699751	  8.740998260092546015
0.500000	  0.613705080596049602	  1.000000000000000000	  1.827608597848961778	  2.185505482989660026	  3.123367038007821713	  3.911732850961129057	  4.144441942199855098	  4.507989867195313013	  5.208657072119893478	  5.516750037448119636	  5.705883740635216906	  6.050636599948347471	  6.304974304642042417	  6.498778353817520758	  6.724021147150202762	  7.341227640010995151	  7.528203071556101418	  7.741835317695029979	  8.026425074056051212	  8.371026400811663853	  8.426927531840081326	  8.522115591162783828	  8.804148535476587789	  9.009149662409417954	  9.128600680463043232
0.520000	  0.613864035241898514	  1.000000000000000000	  1.829968678384510278	  2.188838282148805778	  3.151589731985182998	  3.966878011857495614	  4.195099844549899873	  4.614507277958778508	  5.374454991901496390	  5.708774443237487439	  5.779557523659924856	  6.293568933145592514	  6.570738748505403468	  6.675516112693875992	  7.036943039069940843	  7.718225647401415466	  7.887526853050137016	  7.925388745476122245	  8.484538842508320421	  8.622126526661282194	  8.866266525225080624	  9.035764736471343274	  9.244551137800733167	  9.355395757199116327	  9.539069130533609534
0.540000	  0.614022564709360442	  1.000000000000000000	  1.832294316967626824	  2.192088739423679502	  3.180048030570966599	  4.019426228253220385	  4.251419683829883259	  4.725298870841717018	  5.548148532319738233	  5.855157796450736025	  5.910778505968417624	  6.550395950120582908	  6.852554270189449658	  6.859152116126582619	  7.369874387684440383	  8.037586203490413195	  8.121265045472762832	  8.350702023481581836	  8.824134458162809860	  8.976667914979666546	  9.399467805411298072	  9.489941864883804075	  9.589428792449428834	  9.950466684036189773	  9.973859593681281498
0.560000	  0.614180657717138129	  1.000000000000000000	  1.834586128039218092	  2.195259724155077186	  3.208740056623379056	  4.069194404963382361	  4.313718296074030904	  4.840495749564324830	  5.730138559031213124	  5.932736870143280830	  6.123281985356953112	  6.821944391008383199	  7.049972136356526945	  7.151386042378198503	  7.724116716631448373	  8.192163235768390581	  8.552174998159951328	  8.806137947061869374	  9.033232804868506896	  9.505369661827973028	  9.745714197763698973	  9.973576521319997994	 10.186226118083030422	 10.339833450383201632	 10.434522707921072063
0.580000	  0.614338303154900627	  1.000000000000000000	  1.836844712440355141	  2.198353985102675827	  3.237663312071540482	  4.116436807292958663	  4.381867560916021797	  4.960246544699048184	  5.920844341401030982	  6.012348566164999215	  6.346833271651396058	  7.109087580120338575	  7.248274711521107877	  7.468259292550485606	  8.101055699798446716	  8.351411498177455119	  9.012910320698595365	  9.249713330736232526	  9.293834943250704568	 10.012279948020626696	 10.073392839036641620	 10.591763131938443971	 10.715864274278062786	 10.829521400832047939	 10.922709882798597589
0.600000	  0.614495490083933411	  1.000000000000000000	  1.839070657606109875	  2.201374154715047641	  3.266814781864741795	  4.161695530537928472	  4.455448414203968211	  5.084713139066526764	  6.094047664980286610	  6.120705309979636337	  6.582010675345979160	  7.412748281128314298	  7.454371686260952669	  7.804262801802155065	  8.502166602505345415	  8.515488598117711633	  9.473878153862153685	  9.505560498615930496	  9.816084752456097602	 10.290071388737458098	 10.683691906966353622	 11.109643861349812920	 11.257440123039999996	 11.440179825981598320	 11.522944334637317459
0.620000	  0.614652207737673660	  1.000000000000000000	  1.841264537771591658	  2.204322753463549438	  3.296191039706803776	  4.205594921742775793	  4.533958792254573197	  5.214068507402388719	  6.177892764647559118	  6.330179369610157286	  6.829423883341050330	  7.668588777117808385	  7.733901727743996354	  8.160552607350024030	  8.684556550170104163	  8.929020075286641272	  9.706039971955886367	 10.032359300875914872	 10.375343096695818613	 10.579542179186673227	 11.339442422668709071	 11.522061806269590127	 11.974281126501534074	 11.988805507173060450	 12.270409862575922595
0.640000	  0.614808445522135668	  1.000000000000000000	  1.843426914188947648	  2.207202194198652291	  3.325788354960460317	  4.248704416364220962	  4.616952124677496975	  5.348495586243028498	  6.263941678864044802	  6.549748753190712868	  7.089715480961242658	  7.891266159753302602	  8.073578828737571171	  8.538355931992314685	  8.858782106204543105	  9.383288323049580814	  9.946522407520616630	 10.595695029012958352	 10.881168253041944312	 10.974241140398708141	 11.954053869216364672	 12.044057586169966825	 12.570581588624003867	 12.746241423535276231	 12.941966485259111967
0.660000	  0.614964193016231482	  1.000000000000000000	  1.845558335354098762	  2.210014786493565243	  3.355602799941214417	  4.291488114930906967	  4.704088542963761852	  5.488186673683976678	  6.352255663317090778	  6.779917113771595173	  7.363562570504318621	  8.122759072735416203	  8.432869552422943554	  8.938975360590030195	  9.038337078486803951	  9.866751673871855861	 10.195660443835231446	 11.195448698806116157	 11.198121449343286633	 11.615597797297762712	 12.406604413317848933	 12.801206027141515894	 13.187632353312708178	 13.395443013436986659	 13.577579954151973817
0.680000	  0.615119439971991838	  1.000000000000000000	  1.847659337242003605	  2.212762740945689747	  3.385630356658182907	  4.334305581828426547	  4.795134564050761845	  5.633343102898965513	  6.442897887488652114	  7.021212459450734701	  7.651678488518514312	  8.363438433005539013	  8.812926496157597713	  9.223398668183273567	  9.363793281861813719	 10.381305573280593627	 10.453800929980048256	 11.522906653310971949	 11.842369459552465093	 12.302432939818136430	 12.880748976668092187	 13.614830924833829945	 13.842220163788463285	 13.870468530546065817	 14.472882963349002381
0.700000	  0.615274176314692601	  1.000000000000000000	  1.849730443549273008	  2.215448173411529472	  3.415867021915636930	  4.377431094890321017	  4.889944145962129154	  5.784175035776303114	  6.535933957285795784	  7.274188158889195524	  7.954814625623061111	  8.613691449951221529	  9.214968651487109570	  9.414149816425667754	  9.814276612910367681	 10.721303139052781469	 10.928968031531674608	 11.864090223728504728	 12.531359544690869726	 13.037981571216070402	 13.377576985595091967	 14.368133288362967233	 14.489170561096219061	 14.536754486760393330	 15.437089422449470483
0.720000	  0.615428392142891813	  1.000000000000000000	  1.851772165942996398	  2.218073109155196572	  3.446308909576182035	  4.421074847422802963	  4.988437682968129709	  5.940901252815381490	  6.631432320825961348	  7.539424245391841751	  8.273762352607675021	  8.873922214827732868	  9.610779606510744269	  9.640285375700099678	 10.291981823727512277	 10.998539368408380483	 11.511887553192278620	 12.219573449548899207	 13.268215081215533741	 13.825709025238830241	 13.898234616469460805	 14.889584299874407155	 15.273801520754088936	 15.428780413771934584	 16.475518372467470508
0.740000	  0.615582077728382541	  1.000000000000000000	  1.853785004314686238	  2.220639486894632506	  3.476952348715523912	  4.465400516383229890	  5.090584566203638682	  6.103748785900189119	  6.729464913446593532	  7.817528782819129174	  8.609355056199382083	  9.144552215295937668	  9.813483772292864644	 10.090240582526572873	 10.798560279254658542	 11.285895574366999305	 12.132351580227638253	 12.589957313043678734	 14.056276551406898382	 14.443927813762282236	 14.669327263078564138	 15.436028318987548341	 16.056094466569383690	 16.438556905786062413	 17.593898345698887636
0.760000	  0.615735223516066622	  1.000000000000000000	  1.855769447038297167	  2.223149162733136784	  3.507793976377476242	  4.510538383743399248	  5.196390146304003171	  6.272952117099033799	  6.830108303725587088	  8.109139290434062280	  8.962470286594014618	  9.426020661765102979	 10.022465432296488441	 10.566277165718812197	 11.335763917261997440	 11.583772036553605992	 12.792795481813116860	 12.975870804607654573	 14.899116734387783747	 15.015925472380837346	 15.572812342799663785	 16.008734979334425937	 16.886544482860665756	 17.523762933874026292	 18.628414918652182733
0.780000	  0.615887820123754433	  1.000000000000000000	  1.857725971231330387	  2.225603913966811123	  3.538830823670943452	  4.556594722679358041	  5.305886400769765755	  6.448751311645766766	  6.933445960892937522	  8.414924229343497483	  9.334032013961290474	  9.718784345652045071	 10.237936340719411369	 11.069921670226295697	 11.892584049045918857	 11.905451281252526772	 13.377972047876935901	 13.495812126243118018	 15.615562792568308837	 15.800556944154977969	 16.540423142197253029	 16.609040101337330020	 17.768252371936188071	 18.690055310176429886	 19.499019482979161450
0.800000	  0.616039858341895611	  1.000000000000000000	  1.859655043018090726	  2.228005442761121199	  3.570060394039079394	  4.603658405782881149	  5.419125357593908869	  6.631387381032129399	  7.039573341104233281	  8.735584553752062671	  9.725012970011539803	 10.023316252635630068	 10.460119465006113615	 11.602789226569539101	 12.212762636979457683	 12.509593928728624131	 13.796949488502319224	 14.244162072597599579	 16.244244815854613287	 16.764684389548986293	 17.238349177454585809	 17.576721422192264459	 18.704521043845160292	 19.943514259899775484	 20.417020769054747933
0.820000	  0.616191329133245800	  1.000000000000000000	  1.861557117794222261	  2.230355379691994947	  3.601480732671970399	  4.651805547696020193	  5.536174467815929143	  6.821089404142644515	  7.148611261441042283	  9.071855330171786037	 10.136436927432408029	 10.340100412863471245	 10.689255564606787473	 12.166588764886169980	 12.544755298326896278	 13.150283236435653274	 14.233523149796981297	 15.040784422264220599	 16.903450150684955041	 17.795870735967691917	 17.898141046385953403	 18.686593324402628116	 19.698868810001994287	 21.290675128964322843	 21.385219051489369180
0.840000	  0.616342223632474144	  1.000000000000000000	  1.863432640491707889	  2.232655287148755041	  3.633090486221746864	  4.701102784546038122	  5.657113327101538227	  7.018031178943092632	  7.260749788303878524	  9.424507427407568498	 10.569379399756559596	 10.669613188818828656	 10.925625097783843920	 12.763128526000919348	 12.889026771343259837	 13.829737625592295620	 14.688445958079700391	 15.888808373009056649	 17.594734896418553973	 18.589971768002255762	 18.898791953900887335	 19.875272403477385386	 20.755043560997850303	 22.120256414999973832	 22.406589807061371218
0.860000	  0.616492533145716327	  1.000000000000000000	  1.865282045843577578	  2.234906662597762037	  3.664888952203639665	  4.751609613242120455	  5.782031323751429934	  7.222126347904938775	  7.376453697985359126	  9.794349279544685152	 11.012108810139846693	 11.025076464320221791	 11.169657955697187028	 13.246059828733899831	 13.394321887781995371	 14.550310231615774963	 15.162505140327314683	 16.791565521051636665	 18.319736774365273650	 19.315478711896540989	 20.078449545048121763	 21.148364302174428992	 21.877037886883490584	 22.865312340294917375	 23.484292804868708238
0.880000	  0.616642249150077754	  1.000000000000000000	  1.867105758647629260	  2.237110941706958897	  3.696876117716475846	  4.803380081260252508	  5.911025921255670984	  7.431041063300098883	  7.498450445748053309	 10.182228723139803167	 11.366691452065154628	 11.423329435532898919	 11.504461012579648857	 13.616356100023741366	 14.062193526004962245	 15.314497044444509060	 15.656523696678582724	 17.752602959541684052	 19.080179474390881082	 20.076384873759754009	 21.340193242905227629	 22.511873185040557812	 23.069105202088353655	 23.641451095080418227	 24.621681891525117341
0.900000	  0.616791363293091321	  1.000000000000000000	  1.868904194028524283	  2.239269501332590219	  3.729052687378360827	  4.856464025200163537	  6.044201374241302644	  7.604473170385837213	  7.667451669217299865	 10.589034908037681638	 11.675518189396686265	 11.745099147305602420	 12.009025416284017295	 14.000436923932808173	 14.768885929962877400	 16.124945547248911937	 16.171361950356278724	 18.775697224966982252	 19.877877225345719551	 20.874503435292925768	 22.689745291289653711	 23.972230054955126346	 24.335776941283804402	 24.450061190905199120	 25.822315555275689683
0.920000	  0.616939867392134124	  1.000000000000000000	  1.870677757697676035	  2.241383662370250161	  3.761420100634365928	  4.910907993516188151	  6.181667737920404341	  7.733621136880961768	  7.892685002904080712	 11.015700278057033871	 11.944602193962334074	 12.129906624334133115	 12.540027490287210278	 14.398844232832923850	 15.516666294144791125	 16.707919177666558154	 16.984463883104490029	 19.864869146356566809	 20.714739597124286224	 21.711742585116317911	 24.133226411347811935	 25.292596167309909559	 25.536323085768738068	 25.681880896920040301	 27.089968335975392602
0.940000	  0.617087753433807206	  1.000000000000000000	  1.872426846210405210	  2.243454692473118982	  3.793980538840136781	  4.966755946326988949	  6.323540071915743573	  7.862239319107887323	  8.130839620206394445	 11.463202611800670596	 12.220600975338152499	 12.532019225745569238	 13.098859389229220878	 14.812141471601528528	 16.307933808460990249	 17.267135320874015852	 17.896030581083803889	 21.024399655694099732	 21.592776541505556859	 22.590110620166510540	 25.677183575177982019	 26.170577723734182143	 27.112560773882060601	 27.211530113853250951	 28.270499159475304327
0.960000	  0.617235013573282384	  1.000000000000000000	  1.874151847219888046	  2.245483808640803419	  3.826736922747239916	  5.024049796467081073	  6.469937766167133597	  7.993664575405525388	  8.379040500729534783	 11.932567101218458568	 12.505030631563246190	 12.950882589466548266	 13.686988251479003626	 15.240914553425656640	 17.145227370726087750	 17.849992786923193073	 18.862804875210705171	 22.258846621736782169	 22.514103678009143779	 23.511721349435649337	 27.085599004860612784	 27.328619712341587822	 28.633297041750458499	 29.005753441615613702	 29.470710270119631497
0.980000	  0.617381640133619880	  1.000000000000000000	  1.875853139727474452	  2.247472179682622552	  3.859692901203835522	  5.082829836403419419	  6.620983933969550477	  8.128432597543270954	  8.637233062673666726	 12.424868409375916720	 12.798342983052272903	 13.387046678130476903	 14.305958750087866956	 15.685772855362038369	 18.031233746425449030	 18.457518335172839279	 19.888137651817991425	 23.480947829774924330	 23.573062773460382716	 24.478799824662508058	 28.039328047146360425	 29.095025484258420230	 30.249929170497514858	 30.731071939820197627	 30.927457117006639794
1.000000	  0.617527625605060400	  1.000000000000000000	  1.877531094329001170	  2.249420928559497445	  3.892852832031704301	  5.143135082259374850	  6.776804828010207929	  8.266775281763703805	  8.905686851587203216	 12.941232373724855551	 13.100883211010999444	 13.841210736902360038	 14.957396961608273042	 16.147350256748990905	 18.968796202190208171	 19.090785057521417451	 20.975583063065623528	 24.495652812868285778	 24.972214783636729092	 25.493688425802095890	 29.033511394613483382	 30.984413270825134405	 31.968679341209823437	 32.054720791774831034	 32.914539514443773214
1.020000	  0.617672962644295046	  1.000000000000000000	  1.879186073456770842	  2.251331134608826685	  3.926221756144481584	  5.205003556951465436	  6.937529241457655813	  8.408857595488828796	  9.184759845355225215	 13.412972921311028516	 13.482843876797242579	 14.314136701492762954	 15.643014589691987510	 16.626306223918048221	 19.750914454526755362	 19.960923640895796681	 22.128910846718944495	 25.560685480354225893	 26.461803587613261360	 26.558853332858920877	 30.069977892346894468	 33.005353523601488174	 33.444961995769880162	 33.796177729491595643	 34.582383749714056629
1.040000	  0.617817644073716249	  1.000000000000000000	  1.880818431616910842	  2.253203835656875413	  3.959805366031692078	  5.268472528018412885	  7.103287858912113069	  8.554826778682829889	  9.474850555974797336	 13.734951141447141633	 14.050926015383142177	 14.806633533193627263	 16.364613446551964891	 17.123326945120400275	 20.439078611357696160	 21.010800267881499395	 23.352119394763274729	 26.678642019886486295	 27.676891420057305187	 28.047686017222639692	 31.150642666562693320	 34.905278479142005911	 35.167013650616045419	 35.739489465727188520	 36.345189437140927469
1.060000	  0.617961662880652722	  1.000000000000000000	  1.882428515621866567	  2.255040030023286278	  3.993609969750900339	  5.333578711221646247	  7.274212522087983249	  8.704827544847399167	  9.776384287137961870	 14.067144755029732646	 14.646775455823490456	 15.319556118483017525	 17.124090181505889133	 17.639126520397186594	 21.156502477656287973	 22.121795819472681579	 24.649449616052405755	 27.852254500332934485	 28.850537613435248514	 29.736097834923710384	 32.277511300553596206	 36.439340645921516969	 37.479199609270177341	 37.806143383251509766	 38.208644114638428354
1.080000	  0.618105012216591186	  1.000000000000000000	  1.884016664817821514	  2.256840678422346873	  4.027642451550063059	  5.400358447827640264	  7.450435372897699904	  8.859008379861416321	 10.089808478828637504	 14.409900123141320148	 15.271729561498312480	 15.853811411230206643	 17.923441259184148084	 18.174448215065497946	 21.904466255641539148	 23.297476386769996800	 26.025399640962668181	 29.084397659016738021	 30.082672758877618782	 31.533678258782723829	 33.452684216290587110	 38.051016632563763889	 39.952400394069733921	 40.004162673507565273	 40.178778738964031885
1.100000	  0.618247685396387444	  1.000000000000000000	  1.885583211306872070	  2.258606705765630681	  4.061910230189581785	  5.468847861243621660	  7.632087832384872571	  9.017525005161742418	 10.415591108397062542	 14.763572855789037491	 15.927164124072653670	 16.410376031728572037	 18.730065538024504568	 18.764768443053274724	 22.684307901040251956	 24.541615869567048595	 27.484740418962230706	 30.378095916424400966	 31.376332054424771273	 33.447496074768208015	 34.678361271963391039	 39.744383130245785275	 42.261988776187007503	 42.342097595126458581	 42.597835639086122965
1.120000	  0.618389675897469125	  1.000000000000000000	  1.887128480163817693	  2.260339002870574603	  4.096421215955052413	  5.539082997093940241	  7.819299367871628392	  9.180542891319836268	 10.754220305791624031	 15.128530209271584149	 16.614443892989632893	 16.990348659427799084	 19.306784658998734824	 19.650283290082766644	 23.497425741696383063	 25.858208097265289438	 29.032532263117184329	 31.736530599689737513	 32.734714108431851712	 35.485077439076750914	 35.956846586280902200	 41.523736805383003035	 44.465056800961885900	 44.829060234794304931	 45.427506490234768718
1.140000	  0.618530977359032224	  1.000000000000000000	  1.888652789647457633	  2.262038428079473662	  4.131183767254091663	  5.611099949704021818	  8.012195992921039272	  9.348239538538729737	 11.106204519166419294	 15.505151832105386340	 17.334720441712100030	 17.595156964037271920	 19.905443986011013722	 20.582314857886290123	 24.345281218981958869	 27.251479655784998061	 30.674142398853139303	 33.163047349872014739	 34.161190693747024601	 37.290553600934412765	 37.654435479854968655	 43.393606351793789191	 46.795176188740093926	 47.474761841615210570	 48.454250089978281649
1.160000	  0.618671583581233352	  1.000000000000000000	  1.890156451406313301	  2.263705808793268027	  4.166206647580541287	  5.684934977168515166	  8.210898435625228619	  9.520806856879224461	 11.472072960812691379	 15.893830367702068859	 18.087552059419375735	 18.227942882337527840	 20.526917471808769182	 21.563314081211007015	 25.229401757413162800	 28.725903461727634683	 32.415263577785199518	 34.661163681236890715	 35.659317277287206710	 38.682010393265416712	 39.964101814761213514	 45.358765209812496284	 49.259976677321144770	 50.289552314100920725	 51.691797799645406757
1.180000	  0.618811488524379366	  1.000000000000000000	  1.891639770678721197	  2.265341942924374654	  4.201498983512941217	  5.760624606625209181	  8.415519901073535267	  9.698453839875160780	 11.852376212858410844	 16.294972012955166342	 18.847475525915949933	 18.916996285772822184	 21.172115478235665680	 22.595861018097680287	 26.151383768164757550	 30.286213127435457149	 34.261933821132640670	 36.234576653932869122	 37.232844413687346055	 40.133865251902028696	 42.423160108346956377	 47.424244989629667321	 51.867551286594852613	 53.284462521274822803	 55.154837503910695600
1.200000	  0.618950686308115892	  1.000000000000000000	  1.893103046487264750	  2.266947600272679676	  4.237070224296774796	  5.838205730968749241	  8.626163345170196217	  9.881409671686422752	 12.247686934895383788	 16.708997064033384234	 19.549746728732987355	 19.730020047063025177	 21.841986699634240575	 23.682671498964527815	 27.112895792475446882	 31.937418163126286896	 36.220557361160359681	 37.887170615602286688	 38.885730100073101056	 41.648892528984871785	 45.041281801261903405	 49.595349638227633864	 54.626484994616324588	 56.471249358117325115	 58.859080250132089634
1.220000	  0.619089171210615965	  1.000000000000000000	  1.894546571827534952	  2.268523523828662084	  4.272930103446038276	  5.917715697969356301	  8.842918172158400611	 10.069927384636501356	 12.658600644197367314	 17.136340463994406073	 20.263688791734884492	 20.600787814691535440	 22.537520097088419607	 24.826604268518789986	 28.115681791247060742	 33.684820064962618741	 38.297926853250425425	 39.623024964243592019	 40.622153194690850102	 43.229998783701408086	 47.828764151830339264	 51.877670391486918205	 57.545885189065172284	 59.862443798184360223	 62.821331530090946418
1.240000	  0.619226937667769913	  1.000000000000000000	  1.895970633851229011	  2.270070431007467188	  4.309088602692595782	  5.999192392576436961	  9.065856272423460478	 10.264288166222092725	 13.085736553025871566	 17.577452360289795172	 21.005458771611791608	 21.516383413234747736	 23.259747011504722871	 26.030668506310668666	 29.161564587462677295	 35.534029340753230043	 40.501246935614961701	 41.446421886740144085	 42.446528002209408074	 44.880229233425103633	 50.796570739642531573	 54.277101555370476035	 60.635414010167955772	 63.471402134149600218	 67.059567527452216287
1.260000	  0.619363980272377308	  1.000000000000000000	  1.897375514043613872	  2.271589014817592357	  4.345555918514002155	  6.082674313059736434	  9.295027339063637772	 10.464806385891731360	 13.529738454604794122	 18.032798677188197229	 21.777747725185844995	 22.477507022579690641	 24.009743514756105787	 27.298031743769633647	 30.252449468384405240	 37.490983527990905111	 42.838159218294273724	 43.361854038985469060	 44.363520118364256972	 46.602774531385198653	 53.956374590490063018	 56.799857162555913496	 63.905322701172594519	 67.312360617648202082	 71.593016676895367550
1.280000	  0.619500293773341701	  1.000000000000000000	  1.898761488395397147	  2.273079944967689856	  4.382342431383569546	  6.168200641553220317	  9.530453455082811802	 10.671835354880890993	 13.991275653131557109	 18.502861706629493515	 22.582223210452926077	 23.486038977339009899	 24.788633110581370960	 28.632028198294262532	 31.390327954842664186	 39.561966262111171729	 45.316768784431063728	 45.374032163697530978	 46.378063599045392270	 48.400977894982657009	 57.320604092285769575	 59.452488553487845533	 67.366488090071558900	 71.400493724110115773	 75.518041599194464283
1.300000	  0.619635873074868617	  1.000000000000000000	  1.900128827569062175	  2.274543868914833850	  4.419458677811204599	  6.255811309506085362	  9.772123048132449443	 10.885773725316036893	 14.471043935276603670	 18.988140720265794742	 23.420394701897810875	 24.544180442583643670	 25.597590066039981910	 30.036167546245476788	 32.577281745299272231	 41.753627456223827059	 47.487892657749255110	 47.945672325182364413	 48.495379462287547118	 50.278342621060008615	 60.902491882588114896	 62.241902933571404227	 71.030451334449383249	 75.751976283309010812	 79.157882480098161457
1.320000	  0.619770713235667144	  1.000000000000000000	  1.901477797059736313	  2.275981412857442164	  4.456915325180097219	  6.345547058501939511	 10.019984493290553179	 11.107072250107949256	 14.969766581779718475	 19.489152605102129679	 24.293763159612105180	 25.654308739939180425	 26.437844378749756851	 31.514144157864888263	 33.815486842765111214	 44.073004657131673374	 49.708605304957275160	 50.720995403702718144	 50.733987929361884412	 52.238540058717779602	 64.716126900039498776	 65.175382961131873821	 74.909459069937533240	 80.384049732364274463	 82.990223253231777331
1.340000	  0.619904809468155281	  1.000000000000000000	  1.902808657350672777	  2.277393182675889558	  4.494723149332346054	  6.437449496874817135	 10.273939935455235475	 11.336240333409812086	 15.488195418370932139	 20.006432525057066540	 25.203861846184198845	 26.818934374503518331	 27.310694255488291186	 33.069846818310463764	 35.107217873103052835	 46.527545646219699380	 52.041581237647602295	 53.060766530624638170	 53.691386669040311774	 54.285418228830727681	 68.260607423833304569	 68.776509804474154838	 79.016507111822857287	 85.315092765003838038	 87.025627594112708055
1.360000	  0.620038157137668993	  1.000000000000000000	  1.904121664063435877	  2.278779764823698611	  4.532893014815341886	  6.531561152524923151	 10.533840319230083519	 11.573851384730993681	 16.027111905525911606	 20.540534610843813209	 26.152270720674840019	 28.040584593077372369	 28.217618963496683717	 34.707368960119119206	 36.454852603824582164	 49.125132357783269057	 54.492481676794869851	 55.520895724052526949	 56.423011821671499252	 56.828126301208605208	 71.505673064490020821	 73.099611983702876633	 83.365386868917722277	 90.564696669098845874	 91.275252804239863230
1.380000	  0.620170751761674899	  1.000000000000000000	  1.905417068102887968	  2.280141727172047834	  4.571435857669235294	  6.627925522314934485	 10.799483132396156453	 11.820545471351359542	 16.587328266611235666	 21.092032680793292049	 27.140622057316800605	 29.159009106805310618	 29.323078796006351865	 36.431019433176510470	 37.860876673496977093	 51.874106191575352198	 57.067227802083237500	 58.107949245222335198	 58.655558238866460568	 60.155086673592290347	 74.919117620628990342	 77.702438379090920606	 87.970734638905831143	 95.750883702942124864	 96.153745663893600865
1.400000	  0.620302589008986221	  1.000000000000000000	  1.906695115797083685	  2.281479619810194673	  4.610362670612984832	  6.726587118407497694	 11.070614876478576068	 12.077027256132491703	 17.169688653827907421	 21.661520995597220943	 28.170602066239510415	 30.138097596513098733	 30.667607779777654427	 38.245333837152460800	 39.327888544868892108	 54.783294800798001106	 59.772012013502281286	 60.828768022585187326	 60.987618499395205636	 63.683807552802778749	 78.509944145778418165	 82.603094377067521503	 92.848083965073698640	100.464968476038009212	102.104502569056483530
1.420000	  0.620433664698981605	  1.000000000000000000	  1.907956049032183123	  2.282793975804274005	  4.649684490471153329	  6.827591511885162290	 11.346940519887386899	 12.344056965771531322	 17.775070351030051992	 22.249615050456129863	 29.243949795952392957	 31.155364508987534686	 32.078342361186809834	 40.155086426501768494	 40.858604711645755782	 57.862040441444584467	 62.613308203753793402	 63.423131905917876413	 63.691448592064652350	 67.426528635247364798	 82.287646684279608655	 87.820857029699533600	 98.013921245670564908	105.430656595214267246	108.440700159755530008
1.440000	  0.620563974800826268	  1.000000000000000000	  1.909200105382500715	  2.284085311916800976	  4.689412387674635410	  6.930985373974805171	 11.628141765853130095	 12.622432557758451196	 18.404385011960878645	 22.856952408807475417	 30.362453300887997799	 32.212627915789210427	 33.558359341660779707	 42.165302359096172052	 42.455865429946618165	 61.120229973806986492	 65.597844421034016721	 65.968076980932272069	 66.702757802139600193	 71.396232003429710322	 86.262237375456667629	 93.376250884490566317	103.485744799156958451	110.661838928697664627	115.187638585507611116
1.460000	  0.620693515432694788	  1.000000000000000000	  1.910427518235810960	  2.285354129289080521	  4.729557457664754196	  7.036816515179395195	 11.913904474183689176	 12.912962747469124667	 19.058579931664763607	 23.484193582736056812	 31.527942301939481180	 33.311663594326944713	 35.111042701704115711	 44.122635186543666196	 44.281276120657316202	 64.568326612056582137	 68.625861591451799551	 68.733884718680359038	 69.871511717132390867	 75.606687157647433861	 90.444275067244201446	 99.291128721697375387	109.282127601353444071	116.173190170853852868	122.372289255660291876
1.480000	  0.620822282860994835	  1.000000000000000000	  1.911638516914035236	  2.286600914088604955	  4.770130814030638759	  7.145133922600692578	 12.203952949916180231	 13.216433182770894825	 19.738639347728273190	 24.132022966412694629	 32.742275829151482280	 34.454358407052168383	 36.739956776670408704	 45.862026642160889634	 46.508567433272735996	 68.217403522972805616	 71.404485469348083951	 72.026323278591501700	 73.206372563493903122	 80.072498779241406269	 94.844895523879724372	105.588757516758127569	115.422783924037506267	121.980213725822520449
1.500000	  0.620950273499590877	  1.000000000000000000	  1.912833326789436763	  2.287826138123405469	  4.811143583213568844	  7.255987795717273546	 12.498085746286235395	 13.533571119169279983	 20.445585766460992624	 24.801149830584261967	 34.007322343625850360	 35.642746817850996490	 38.448844477622215472	 47.677278734335654751	 48.853044012457748239	 72.079179379793939006	 74.307473226474323652	 75.485134892247333097	 76.716521683414121036	 84.809157391070916374	 99.475843317028641646	112.293909965977690896	121.928640118911669227	128.099289188213192686
1.520000	  0.621077483909027094	  1.000000000000000000	  1.914012169396452544	  2.289030259425213272	  4.852606900618244722	  7.369429580863276078	 12.796205610099812077	 13.865015967868043788	 21.180481306981676576	 25.492309388418507575	 35.324928346149045290	 36.879051264598273166	 40.241633861657755265	 49.571785494708622298	 51.320874669400852585	 76.166055980767441810	 77.341206734786457022	 79.118137673344484675	 80.411623909308512836	 89.833093090944261594	104.349505494739848127	119.432961935492804775	128.821909806136578575
1.540000	  0.621203910795748359	  1.000000000000000000	  1.915175262539292377	  2.290213722803181395	  4.894531907979016284	  7.485512004634658330	 13.098336739209673436	 14.211302547508132217	 21.944429053179282548	 26.206263946139528686	 36.696869217881073404	 38.165739197010084820	 42.122446529498968580	 51.549094331345780357	 53.918554061964849140	 80.491158039718138262	 80.511870366201561705	 82.934103410088017214	 84.301834631350460070	 95.161732544395476949	109.478947127944396964	127.033996216828273515
1.560000	  0.621329551011318291	  1.000000000000000000	  1.916322820395435740	  2.291376960369818643	  4.936929751838405379	  7.604289106431722844	 13.404625915108125846	 14.572860477054488565	 22.738574399304657774	 26.943804156242632149	 38.124772789917606926	 39.505607322227628397	 44.095606844845279575	 53.612914184796240921	 56.652918742734727733	 83.825925825069804984	 85.068375240189739173	 86.942334165144205566	 88.397814423624498939	100.813559434504915677	114.877948839824441205
1.580000	  0.621454401551633267	  1.000000000000000000	  1.917455053615157420	  2.292520392040692832	  4.979811583005299655	  7.725816270329341513	 13.715328823768891669	 14.950028397193277444	 23.564106368965471614	 27.705750397203077993	 39.610002251561593063	 40.901906708857138154	 46.165651750215478032	 55.767123026339330522	 59.531165095628446025	 87.290143305877013966	 89.912406464009823712	 91.152679608578854195	 92.710750414744318548	106.808178578453966831	120.561046429311738717
1.600000	  0.621578459556131222	  1.000000000000000000	  1.918572169417212508	  2.293644426009371000	  5.023188556870598313	  7.850150256449844901	 14.030786647082368355	 15.343077938406839814	 24.422258878704645889	 28.492954312332263309	 41.153483105359528176	 42.358524132887641379	 48.337341124674458762	 58.015775656669137439	 62.560868265935198188	 90.911619718745269259	 95.038804177369276605	 95.575566177022412181	 97.252384916225899827	113.166383933224057146	126.543572706242405917
1.620000	  0.621701722306994076	  1.000000000000000000	  1.919674371680810583	  2.294749459198979617	  5.067071834468545405	  7.977349231998009800	 14.351399285176003807	 15.752241075963411933	 25.314311904842446718	 29.306300553086393441	 42.755468555347179303	 43.880225323025957091	 50.615668677977806306	 60.363111860432134375	 65.750002094803558561	 94.697795641264664271	100.221974517309115132	100.464070906709078232	102.035051610269645553	119.910230726341401647
1.640000	  0.621824187228342585	  1.000000000000000000	  1.920761861034007801	  2.295835877691687793	  5.111472584182260676	  8.107472802103055122	 14.677600488529440366	 16.177735593458729588	 26.241592493811897385	 30.146708790739712429	 44.415284383311665881	 45.472919078846759947	 53.005873393138786469	 62.813564939690001064	 69.106960105069353828	 98.656472566575028796	105.103635523407014846	106.205531761176361155	107.071723831755827694	127.063111961878552503
1.660000	  0.621945851885422345	  1.000000000000000000	  1.921834834938644184	  2.296904057137340828	  5.156401984001897407	  8.240582040599074436	 15.009837952583729919	 16.619785602775695868	 27.205475528542829425	 31.015136088170733520	 46.131219027751632994	 47.143776569501165366	 55.513451536934881939	 65.371770646041958128	 72.640577592393864734	102.795830836568210201	110.232775842320959617	112.281260091173765533	112.376466981349301608
1.680000	  0.622066713983779831	  1.000000000000000000	  1.922893487771951573	  2.297954363142400051	  5.201871224253297508	  8.376739520862904917	 15.348559287037053193	 17.078636208854490623	 28.207384121198986426	 31.912579765928697030	 47.900908363754429946	 48.900856335061774056	 58.144169261761186971	 68.042576531328283845	 76.360154879482713811	107.124448401329813260	115.622369011087142113	117.962123023248199136	118.712272439030718824
1.700000	  0.622186771368427159	  1.000000000000000000	  1.923938010904955847	  2.298987151640277517	  5.247891510723893192	  8.516009346817048194	 15.694203351967784602	 17.554562827737006851	 29.248789436798482670	 32.840080962695662414	 49.722516401017753485	 50.751933792950969727	 60.904075824632733789	 70.831051737798090634	 80.275481794457936455	111.651320484362976806	121.286071968253765019	123.845524355486025087	125.517516106801624798
1.720000	  0.622306022022994407	  1.000000000000000000	  1.924968592777794633	  2.300002769244090580	  5.294474068120872161	  8.658457184194892560	 16.047195808613776162	 18.047876310681952488	 30.331209647637133290	 33.798729195050992172	 51.596285824204361638	 52.702961345007798166	 63.799517450822733899	 73.742497249906613740	 84.396863437755838613	116.385880214442498759	127.238266070158882015
1.740000	  0.622424464068868299	  1.000000000000000000	  1.925985418972069433	  2.301001553582801505	  5.341630143804255275	  8.804150292156099837	 16.407947633260861444	 18.558925126543883734	 31.456207548089597509	 34.789668391976930499	 53.525228319825938785	 54.757389161164441778	 66.837151870895777611	 76.782456631445032386	 88.735147305343425247	121.338020279513457755
1.760000	  0.622542095764316098	  1.000000000000000000	  1.926988672280348474	  2.301983833621650839	  5.389371011744528484	  8.953157555331566103	 16.776855521771750067	 19.088095675552901608	 32.625386074697167754	 35.814105164404569797	 55.514398545121280613	 56.916902805058400005	 70.023963560844002890	 79.956727273536703157	 93.301751839627517005	126.518115657299904789
1.780000	  0.622658915503593564	  1.000000000000000000	  1.927978532772933847	  2.302949929967740172	  5.437707976660835451	  9.105549516369789146	 17.154303379439111172	 19.635811540501347337	 33.840380486979752588	 36.873320559772682668	 57.569617881878913622	 59.182711580173693437	 73.367279715638708440	 83.271372181248884042	 98.108696483193038998
1.800000	  0.622774921816035898	  1.000000000000000000	  1.928955177862003751	  2.303900155161569888	  5.486652378301496243	  9.261398409049719231	 17.540664344494006771	 20.202532227719319642	 35.102845095994631000	 37.968687420196497787	 59.696603205218004513	 61.556432388884057345	 76.874786986663117980	 86.732732329315818429	103.168633314464061948
1.820000	  0.622890113365130618	  1.000000000000000000	  1.929918782363237652	  2.304834813955290457	  5.536215595833800480	  9.420778192019173307	 17.936302994964581938	 20.788751748880583428	 36.414430833174725257	 39.101697057551008083	 61.900660278538712934	 64.040409516489354536	 80.554549012992848075	 90.347439620974109492	108.494880348544902648
1.840000	  0.623004488947571355	  1.000000000000000000	  1.930869518555029249	  2.305754203578381548	  5.586409052314665428	  9.583764583212596684	 18.341577532759578438	 21.394997250524940891	 37.776746913476062225	 40.274001997502532787	 64.186695072193809722	 66.637717066973536854	 84.415024775006535729	 94.122430488524878894	114.101456590880499464
1.860000	  0.623118047492291661	  1.000000000000000000	  1.931807556235389059	  2.306658613991431595	  5.637244219217888479	  9.750435094997301228	 18.756841834937491307	 22.021827802121741001	 39.191293823848148695	 41.487487567772967874	 66.559328284302418814	 69.352058797378376968	 88.465087795804012757	 98.064960180508814649	120.003118935987128077
1.880000	  0.623230788059477884	  1.000000000000000000	  1.932733062776635370	  2.307548328128651296	  5.688732620997398408	  9.920869070093238596	 19.182447322527321347	 22.669833393119653123	 40.659342445635709810	 42.744397528570264595	 69.023015200043823007	 72.187663240859940926	 92.714046210515553670	102.182617789188982818	126.215401008358489021
1.900000	  0.623342709839560338	  1.000000000000000000	  1.933646203177969221	  2.308423622129717694	  5.740885839669159806	 10.095147718307826915	 19.618744633152298204	 23.339634153568746841	 42.181707593807359499	 44.047565469084802775	 71.582142377488282153	 75.149202657919904016	 97.171663714376172324	106.483342084819248341
1.920000	  0.623453812152181968	  1.000000000000000000	  1.934547140116025914	  2.309284765561510870	  5.793715519397248495	 10.273354154124288332	 20.066085103637571125	 24.031879792998420992	 43.758306736935150619	 45.400861213185984347	 74.241099371236683853	 78.241737633287826978	101.848181385017825806	110.975438242338790645
1.940000	  0.623564094445143823	  1.000000000000000000	  1.935436033993492554	  2.310132021630272749	  5.847233371072129300	 10.455573435179325838	 20.524822078783169462	 24.747249242262358938	 45.387275785664521630	 46.810080353911015263	 77.004330820139066473	 81.470682022187038224	106.754340348676303452	115.667595575808329580
1.960000	  0.623673556293326715	  1.000000000000000000	  1.936313042985877899	  2.310965647384686934	  5.901451176871366033	 10.641892601663726321	 20.995312066564889349	 25.486450479009118968	 47.063233351620373548	 48.284685522415411858	 79.876374628298072327	 84.841782548092942118	111.901405216620170188	120.568906443399113851
1.980000	  0.623782197397588532	  1.000000000000000000	  1.937178323086517833	  2.311785893910349702	  5.956380794794909711	 10.832400716677582756	 21.477915760749736065	 26.250220516742660907	 48.774472771631870602	 49.840620104412680827	 82.861890711835285525	 88.361108612192239040	117.301188143754200915	125.688886564403314250
2.000000	  0.623890017583636638	  1.000000000000000000	  1.938032028149896693	  2.312593006516075331	  6.012034163168774965	 11.027188907570244593	 21.972998950860297506	 27.039325538519940584	 50.501720664407271293	 51.501555645188096276	 85.965683462822977498	 92.035049197260097642	122.966073230793325841
2.020000	  0.623997016800875081	  1.000000000000000000	  1.938874309933361700	  2.313387224912453484	  6.068423305112354252	 11.226350408293798359	 22.480933337538122785	 27.854561158248526451	 52.227521503146255369	 53.289513468233388103	 89.192720066314844618	 95.870314765638353555	128.909040754915175817
2.040000	  0.624103195121226170	  1.000000000000000000	  1.939705318137304776	  2.314168783383052532	  6.125560332965860310	 11.429980602797819763	 23.002097269182728883	 28.696752794753142829	 53.953169140140243443	 55.207939580316497799	 92.548146100768934816	 99.873942758201863262
2.060000	  0.624208552737926207	  1.000000000000000000	  1.940525200443883181	  2.314937910948640269	  6.183457452675452333	 11.638177069492296860	 23.536876413576920130	 29.566756145979494518	 55.695611371729187345	 57.244806783825752574	 96.037299380821800385	104.053305774167319464
2.080000	  0.624313089964295196	  1.000000000000000000	  1.941334102554347431	  2.315694831524772373	  6.242126968134511595	 11.851039626804976431	 24.085664376200098489	 30.465457752747293885	 57.471789095161010051	 59.388282454406586968	 99.665722690944865005	108.416121823732184898
2.100000	  0.624416807232480400	  1.000000000000000000	  1.942132168225042407	  2.316439764073079181	  6.301581285480306475	 12.068670379858911129	 24.648863275143092822	 31.393775643288205322	 59.293221215378399798	 61.632150835800712720	103.439175854431904891	112.970466251394182036
2.120000	  0.624519705092173735	  1.000000000000000000	  1.942919539302144571	  2.317172922746562685	  6.361832917345941888	 12.291173768295662807	 25.226884280986913541	 32.352660051392308299	 61.167334241081570072	 63.974490922858386358	107.363647447400584641	117.724785064427069352
2.140000	  0.624621784209303028	  1.000000000000000000	  1.943696355755195758	  2.317894517029198154	  6.422894487068039084	 12.518656615269431328	 25.820148128684766498	 33.343094202347676437	 63.099283262707202832	 66.415863250802388666	111.445366377819438553	122.687909492601381761
2.160000	  0.624723045364697256	  1.000000000000000000	  1.944462755709491366	  2.318604751870118356	  6.484778732851052071	 12.751228177637311864	 26.429085607370730428	 34.366095162012720892	 65.093044583557253112	 68.958225330643936002	115.690813489368553565	127.869071667468986134
2.180000	  0.624823489452725960	  1.000000000000000000	  1.945218875477378169	  2.319303827812642842	  6.547498511889508346	 12.989000197370924089	 27.054138033084390445	 35.422714745335417266	 67.151988074228115999	 71.604367672165084586	120.106733309150909533
2.200000	  0.624923117479913049	  1.000000000000000000	  1.945964849588514741	  2.319991941118400197	  6.611066804449774835	 13.232086954214791552	 27.695757708622755962	 36.514040481453137587	 69.279175711422077713	 74.357623945398656551	124.700146030395373875
2.220000	  0.625021930563525372	  1.000000000000000000	  1.946700810819144863	  2.320669283886777515	  6.675496717913204147	 13.480605319617068386	 28.354408374085018544	 37.641196633195540874	 71.477522830906385351	 77.221718763318565902	129.478359802104947301
2.240000	  0.625119929930136414	  1.000000000000000000	  1.947426890220432208	  2.321336044169918433	  6.740801490782719641	 13.734674811958504068	 29.030565651140773649	 38.805345269392231274	 73.749889444044550629	 80.200685749277453043
2.260000	  0.625217116914165509	  1.000000000000000000	  1.948143217145902196	  2.321992406083479003	  6.806994496655057642	 13.994417653105897113	 29.724717483609749706	 40.007687388875206810	 76.099134671896378333	 83.298822848658723904
2.280000	  0.625313492956393212	  1.000000000000000000	  1.948849919278034982	  2.322638549913339219	  6.874089248161007604	 14.259958826316708327	 30.437364576575137083	 41.249464095479261481	 78.528150966943970644	 86.520668228670871598
2.300000	  0.625409059602453253	  1.000000000000000000	  1.949547122654051230	  2.323274652218457375	  6.942099400876081818	 14.531426135521977247	 31.169020835950087751	 42.531957823694717565	 81.039886844052281475	 89.870988059202414906
2.320000	  0.625503818501301783	  1.000000000000000000	  1.950234951690930511	  2.323900885930044283	  7.011038757204109851	 14.808950266015206521	 31.920213810166871947	 43.856493614927193291	 83.637362861367304773	 93.354771449124081373
2.340000	  0.625597771403664559	  1.000000000000000000	  1.950913529209700157	  2.324517420447224896	  7.080921270236294085	 15.092664846575443353	 32.691485135451430980	 45.224440444577705227	 86.323683524395729220	 96.977229880468758416
2.360000	  0.625690920160462774	  1.000000000000000000	  1.951582976459030569	  2.325124421729345981	  7.151761047588284389	 15.382706513053391066	 33.483390985975148308	 46.637212600380822568	 89.102046673278462834	100.743799596758499187
2.380000	  0.625783266721218356	  1.000000000000000000	  1.952243413138171200	  2.325722052385079996	  7.223572355217835948	 15.679214973450023474	 34.296502530034397388	 48.096271112635063692	 91.975751292973015119	104.660146022676191602
2.400000	  0.625874813132439454	  1.000000000000000000	  1.952894957419259712	  2.326310471758467471	  7.296369621225606888	 15.982333074517847604	 35.131406393291736728	 49.603125237133385769	 94.948204329290978108	108.732169649703640853
2.420000	  0.625965561535987072	  1.000000000000000000	  1.953537725969035171	  2.326889836012032694	  7.370167439641634173	 16.292206869915663520	 35.988705130016339154	 51.159333991756695020	 98.022926882486306852	112.966013034279190913
2.440000	  0.626055514167423669	  1.000000000000000000	  1.954171833969984573	  2.327460298207100436	  7.444980574199999247	 16.608985689948401599	 36.869017703181936486	 52.766507747833282928	101.203560021644850514	117.368068684180525837
2.460000	  0.626144673354344671	  1.000000000000000000	  1.954797395140950464	  2.328022008381434907	  7.520823962104160807	 16.932822212924375898	 37.772979974215415505	 54.426309877494851514	104.493870383124472220	121.944987689574126224
2.480000	  0.626233041514693851	  1.000000000000000000	  1.955414521757226000	  2.328575113624315778	  7.597712717785392543	 17.263872538163075428	 38.701245203135897711	 56.140458458377708418	107.897755665368247031	126.703689006862952673
2.500000	  0.626320621155063562	  1.000000000000000000	  1.956023324670162373	  2.329119758149160305	  7.675662136656719739	 17.602296260687422485	 39.654484559780765099	 57.910728037127764352	111.419250099350378380
2.520000	  0.626407414868980828	  1.000000000000000000	  1.956623913326312244	  2.329656083363794994	  7.754687698864701621	 17.948256547635257113	 40.633387646780081384	 59.738951453271793620	115.062529952068016773
2.540000	  0.626493425335180326	  1.000000000000000000	  1.957216395786131519	  2.330184227938474994	  7.834805073041357031	 18.301920216425659058	 41.638663034912901766	 61.627021725116391732	118.831919105830590373
2.560000	  0.626578655315865303	  1.000000000000000000	  1.957800878742260637	  2.330704327871744517	  7.916030120058480268	 18.663457814716592055	 42.671038811456987929	 63.576893999431331253	122.731894746125325298
2.580000	  0.626663107654957503	  1.000000000000000000	  1.958377467537405351	  2.331216516554226850	  7.998378896786542387	 19.033043702191250074	 43.731263142126556923	 65.590587566766542268	126.767093183977750989
2.600000	  0.626746785276337191	  1.000000000000000000	  1.958946266181835901	  2.331720924830428204	  8.081867659860321497	 19.410856134211400326	 44.820104847180151357	 67.670187944342543022
2.620000	  0.626829691182074298	  1.000000000000000000	  1.959507377370522439	  2.332217681058635392	  8.166512869453354003	 19.797077347376953751	 45.938353992271910416	 69.817849028543513747
2.640000	  0.626911828450651897	  1.000000000000000000	  1.960060902499923550	  2.332706911168983522	  8.252331193063247850	 20.191893647031949804	 47.086822494613932273	 72.035795319130933229
2.660000	  0.626993200235183016	  1.000000000000000000	  1.960606941684443778	  2.333188738719766067	  8.339339509309848730	 20.595495496758118966	 48.266344745014623255	 74.326324217384295651
2.680000	  0.627073809761621927	  1.000000000000000000	  1.961145593772575151	  2.333663284952056268	  8.427554911748201392	 21.008077609898183409	 49.477778246357570009	 76.691808400464334033
2.700000	  0.627153660326971016	  1.000000000000000000	  1.961676956362736857	  2.334130668842705458	  8.516994712698200708	 21.429839043152073863	 50.722004269087251134	 79.134698274383784927
2.720000	  0.627232755297484332	  1.000000000000000000	  1.962201125818826429	  2.334591007155780801	  8.607676447092781134	 21.860983292290279170	 51.999928524271574505	 81.657524508061374580
2.740000	  0.627311098106868909	  1.000000000000000000	  1.962718197285494891	  2.335044414492501955	  8.699617876346448972	 22.301718390029604539	 53.312481854816578569	 84.262900651026693952
2.760000	  0.627388692254484957	  1.000000000000000000	  1.963228264703157879	  2.335491003339733398	  8.792836992245919181	 22.752257006117695460	 54.660620945415495053	 86.953525837437228858
2.780000	  0.627465541303545992	  1.000000000000000000	  1.963731420822753634	  2.335930884117086524	  8.887352020864577796	 23.212816549673786909	 56.045329051822591976	 89.732187579164268125
2.800000	  0.627541648879319993	  1.000000000000000000	  1.964227757220258562	  2.336364165222683008	  8.983181426502452029	 23.683619273834262450	 57.467616750051677414	 92.601764650801953460
2.820000	  0.627617018667332618	  1.000000000000000000	  1.964717364310970013	  2.336790953077628759	  9.080343915653333131	 24.164892382752755258	 58.928522706109744318	 95.565230069553566201
2.840000	  0.627691654411573544	  1.000000000000000000	  1.965200331363565705	  2.337211352169245323	  9.178858441000661835	 24.656868141005693792	 60.429114466887891191	 98.625654173051465035
2.860000	  0.627765559912706957	  1.000000000000000000	  1.965676746513948344	  2.337625465093103656	  9.278744205443753013	 25.159783985455389042	 61.970489272844291342	101.786207798272077700
2.880000	  0.627838739026287162	  1.000000000000000000	  1.966146696778883756	  2.338033392593903028	  9.380020666155904567	 25.673882639623978642	 63.553774893127547459	105.050165564815184562
2.900000	  0.627911195660980366	  1.000000000000000000	  1.966610268069440047	  2.338435233605236026	  9.482707538675906090	 26.199412230632786236	 65.180130483803211075	108.420909265927581870
2.920000	  0.627982933776793558	  1.000000000000000000	  1.967067545204235170	  2.338831085288278735	  9.586824801034434879	 26.736626408762922824	 66.850747469861528806	111.901931370765240624
2.940000	  0.628053957383311432	  1.000000000000000000	  1.967518611922499514	  2.339221043069443494	  9.692392697916800898	 27.285784469694251057	 68.566850451700568851	115.496838641505443317
2.960000	  0.628124270537942310	  1.000000000000000000	  1.967963550896959941	  2.339605200677030013	  9.799431744863477831	 27.847151479481154230	 70.329698136795757088	119.209355869041244869
2.980000	  0.628193877344173930	  1.000000000000000000	  1.968402443746551195	  2.339983650176909033	  9.907962732509834763	 28.420998402324899587	 72.140584297284493946	123.043329731115119299
3.000000	  0.628262781949839995	  1.000000000000000000	  1.968835371048960270	  2.340356482007271336	 10.018006730866461861	 29.007602231203761340	 74.000838754212916785	127.002732776876979065
3.020000	  0.628330988545398329	  1.000000000000000000	  1.969262412353008964	  2.340723785012473432	 10.129585093641464017	 29.607246121423472970	 75.911828389211008318
3.040000	  0.628398501362221456	  1.000000000000000000	  1.969683646190879524	  2.341085646476009970	 10.242719462606078373	 30.220219527152011872	 77.874958184382124145
3.060000	  0.628465324670900415	  1.000000000000000000	  1.970099150090188002	  2.341442152152641702	 10.357431772004955167	 30.846818341004182688	 79.891672291213618247
3.080000	  0.628531462779562553	  1.000000000000000000	  1.970509000585909547	  2.341793386299706525	 10.473744253012426285	 31.487345036742959698	 81.963455129336585940
3.100000	  0.628596920032204067	  1.000000000000000000	  1.970913273232159813	  2.342139431707640136	 10.591679438236072168	 32.142108815166074005	 84.091832515984820576
3.120000	  0.628661700807037977	  1.000000000000000000	  1.971312042613836111	  2.342480369729731632	 10.711260166268885355	 32.811425753247888751	 86.278372827025899876
3.140000	  0.628725809514858262	  1.000000000000000000	  1.971705382358121951	  2.342816280311138430	 10.832509586291317850	 33.495618956608196201	 88.524688190460886397
3.160000	  0.628789250597420716	  1.000000000000000000	  1.972093365145858264	  2.343147242017183889	 10.955451162724489632	 34.195018715381194543	 90.832435713313453701
3.180000	  0.628852028525841280	  1.000000000000000000	  1.972476062722784371	  2.343473332060960089	 11.080108679935826917	 34.909962663559561267	 93.203318742854346160
3.200000	  0.628914147799012340	  1.000000000000000000	  1.972853545910651717	  2.343794626330257305	 11.206506246998391274	 35.640795941890233901	 95.639088163132958076
3.220000	  0.628975612942037605	  1.000000000000000000	  1.973225884618212997	  2.344111199413840942	 11.334668302505154223	 36.387871364400239473	 98.141543727814491385
3.240000	  0.629036428504686086	  1.000000000000000000	  1.973593147852089298	  2.344423124627095821	 11.464619619439466562	 37.151549588632681361	100.712535430348634306
3.260000	  0.629096599059865698	  1.000000000000000000	  1.973955403727517648	  2.344730474037056966	 11.596385310102967316	 37.932199289674797822	103.353964912524014554
3.280000	  0.629156129202116945	  1.000000000000000000	  1.974312719478981226	  2.345033318486845344	 11.729990831102173779	 38.730197338061850693	106.067786912491835077
3.300000	  0.629215023546127155	  1.000000000000000000	  1.974665161470724349	  2.345331727619526255	 11.865461988394991701	 39.545928981642486981	108.856010753372119126
3.320000	  0.629273286725265665	  1.000000000000000000	  1.975012795207154260	  2.345625769901407456	 12.002824942398383144	 40.379788031493140901	111.720701873586891938
3.340000	  0.629330923390140374	  1.000000000000000000	  1.975355685343131489	  2.345915512644793434	 12.142106213158428813	 41.232177051971010479	114.663983400096432030
3.360000	  0.629387938207176003	  1.000000000000000000	  1.975693895694150713	  2.346201022030211659	 12.283332685584021943	 42.103507554997152026	117.688037765747455211
3.380000	  0.629444335857214418	  1.000000000000000000	  1.976027489246413626	  2.346482363128126066	 12.426531614745431738	 42.994200198663288830	120.795108371975774310
3.400000	  0.629500121034137306	  1.000000000000000000	  1.976356528166795419	  2.346759599920152436	 12.571730631238976204	 43.904684990258027781	123.987501298140628987
3.420000	  0.629555298443511508	  1.000000000000000000	  1.976681073812706415	  2.347032795319789875	 12.718957746619046731	 44.835401493810321034	127.267587058803529391
3.440000	  0.629609872801257243	  1.000000000000000000	  1.977001186741850183	  2.347302011192682013	 12.868241358898730079	 45.786799042250199882
3.460000	  0.629663848832339467	  1.000000000000000000	  1.977316926721879427	  2.347567308376421142	 13.019610258120277400	 46.759336954289045841
3.480000	  0.629717231269482584	  1.000000000000000000	  1.977628352739951006	  2.347828746699907949	 13.173093631996674626	 47.753484756123950827
3.500000	  0.629770024851908622	  1.000000000000000000	  1.977935523012181163	  2.348086385002279180	 13.328721071625573873	 48.769722408073055253
3.520000	  0.629822234324099142	  1.000000000000000000	  1.978238494993002142	  2.348340281151415043	 13.486522577276851526	 49.808540536251140949
3.540000	  0.629873864434580906	  1.000000000000000000	  1.978537325384421261	  2.348590492062037793	 13.646528564255065252	 50.870440669397196397
3.560000	  0.629924919934735475	  1.000000000000000000	  1.978832070145183454	  2.348837073713412584	 13.808769868838089469	 51.955935480968165895
3.580000	  0.629975405577632794	  1.000000000000000000	  1.979122784499838267	  2.349080081166661235	 13.973277754293216540	 53.065549036615643132
3.600000	  0.630025326116888840	  1.000000000000000000	  1.979409522947712241	  2.349319568581699264	 14.140083916972019414	 54.199817047164874705
3.620000	  0.630074686305547395	  1.000000000000000000	  1.979692339271787580	  2.349555589233806154	 14.309220492485280365	 55.359287127218101417
3.640000	  0.630123490894985890	  1.000000000000000000	  1.979971286547487989	  2.349788195529838513	 14.480720061959299960	 56.544519059506986081
3.660000	  0.630171744633845455	  1.000000000000000000	  1.980246417151372441	  2.350017439024095482	 14.654615658374910448	 57.756085065121657490
3.680000	  0.630219452266985025	  1.000000000000000000	  1.980517782769737800	  2.350243370433845404	 14.830940772990528301	 58.994570079746742441
3.700000	  0.630266618534459553	  1.000000000000000000	  1.980785434407130955	  2.350466039654522517	 15.009729361850591685	 60.260572036037662588
3.720000	  0.630313248170522237	  1.000000000000000000	  1.981049422394771300	  2.350685495774602143	 15.191015852380740229	 61.554702152273441829
3.740000	  0.630359345902650715	  1.000000000000000000	  1.981309796398884243	  2.350901787090162563	 15.374835150071106492	 62.877585227425304690
3.760000	  0.630404916450597121	  1.000000000000000000	  1.981566605428946505	  2.351114961119141533	 15.561222645249101050	 64.229859942783447568
3.780000	  0.630449964525461915	  1.000000000000000000	  1.981819897845843860	  2.351325064615295125	 15.750214219943086154	 65.612179170287535025
3.800000	  0.630494494828791366	  1.000000000000000000	  1.982069721369942035	  2.351532143581866359	 15.941846254838346358	 67.025210287709713224
3.820000	  0.630538512051698551	  1.000000000000000000	  1.982316123089071415	  2.351736243284970855	 16.136155636326778427	 68.469635500842245153
3.840000	  0.630582020874007731	  1.000000000000000000	  1.982559149466426217	  2.351937408266706510	 16.333179763651737244	 69.946152172845256406
3.860000	  0.630625025963421939	  1.000000000000000000	  1.982798846348378790	  2.352135682357993999	 16.532956556149489223	 71.455473160913541307
3.880000	  0.630667531974713614	  1.000000000000000000	  1.983035258972209656	  2.352331108691154689	 16.735524460588739982	 72.998327160424915268
3.900000	  0.630709543548938113	  1.000000000000000000	  1.983268431973753932	  2.352523729712232361	 16.940922458609718772	 74.575459056736214170
3.920000	  0.630751065312669843	  1.000000000000000000	  1.983498409394964768	  2.352713587193064957	 17.149190074264318221	 76.187630284796736942
3.940000	  0.630792101877260901	  1.000000000000000000	  1.983725234691394386	  2.352900722243112351	 17.360367381658804506	 77.835619196752703734
3.960000	  0.630832657838121939	  1.000000000000000000	  1.983948950739593366	  2.353085175321046023	 17.574495012700630083	 79.520221437720163216
3.980000	  0.630872737774025050	  1.000000000000000000	  1.984169599844428731	  2.353266986246106284	 17.791614164950898402	 81.242250329907728011
