# Length=89 omega=0.2
#
# Totient function bessel-like functions
#
# Energy  discontinuity b0	b1	b2	b3	b4	b5
0	0.365147	0.859391	0.494244	0.129096	0.0221417	0.00375392	0.000381834
0.004	0.358785	0.858246	0.496028	0.129842	0.0223011	0.00378613	0.000385432
0.008	0.352407	0.857087	0.497823	0.130594	0.0224619	0.00381869	0.000389072
0.012	0.346015	0.855915	0.499629	0.131351	0.0226243	0.00385159	0.000392754
0.016	0.339608	0.85473	0.501446	0.132115	0.0227882	0.00388484	0.000396477
0.02	0.333186	0.853531	0.503274	0.132886	0.0229537	0.00391845	0.000400244
0.024	0.326749	0.852318	0.505113	0.133662	0.0231208	0.00395242	0.000404053
0.028	0.320297	0.85109	0.506963	0.134445	0.0232894	0.00398676	0.000407907
0.032	0.31383	0.849849	0.508824	0.135235	0.0234596	0.00402146	0.000411805
0.036	0.307347	0.848593	0.510697	0.136031	0.0236314	0.00405654	0.000415747
0.04	0.300848	0.847322	0.512581	0.136833	0.0238049	0.004092	0.000419736
0.044	0.294334	0.846036	0.514476	0.137642	0.02398	0.00412784	0.00042377
0.048	0.287805	0.844735	0.516383	0.138458	0.0241568	0.00416407	0.000427852
0.052	0.28126	0.843419	0.518301	0.13928	0.0243353	0.0042007	0.00043198
0.056	0.274699	0.842087	0.520231	0.14011	0.0245155	0.00423772	0.000436157
0.06	0.268122	0.840739	0.522173	0.140946	0.0246975	0.00427514	0.000440382
0.064	0.261529	0.839375	0.524126	0.141789	0.0248811	0.00431297	0.000444656
0.068	0.25492	0.837995	0.526091	0.142639	0.0250666	0.00435122	0.000448981
0.072	0.248295	0.836598	0.528068	0.143496	0.0252538	0.00438988	0.000453355
0.076	0.241654	0.835184	0.530057	0.144361	0.0254428	0.00442897	0.000457781
0.08	0.234996	0.833754	0.532057	0.145232	0.0256337	0.00446848	0.000462259
0.084	0.228322	0.832306	0.53407	0.146111	0.0258263	0.00450842	0.00046679
0.088	0.221632	0.830841	0.536095	0.146997	0.0260209	0.00454881	0.000471373
0.092	0.214925	0.829357	0.538132	0.14789	0.0262173	0.00458964	0.000476011
0.096	0.208201	0.827856	0.540181	0.148791	0.0264156	0.00463091	0.000480703
0.1	0.201461	0.826337	0.542242	0.1497	0.0266159	0.00467265	0.00048545
0.104	0.194704	0.824799	0.544316	0.150616	0.0268181	0.00471484	0.000490254
0.108	0.18793	0.823242	0.546402	0.151539	0.0270223	0.0047575	0.000495114
0.112	0.181139	0.821666	0.5485	0.152471	0.0272284	0.00480063	0.000500031
0.116	0.174331	0.820071	0.550611	0.15341	0.0274365	0.00484423	0.000505007
0.12	0.167507	0.818456	0.552734	0.154357	0.0276467	0.00488832	0.000510042
0.124	0.160665	0.816821	0.55487	0.155312	0.0278589	0.0049329	0.000515137
0.128	0.153806	0.815166	0.557019	0.156275	0.0280732	0.00497798	0.000520292
0.132	0.14693	0.81349	0.55918	0.157245	0.0282896	0.00502355	0.000525509
0.136	0.140037	0.811794	0.561353	0.158225	0.0285081	0.00506963	0.000530787
0.14	0.133126	0.810076	0.563539	0.159212	0.0287287	0.00511623	0.000536129
0.144	0.126198	0.808337	0.565738	0.160207	0.0289515	0.00516334	0.000541534
0.148	0.119252	0.806576	0.56795	0.161211	0.0291764	0.00521098	0.000547004
0.152	0.11229	0.804793	0.570175	0.162224	0.0294036	0.00525915	0.000552539
0.156	0.105309	0.802987	0.572412	0.163244	0.0296329	0.00530786	0.000558141
0.16	0.0983113	0.801159	0.574662	0.164274	0.0298646	0.00535711	0.000563809
0.164	0.0912959	0.799308	0.576926	0.165312	0.0300985	0.00540691	0.000569546
0.168	0.0842629	0.797433	0.579202	0.166358	0.0303346	0.00545727	0.000575351
0.172	0.0772123	0.795535	0.581491	0.167414	0.0305731	0.0055082	0.000581226
0.176	0.0701441	0.793612	0.583793	0.168478	0.030814	0.00555969	0.000587172
0.18	0.0630583	0.791665	0.586107	0.169551	0.0310572	0.00561177	0.000593189
0.184	0.0559547	0.789694	0.588435	0.170633	0.0313028	0.00566442	0.000599278
0.188	0.0488336	0.787697	0.590776	0.171724	0.0315508	0.00571767	0.000605441
0.192	0.0416947	0.785674	0.59313	0.172824	0.0318012	0.00577152	0.000611677
0.196	0.0345383	0.783626	0.595497	0.173933	0.0320541	0.00582597	0.000617989
0.2	0.0273641	0.781551	0.597877	0.175052	0.0323094	0.00588103	0.000624378
0.204	0.0201723	0.779449	0.600269	0.176179	0.0325673	0.00593672	0.000630843
0.208	0.0129629	0.777321	0.602675	0.177317	0.0328277	0.00599302	0.000637386
0.212	0.00573593	0.775165	0.605094	0.178463	0.0330906	0.00604997	0.000644008
0.216	-0.00150863	0.772981	0.607526	0.179619	0.0333561	0.00610755	0.00065071
0.22	-0.00877072	0.770769	0.60997	0.180785	0.0336242	0.00616578	0.000657493
0.224	-0.0160503	0.768528	0.612428	0.18196	0.033895	0.00622466	0.000664358
0.228	-0.0233473	0.766258	0.614898	0.183145	0.0341684	0.00628421	0.000671306
0.232	-0.0306617	0.763958	0.617381	0.18434	0.0344444	0.00634443	0.000678338
0.236	-0.0379934	0.761628	0.619878	0.185544	0.0347232	0.00640532	0.000685455
0.24	-0.0453423	0.759269	0.622386	0.186759	0.0350047	0.00646691	0.000692658
0.244	-0.0527084	0.756878	0.624908	0.187983	0.0352889	0.00652918	0.000699948
0.248	-0.0600916	0.754456	0.627442	0.189218	0.0355759	0.00659215	0.000707326
0.252	-0.0674918	0.752002	0.629989	0.190462	0.0358657	0.00665583	0.000714794
0.256	-0.0749088	0.749516	0.632549	0.191716	0.0361583	0.00672023	0.000722352
0.26	-0.0823425	0.746997	0.63512	0.192981	0.0364537	0.00678535	0.000730001
0.264	-0.0897929	0.744445	0.637705	0.194256	0.036752	0.0068512	0.000737742
0.268	-0.0972598	0.74186	0.640301	0.195541	0.0370533	0.00691779	0.000745577
0.272	-0.104743	0.739241	0.64291	0.196837	0.0373574	0.00698513	0.000753507
0.276	-0.112243	0.736587	0.645531	0.198143	0.0376644	0.00705322	0.000761532
0.28	-0.119758	0.733898	0.648164	0.199459	0.0379745	0.00712208	0.000769654
0.284	-0.127289	0.731173	0.650809	0.200786	0.0382875	0.0071917	0.000777874
0.288	-0.134836	0.728413	0.653466	0.202123	0.0386035	0.00726211	0.000786194
0.292	-0.142399	0.725615	0.656134	0.203471	0.0389225	0.00733329	0.000794613
0.296	-0.149976	0.722781	0.658814	0.20483	0.0392446	0.00740528	0.000803133
0.3	-0.157569	0.71991	0.661506	0.206199	0.0395698	0.00747806	0.000811756
0.304	-0.165177	0.717	0.664209	0.207579	0.039898	0.00755166	0.000820483
0.308	-0.172799	0.714051	0.666922	0.208969	0.0402294	0.00762607	0.000829314
0.312	-0.180435	0.711064	0.669647	0.210371	0.040564	0.0077013	0.000838252
0.316	-0.188085	0.708037	0.672382	0.211783	0.0409017	0.00777737	0.000847296
0.32	-0.19575	0.704969	0.675129	0.213206	0.0412425	0.00785429	0.000856448
0.324	-0.203427	0.701861	0.677885	0.214639	0.0415866	0.00793205	0.00086571
0.328	-0.211117	0.698711	0.680652	0.216084	0.0419339	0.00801066	0.000875082
0.332	-0.218821	0.69552	0.683428	0.21754	0.0422845	0.00809015	0.000884565
0.336	-0.226536	0.692286	0.686214	0.219006	0.0426383	0.0081705	0.000894162
0.34	-0.234264	0.68901	0.68901	0.220484	0.0429954	0.00825174	0.000903872
0.344	-0.242003	0.68569	0.691815	0.221972	0.0433558	0.00833386	0.000913698
0.348	-0.249753	0.682325	0.694629	0.223471	0.0437195	0.00841687	0.000923639
0.352	-0.257514	0.678916	0.697452	0.224981	0.0440865	0.00850079	0.000933698
0.356	-0.265285	0.675462	0.700283	0.226502	0.0444569	0.00858562	0.000943875
0.36	-0.273067	0.671962	0.703122	0.228034	0.0448307	0.00867137	0.000954172
0.364	-0.280857	0.668416	0.70597	0.229577	0.0452078	0.00875804	0.00096459
0.368	-0.288656	0.664823	0.708824	0.231131	0.0455883	0.00884564	0.00097513
0.372	-0.296464	0.661182	0.711686	0.232696	0.0459723	0.00893418	0.000985792
0.376	-0.304279	0.657493	0.714555	0.234272	0.0463596	0.00902367	0.000996579
0.38	-0.312102	0.653755	0.71743	0.235858	0.0467504	0.00911411	0.00100749
0.384	-0.319931	0.649968	0.720311	0.237455	0.0471447	0.0092055	0.00101853
0.388	-0.327766	0.646131	0.723198	0.239063	0.0475424	0.00929787	0.00102969
0.392	-0.335606	0.642244	0.72609	0.240682	0.0479435	0.0093912	0.00104099
0.396	-0.343451	0.638305	0.728987	0.242312	0.0483481	0.00948551	0.00105241
0.4	-0.3513	0.634315	0.731889	0.243952	0.0487562	0.00958081	0.00106396
0.404	-0.359152	0.630273	0.734795	0.245602	0.0491678	0.0096771	0.00107565
0.408	-0.367006	0.626178	0.737704	0.247263	0.0495829	0.00977438	0.00108747
0.412	-0.365753	0.622029	0.740616	0.248935	0.0500015	0.00987266	0.00109942
0.416	-0.360811	0.617827	0.743531	0.250617	0.0504235	0.00997195	0.0011115
0.42	-0.355871	0.61357	0.746447	0.252309	0.0508491	0.0100722	0.00112372
0.424	-0.350933	0.609258	0.749366	0.254011	0.0512781	0.0101736	0.00113608
0.428	-0.345997	0.60489	0.752285	0.255724	0.0517107	0.0102759	0.00114857
0.432	-0.341065	0.600466	0.755204	0.257446	0.0521467	0.0103793	0.00116121
0.436	-0.336136	0.595985	0.758124	0.259178	0.0525862	0.0104837	0.00117398
0.44	-0.33121	0.591447	0.761042	0.26092	0.0530292	0.0105891	0.00118689
0.444	-0.326289	0.586851	0.763959	0.262672	0.0534756	0.0106955	0.00119994
0.448	-0.321372	0.582196	0.766874	0.264433	0.0539256	0.010803	0.00121313
0.452	-0.316461	0.577483	0.769787	0.266203	0.0543789	0.0109116	0.00122647
0.456	-0.311554	0.57271	0.772696	0.267983	0.0548357	0.0110212	0.00123994
0.46	-0.306654	0.567877	0.7756	0.269772	0.0552959	0.0111318	0.00125356
0.464	-0.301759	0.562983	0.7785	0.271569	0.0557596	0.0112435	0.00126733
0.468	-0.296871	0.558029	0.781395	0.273375	0.0562266	0.0113562	0.00128124
0.472	-0.291991	0.553013	0.784283	0.27519	0.0566969	0.01147	0.00129529
0.476	-0.287118	0.547935	0.787164	0.277013	0.0571706	0.0115848	0.00130949
0.48	-0.282253	0.542795	0.790037	0.278844	0.0576477	0.0117007	0.00132383
0.484	-0.277397	0.537592	0.792901	0.280682	0.058128	0.0118176	0.00133832
0.488	-0.27255	0.532325	0.795756	0.282529	0.0586116	0.0119356	0.00135296
0.492	-0.267714	0.526995	0.7986	0.284383	0.0590984	0.0120547	0.00136775
0.496	-0.262887	0.521601	0.801434	0.286244	0.0595884	0.0121747	0.00138268
0.5	-0.258071	0.516142	0.804255	0.288112	0.0600816	0.0122959	0.00139776
0.504	-0.253267	0.510619	0.807062	0.289987	0.0605779	0.012418	0.00141299
0.508	-0.248475	0.505031	0.809856	0.291868	0.0610773	0.0125413	0.00142836
0.512	-0.243696	0.499377	0.812635	0.293755	0.0615797	0.0126655	0.00144388
0.516	-0.23893	0.493657	0.815398	0.295648	0.0620851	0.0127908	0.00145955
0.52	-0.234179	0.487872	0.818144	0.297547	0.0625935	0.0129171	0.00147537
0.524	-0.229442	0.48202	0.820872	0.29945	0.0631047	0.0130444	0.00149133
0.528	-0.22472	0.476102	0.823581	0.301359	0.0636189	0.0131728	0.00150744
0.532	-0.220015	0.470117	0.826271	0.303272	0.0641358	0.0133022	0.0015237
0.536	-0.215327	0.464066	0.828939	0.305189	0.0646554	0.0134325	0.00154011
0.54	-0.210656	0.457947	0.831584	0.30711	0.0651777	0.0135639	0.00155666
0.544	-0.206003	0.451762	0.834207	0.309035	0.0657026	0.0136962	0.00157335
0.548	-0.20137	0.445509	0.836805	0.310963	0.0662301	0.0138296	0.0015902
0.552	-0.196757	0.43919	0.839378	0.312893	0.06676	0.0139639	0.00160718
0.556	-0.192165	0.432803	0.841924	0.314826	0.0672923	0.0140991	0.00162431
0.56	-0.187594	0.426349	0.844443	0.31676	0.067827	0.0142354	0.00164158
0.564	-0.183045	0.419828	0.846932	0.318696	0.0683639	0.0143725	0.00165899
0.568	-0.17852	0.413241	0.849391	0.320633	0.068903	0.0145106	0.00167655
0.572	-0.174019	0.406586	0.851819	0.322571	0.0694441	0.0146496	0.00169424
0.576	-0.169543	0.399865	0.854214	0.324509	0.0699873	0.0147895	0.00171208
0.58	-0.165092	0.393077	0.856576	0.326447	0.0705324	0.0149303	0.00173005
0.584	-0.160669	0.386223	0.858902	0.328383	0.0710793	0.0150719	0.00174815
0.588	-0.156273	0.379304	0.861193	0.330319	0.071628	0.0152144	0.00176639
0.592	-0.151906	0.372319	0.863445	0.332253	0.0721783	0.0153578	0.00178477
0.596	-0.147568	0.365269	0.865659	0.334184	0.0727301	0.0155019	0.00180328
0.6	-0.143261	0.358154	0.867834	0.336113	0.0732834	0.0156469	0.00182191
0.604	-0.138986	0.350975	0.869966	0.338039	0.073838	0.0157927	0.00184068
0.608	-0.134743	0.343732	0.872057	0.339961	0.0743938	0.0159393	0.00185957
0.612	-0.130533	0.336426	0.874103	0.341878	0.0749508	0.0160865	0.00187859
0.616	-0.126358	0.329058	0.876105	0.343791	0.0755087	0.0162346	0.00189773
0.62	-0.122218	0.321627	0.87806	0.345699	0.0760676	0.0163833	0.00191699
0.624	-0.118115	0.314136	0.879968	0.3476	0.0766273	0.0165328	0.00193637
0.628	-0.114049	0.306584	0.881827	0.349495	0.0771876	0.0166829	0.00195587
0.632	-0.110022	0.298973	0.883636	0.351383	0.0777485	0.0168336	0.00197548
0.636	-0.106034	0.291303	0.885394	0.353264	0.0783098	0.016985	0.00199521
0.64	-0.102087	0.283575	0.887099	0.355136	0.0788714	0.017137	0.00201504
0.644	-0.0981814	0.27579	0.888751	0.357	0.0794333	0.0172895	0.00203499
0.648	-0.0943184	0.26795	0.890347	0.358854	0.0799951	0.0174426	0.00205503
0.652	-0.0904991	0.260055	0.891888	0.360699	0.0805569	0.0175963	0.00207518
0.656	-0.0867245	0.252106	0.893371	0.362533	0.0811186	0.0177504	0.00209543
0.66	-0.0829956	0.244105	0.894796	0.364357	0.0816799	0.0179051	0.00211578
0.664	-0.0793135	0.236052	0.896162	0.366169	0.0822407	0.0180601	0.00213622
0.668	-0.0756792	0.227949	0.897466	0.367968	0.082801	0.0182156	0.00215675
0.672	-0.0720938	0.219798	0.898709	0.369755	0.0833606	0.0183715	0.00217737
0.676	-0.0685582	0.211599	0.899889	0.371529	0.0839193	0.0185278	0.00219808
0.68	-0.0650735	0.203355	0.901006	0.373289	0.084477	0.0186845	0.00221887
0.684	-0.0616407	0.195066	0.902057	0.375035	0.0850337	0.0188414	0.00223974
0.688	-0.0582609	0.186734	0.903043	0.376765	0.0855891	0.0189987	0.00226069
0.692	-0.0549349	0.17836	0.903962	0.378481	0.0861431	0.0191562	0.00228171
0.696	-0.0516638	0.169947	0.904813	0.38018	0.0866957	0.0193139	0.0023028
0.7	-0.0484485	0.161495	0.905596	0.381862	0.0872466	0.0194719	0.00232396
0.704	-0.04529	0.153007	0.906309	0.383528	0.0877957	0.01963	0.00234518
0.708	-0.0421893	0.144484	0.906952	0.385176	0.088343	0.0197883	0.00236646
0.712	-0.0391472	0.135928	0.907524	0.386806	0.0888883	0.0199467	0.00238781
0.716	-0.0361647	0.12734	0.908024	0.388417	0.0894314	0.0201052	0.0024092
0.72	-0.0332426	0.118724	0.908452	0.39001	0.0899722	0.0202638	0.00243065
0.724	-0.0303819	0.110079	0.908807	0.391582	0.0905107	0.0204224	0.00245215
0.728	-0.0275833	0.101409	0.909088	0.393135	0.0910466	0.0205811	0.0024737
0.732	-0.0248477	0.0927154	0.909295	0.394667	0.09158	0.0207397	0.00249528
0.736	-0.0221759	0.0839998	0.909428	0.396178	0.0921105	0.0208983	0.00251691
0.74	-0.0195687	0.0752643	0.909485	0.397668	0.0926382	0.0210568	0.00253857
0.744	-0.0170268	0.066511	0.909467	0.399136	0.093163	0.0212153	0.00256027
0.748	-0.0145509	0.0577419	0.909373	0.400582	0.0936847	0.0213736	0.002582
0.752	-0.0121418	0.048959	0.909203	0.402006	0.0942031	0.0215318	0.00260376
0.756	-0.00980012	0.0401644	0.908956	0.403406	0.0947183	0.0216898	0.00262554
0.76	-0.00752647	0.0313603	0.908633	0.404783	0.0952302	0.0218477	0.00264734
0.764	-0.00532148	0.0225486	0.908233	0.406137	0.0957385	0.0220053	0.00266916
0.768	-0.00318572	0.0137315	0.907756	0.407467	0.0962432	0.0221627	0.002691
0.772	-0.00111975	0.00491117	0.907202	0.408773	0.0967443	0.0223198	0.00271286
0.776	0.000875926	-0.00391038	0.906571	0.410054	0.0972417	0.0224767	0.00273472
0.78	0.00280082	-0.012731	0.905864	0.411311	0.0977352	0.0226333	0.0027566
0.784	0.00465449	-0.0215486	0.905079	0.412543	0.0982248	0.0227896	0.00277848
0.788	0.00643652	-0.0303609	0.904218	0.41375	0.0987105	0.0229455	0.00280037
0.792	0.00814653	-0.039166	0.903281	0.414931	0.0991921	0.0231011	0.00282226
0.796	0.00978418	-0.0479617	0.902268	0.416087	0.0996695	0.0232563	0.00284415
0.8	0.0113492	-0.0567459	0.901179	0.417218	0.100143	0.0234111	0.00286604
0.804	0.0128412	-0.0655164	0.900015	0.418322	0.100612	0.0235656	0.00288793
0.808	0.0142601	-0.0742714	0.898776	0.419401	0.101077	0.0237196	0.00290982
0.812	0.0156056	-0.0830086	0.897462	0.420454	0.101537	0.0238732	0.00293169
0.816	0.0168776	-0.0917261	0.896075	0.421482	0.101994	0.0240264	0.00295356
0.82	0.0180759	-0.100422	0.894614	0.422483	0.102445	0.0241791	0.00297543
0.824	0.0192005	-0.109094	0.893081	0.423458	0.102893	0.0243314	0.00299728
0.828	0.0202513	-0.11774	0.891475	0.424407	0.103336	0.0244832	0.00301912
0.832	0.0212282	-0.126359	0.889799	0.425331	0.103774	0.0246345	0.00304095
0.836	0.0221314	-0.134948	0.888051	0.426228	0.104208	0.0247854	0.00306276
0.84	0.0229608	-0.143505	0.886234	0.4271	0.104638	0.0249358	0.00308457
0.844	0.0237166	-0.152029	0.884348	0.427946	0.105063	0.0250857	0.00310636
0.848	0.0243988	-0.160519	0.882394	0.428766	0.105484	0.0252351	0.00312813
0.852	0.0250077	-0.168971	0.880373	0.429561	0.1059	0.025384	0.00314989
0.856	0.0255434	-0.177385	0.878286	0.430331	0.106311	0.0255324	0.00317164
0.86	0.0260061	-0.185758	0.876133	0.431075	0.106719	0.0256804	0.00319337
0.864	0.0263962	-0.19409	0.873916	0.431795	0.107121	0.0258278	0.00321509
0.868	0.0267138	-0.202377	0.871636	0.432489	0.10752	0.0259748	0.00323679
0.872	0.0269594	-0.21062	0.869294	0.43316	0.107914	0.0261213	0.00325848
0.876	0.0271332	-0.218816	0.866892	0.433806	0.108303	0.0262673	0.00328016
0.88	0.0272358	-0.226965	0.864429	0.434428	0.108689	0.0264129	0.00330183
0.884	0.0272673	-0.235063	0.861908	0.435026	0.10907	0.026558	0.00332349
0.888	0.0272284	-0.243111	0.859329	0.4356	0.109447	0.0267026	0.00334513
0.892	0.0271195	-0.251106	0.856694	0.436152	0.109819	0.0268468	0.00336677
0.896	0.026941	-0.259048	0.854003	0.436681	0.110188	0.0269906	0.0033884
0.9	0.0266935	-0.266935	0.851259	0.437187	0.110553	0.027134	0.00341003
0.904	0.0263776	-0.274767	0.848463	0.437671	0.110913	0.0272769	0.00343165
0.908	0.0259938	-0.282541	0.845615	0.438134	0.11127	0.0274195	0.00345327
0.912	0.0255426	-0.290257	0.842716	0.438575	0.111623	0.0275617	0.00347489
0.916	0.0250248	-0.297914	0.839769	0.438995	0.111972	0.0277035	0.00349651
0.92	0.0244408	-0.30551	0.836775	0.439394	0.112317	0.027845	0.00351813
0.924	0.0237915	-0.313046	0.833734	0.439774	0.112659	0.0279862	0.00353977
0.928	0.0230774	-0.32052	0.830648	0.440133	0.112997	0.0281271	0.00356141
0.932	0.0222993	-0.327931	0.827519	0.440473	0.113332	0.0282677	0.00358306
0.936	0.0214578	-0.335278	0.824347	0.440795	0.113663	0.028408	0.00360472
0.94	0.0205537	-0.342561	0.821135	0.441097	0.113992	0.0285481	0.00362641
0.944	0.0195876	-0.349779	0.817882	0.441382	0.114317	0.0286879	0.00364811
0.948	0.0185604	-0.356932	0.814591	0.441649	0.114639	0.0288276	0.00366984
0.952	0.0174729	-0.364018	0.811263	0.441899	0.114958	0.0289671	0.00369159
0.956	0.0163256	-0.371037	0.807899	0.442132	0.115274	0.0291064	0.00371337
0.96	0.0151196	-0.37799	0.8045	0.44235	0.115587	0.0292456	0.00373519
0.964	0.0138555	-0.384874	0.801068	0.442551	0.115898	0.0293848	0.00375704
0.968	0.0125341	-0.391691	0.797604	0.442737	0.116206	0.0295238	0.00377893
0.972	0.0111563	-0.398439	0.794109	0.442909	0.116512	0.0296629	0.00380086
0.976	0.00972283	-0.405118	0.790584	0.443066	0.116815	0.0298019	0.00382284
0.98	0.00823456	-0.411728	0.787031	0.443209	0.117116	0.0299409	0.00384488
0.984	0.0066923	-0.418269	0.78345	0.443339	0.117416	0.03008	0.00386696
0.988	0.00509689	-0.42474	0.779844	0.443457	0.117713	0.0302191	0.00388911
0.992	0.00344914	-0.431142	0.776212	0.443562	0.118008	0.0303584	0.00391132
0.996	0.0017499	-0.437474	0.772557	0.443655	0.118302	0.0304978	0.0039336
1	-2.95581e-16	-0.443737	0.76888	0.443737	0.118593	0.0306374	0.00395595
1.004	-0.00179972	-0.449929	0.765181	0.443807	0.118884	0.0307771	0.00397838
1.008	-0.00364841	-0.456051	0.761461	0.443868	0.119173	0.0309171	0.00400089
1.012	-0.00554525	-0.462104	0.757723	0.443919	0.119461	0.0310574	0.00402348
1.016	-0.00748939	-0.468087	0.753966	0.44396	0.119747	0.031198	0.00404617
1.02	-0.00948	-0.474	0.750192	0.443992	0.120033	0.0313389	0.00406895
1.024	-0.0115162	-0.479843	0.746401	0.444016	0.120318	0.0314802	0.00409183
1.028	-0.0135973	-0.485617	0.742596	0.444032	0.120602	0.0316219	0.00411481
1.032	-0.0157223	-0.491322	0.738777	0.44404	0.120885	0.031764	0.0041379
1.036	-0.0178905	-0.496957	0.734944	0.444041	0.121168	0.0319066	0.00416111
1.04	-0.020101	-0.502524	0.731099	0.444036	0.12145	0.0320497	0.00418444
1.044	-0.022353	-0.508022	0.727242	0.444025	0.121733	0.0321934	0.0042079
1.048	-0.0246457	-0.513452	0.723376	0.444008	0.122015	0.0323376	0.00423148
1.052	-0.0269783	-0.518813	0.719499	0.443985	0.122297	0.0324825	0.0042552
1.056	-0.02935	-0.524107	0.715614	0.443958	0.122579	0.032628	0.00427906
1.06	-0.03176	-0.529333	0.711721	0.443927	0.122861	0.0327743	0.00430307
1.064	-0.0342075	-0.534492	0.707821	0.443891	0.123144	0.0329212	0.00432722
1.068	-0.0366918	-0.539585	0.703914	0.443852	0.123427	0.0330689	0.00435154
1.072	-0.039212	-0.544611	0.700002	0.443811	0.123711	0.0332175	0.00437602
1.076	-0.0417674	-0.549571	0.696085	0.443766	0.123995	0.0333669	0.00440067
1.08	-0.0443573	-0.554466	0.692164	0.44372	0.12428	0.0335172	0.00442549
1.084	-0.0469808	-0.559295	0.688239	0.443671	0.124567	0.0336684	0.00445049
1.088	-0.0496373	-0.56406	0.684311	0.443621	0.124854	0.0338205	0.00447568
1.092	-0.052326	-0.568761	0.680382	0.443571	0.125143	0.0339737	0.00450106
1.096	-0.0550462	-0.573398	0.676451	0.443519	0.125433	0.034128	0.00452664
1.1	-0.0577972	-0.577972	0.672518	0.443468	0.125724	0.0342833	0.00455243
1.104	-0.0605782	-0.582483	0.668586	0.443417	0.126017	0.0344397	0.00457842
1.108	-0.0633886	-0.586931	0.664653	0.443366	0.126312	0.0345973	0.00460463
1.112	-0.0662276	-0.591318	0.660722	0.443316	0.126608	0.0347562	0.00463106
1.116	-0.0690946	-0.595644	0.656791	0.443268	0.126907	0.0349162	0.00465772
1.12	-0.071989	-0.599908	0.652862	0.443221	0.127207	0.0350776	0.00468462
1.124	-0.07491	-0.604113	0.648936	0.443177	0.12751	0.0352403	0.00471176
1.128	-0.077857	-0.608258	0.645012	0.443135	0.127815	0.0354044	0.00473915
1.132	-0.0808293	-0.612343	0.641091	0.443095	0.128122	0.0355699	0.0047668
1.136	-0.0838263	-0.61637	0.637173	0.443059	0.128432	0.0357369	0.0047947
1.14	-0.0868474	-0.620339	0.63326	0.443026	0.128745	0.0359053	0.00482288
1.144	-0.089892	-0.62425	0.629351	0.442997	0.12906	0.0360754	0.00485133
1.148	-0.0929594	-0.628104	0.625446	0.442972	0.129379	0.036247	0.00488006
1.152	-0.0960491	-0.631902	0.621546	0.442952	0.1297	0.0364203	0.00490908
1.156	-0.0991604	-0.635643	0.617651	0.442936	0.130025	0.0365952	0.0049384
1.16	-0.102293	-0.639329	0.613762	0.442926	0.130353	0.0367719	0.00496803
1.164	-0.105446	-0.642961	0.609879	0.44292	0.130684	0.0369504	0.00499796
1.168	-0.108618	-0.646538	0.606002	0.442921	0.131018	0.0371306	0.00502821
1.172	-0.11181	-0.650061	0.602131	0.442927	0.131357	0.0373128	0.00505879
1.176	-0.115021	-0.65353	0.598267	0.44294	0.131699	0.0374969	0.00508971
1.18	-0.118251	-0.656947	0.594409	0.44296	0.132045	0.0376829	0.00512096
1.184	-0.121497	-0.660312	0.590559	0.442986	0.132395	0.0378709	0.00515256
1.188	-0.124762	-0.663625	0.586716	0.44302	0.132749	0.038061	0.00518453
1.192	-0.128042	-0.666887	0.58288	0.443061	0.133107	0.0382532	0.00521685
1.196	-0.131339	-0.670098	0.579051	0.44311	0.133469	0.0384476	0.00524955
1.2	-0.134652	-0.673259	0.57523	0.443167	0.133836	0.0386442	0.00528263
1.204	-0.13798	-0.67637	0.571417	0.443232	0.134208	0.038843	0.0053161
1.208	-0.141322	-0.679432	0.567612	0.443306	0.134584	0.0390441	0.00534997
1.212	-0.144679	-0.682446	0.563815	0.443388	0.134965	0.0392476	0.00538424
1.216	-0.148049	-0.685411	0.560025	0.44348	0.135351	0.0394536	0.00541893
1.22	-0.151432	-0.688329	0.556244	0.443581	0.135742	0.0396619	0.00545405
1.224	-0.154829	-0.691199	0.552471	0.443692	0.136139	0.0398729	0.00548959
1.228	-0.158237	-0.694023	0.548707	0.443813	0.13654	0.0400863	0.00552558
1.232	-0.161658	-0.696801	0.54495	0.443944	0.136947	0.0403025	0.00556203
1.236	-0.16509	-0.699532	0.541202	0.444085	0.13736	0.0405213	0.00559893
1.24	-0.168532	-0.702219	0.537462	0.444237	0.137778	0.0407428	0.0056363
1.244	-0.171986	-0.70486	0.53373	0.4444	0.138202	0.0409671	0.00567416
1.248	-0.175449	-0.707457	0.530007	0.444574	0.138632	0.0411943	0.0057125
1.252	-0.178923	-0.71001	0.526291	0.444759	0.139069	0.0414245	0.00575134
1.256	-0.182405	-0.71252	0.522584	0.444956	0.139511	0.0416576	0.0057907
1.26	-0.185896	-0.714986	0.518885	0.445166	0.13996	0.0418937	0.00583058
1.264	-0.189396	-0.717409	0.515195	0.445387	0.140415	0.042133	0.00587098
1.268	-0.192904	-0.719791	0.511512	0.44562	0.140876	0.0423754	0.00591193
1.272	-0.196419	-0.72213	0.507837	0.445866	0.141345	0.042621	0.00595344
1.276	-0.199942	-0.724427	0.50417	0.446126	0.14182	0.0428699	0.00599551
1.28	-0.203471	-0.726684	0.50051	0.446398	0.142302	0.0431222	0.00603815
1.284	-0.207007	-0.728899	0.496859	0.446683	0.142792	0.043378	0.00608138
1.288	-0.210549	-0.731074	0.493215	0.446982	0.143288	0.0436372	0.00612521
1.292	-0.214097	-0.733209	0.489578	0.447295	0.143793	0.0438999	0.00616966
1.296	-0.21765	-0.735304	0.485948	0.447623	0.144304	0.0441664	0.00621472
1.3	-0.221208	-0.737359	0.482326	0.447964	0.144824	0.0444365	0.00626043
1.304	-0.22477	-0.739376	0.47871	0.44832	0.145351	0.0447104	0.00630678
1.308	-0.228337	-0.741353	0.475102	0.448691	0.145886	0.0449882	0.0063538
1.312	-0.231907	-0.743292	0.471499	0.449076	0.14643	0.0452699	0.00640149
1.316	-0.232423	-0.745193	0.467904	0.449477	0.146981	0.0455556	0.00644987
1.32	-0.225257	-0.747055	0.464314	0.449894	0.147541	0.0458454	0.00649895
1.324	-0.218094	-0.74888	0.460731	0.450326	0.14811	0.0461393	0.00654875
1.328	-0.210934	-0.750667	0.457153	0.450775	0.148688	0.0464375	0.00659928
1.332	-0.203779	-0.752417	0.453581	0.451239	0.149274	0.0467401	0.00665056
1.336	-0.196627	-0.75413	0.450015	0.45172	0.14987	0.047047	0.0067026
1.34	-0.189479	-0.755806	0.446453	0.452218	0.150475	0.0473585	0.00675541
1.344	-0.182335	-0.757446	0.442896	0.452733	0.151089	0.0476746	0.00680902
1.348	-0.175195	-0.759049	0.439344	0.453265	0.151713	0.0479954	0.00686344
1.352	-0.16806	-0.760616	0.435797	0.453815	0.152347	0.0483209	0.00691868
1.356	-0.160929	-0.762147	0.432253	0.454382	0.152991	0.0486513	0.00697476
1.36	-0.153803	-0.763641	0.428714	0.454968	0.153645	0.0489867	0.0070317
1.364	-0.146681	-0.765101	0.425178	0.455571	0.154309	0.0493271	0.00708952
1.368	-0.139564	-0.766524	0.421645	0.456194	0.154984	0.0496727	0.00714823
1.372	-0.132452	-0.767912	0.418115	0.456835	0.155669	0.0500236	0.00720786
1.376	-0.125344	-0.769265	0.414588	0.457495	0.156365	0.0503799	0.00726841
1.38	-0.118242	-0.770583	0.411063	0.458174	0.157073	0.0507416	0.00732992
1.384	-0.111145	-0.771865	0.407541	0.458874	0.157792	0.0511089	0.00739239
1.388	-0.104052	-0.773112	0.40402	0.459593	0.158522	0.0514819	0.00745586
1.392	-0.0969648	-0.774324	0.4005	0.460332	0.159264	0.0518608	0.00752033
1.396	-0.0898827	-0.775501	0.396981	0.461092	0.160018	0.0522456	0.00758584
1.4	-0.0828058	-0.776643	0.393463	0.461872	0.160784	0.0526364	0.0076524
1.404	-0.0757342	-0.77775	0.389945	0.462674	0.161563	0.0530334	0.00772004
1.408	-0.0686678	-0.778822	0.386427	0.463497	0.162354	0.0534367	0.00778877
1.412	-0.0616068	-0.779859	0.382909	0.464342	0.163158	0.0538464	0.00785862
1.416	-0.0545512	-0.78086	0.379389	0.465209	0.163975	0.0542627	0.00792961
1.42	-0.047501	-0.781827	0.375868	0.466098	0.164805	0.0546856	0.00800178
1.424	-0.0404563	-0.782759	0.372346	0.467009	0.165649	0.0551154	0.00807513
1.428	-0.0334171	-0.783655	0.368821	0.467944	0.166506	0.0555522	0.00814971
1.432	-0.0263833	-0.784516	0.365294	0.468902	0.167378	0.0559961	0.00822552
1.436	-0.0193552	-0.785341	0.361764	0.469883	0.168264	0.0564472	0.00830261
1.44	-0.0123326	-0.786131	0.35823	0.470888	0.169165	0.0569057	0.008381
1.444	-0.00531562	-0.786885	0.354693	0.471918	0.17008	0.0573718	0.00846071
1.448	0.00169571	-0.787603	0.35115	0.472972	0.171011	0.0578456	0.00854177
1.452	0.00870136	-0.788285	0.347603	0.474051	0.171957	0.0583272	0.00862422
1.456	0.0157013	-0.78893	0.344051	0.475156	0.172919	0.058817	0.00870809
1.46	0.0226955	-0.789539	0.340493	0.476286	0.173896	0.0593149	0.00879339
1.464	0.0296839	-0.790111	0.336928	0.477442	0.17489	0.0598212	0.00888017
1.468	0.0366665	-0.790646	0.333356	0.478625	0.175901	0.060336	0.00896846
1.472	0.0436432	-0.791143	0.329776	0.479834	0.176929	0.0608596	0.00905829
1.476	0.050614	-0.791603	0.326189	0.481071	0.177973	0.0613921	0.0091497
1.48	0.0575789	-0.792024	0.322593	0.482335	0.179036	0.0619337	0.00924272
1.484	0.0645377	-0.792407	0.318987	0.483627	0.180116	0.0624846	0.00933738
1.488	0.0714904	-0.792751	0.315372	0.484948	0.181215	0.0630451	0.00943372
1.492	0.078437	-0.793055	0.311746	0.486297	0.182332	0.0636152	0.00953179
1.496	0.0853774	-0.79332	0.308109	0.487675	0.183468	0.0641952	0.00963161
1.5	0.0923115	-0.793544	0.304461	0.489084	0.184623	0.0647854	0.00973323
1.504	0.0992392	-0.793728	0.3008	0.490522	0.185798	0.0653859	0.00983669
1.508	0.10616	-0.79387	0.297125	0.49199	0.186993	0.065997	0.00994202
1.512	0.113075	-0.79397	0.293438	0.49349	0.188209	0.0666189	0.0100493
1.516	0.119983	-0.794028	0.289735	0.495021	0.189445	0.0672519	0.0101585
1.52	0.126884	-0.794042	0.286018	0.496584	0.190703	0.0678961	0.0102697
1.524	0.133778	-0.794013	0.282284	0.498179	0.191982	0.0685518	0.010383
1.528	0.140665	-0.793939	0.278534	0.499807	0.193283	0.0692193	0.0104984
1.532	0.147545	-0.793819	0.274767	0.501468	0.194607	0.0698989	0.010616
1.536	0.154418	-0.793654	0.270981	0.503162	0.195954	0.0705907	0.0107357
1.54	0.161282	-0.793441	0.267176	0.504891	0.197324	0.0712952	0.0108578
1.544	0.168139	-0.793181	0.263351	0.506655	0.198718	0.0720125	0.0109821
1.548	0.174988	-0.792872	0.259506	0.508454	0.200137	0.0727429	0.0111087
1.552	0.181829	-0.792513	0.255639	0.510288	0.20158	0.0734868	0.0112378
1.556	0.188661	-0.792104	0.251749	0.512159	0.203048	0.0742443	0.0113694
1.56	0.195484	-0.791643	0.247836	0.514067	0.204543	0.075016	0.0115035
1.564	0.202298	-0.791129	0.243899	0.516011	0.206063	0.0758019	0.0116401
1.568	0.209103	-0.790561	0.239936	0.517994	0.20761	0.0766026	0.0117794
1.572	0.215897	-0.789938	0.235947	0.520014	0.209185	0.0774182	0.0119215
1.576	0.222682	-0.789258	0.231931	0.522074	0.210787	0.0782492	0.0120663
1.58	0.229455	-0.78852	0.227886	0.524172	0.212418	0.0790959	0.0122139
1.584	0.236218	-0.787724	0.223812	0.526311	0.214078	0.0799585	0.0123644
1.588	0.242969	-0.786866	0.219708	0.52849	0.215767	0.0808376	0.0125179
1.592	0.249708	-0.785947	0.215572	0.53071	0.217487	0.0817334	0.0126745
1.596	0.256435	-0.784964	0.211404	0.532971	0.219237	0.0826464	0.0128342
1.6	0.263148	-0.783915	0.207201	0.535274	0.221018	0.0835768	0.012997
1.604	0.269847	-0.7828	0.202964	0.53762	0.222831	0.0845252	0.0131631
1.608	0.276532	-0.781615	0.19869	0.540008	0.224677	0.0854919	0.0133326
1.612	0.283202	-0.78036	0.194378	0.542441	0.226555	0.0864773	0.0135055
1.616	0.289855	-0.779032	0.190028	0.544917	0.228468	0.0874818	0.0136818
1.62	0.296492	-0.777629	0.185638	0.547438	0.230414	0.0885058	0.0138618
1.624	0.30311	-0.776149	0.181207	0.550003	0.232396	0.0895499	0.0140454
1.628	0.30971	-0.774591	0.176732	0.552615	0.234413	0.0906143	0.0142328
1.632	0.316291	-0.77295	0.172214	0.555272	0.236466	0.0916996	0.014424
1.636	0.32285	-0.771226	0.16765	0.557976	0.238556	0.0928063	0.0146191
1.64	0.329387	-0.769416	0.163039	0.560726	0.240684	0.0939347	0.0148183
1.644	0.335901	-0.767516	0.158379	0.563524	0.24285	0.0950854	0.0150216
1.648	0.342391	-0.765525	0.153669	0.566369	0.245055	0.0962588	0.015229
1.652	0.348854	-0.763438	0.148908	0.569263	0.247299	0.0974554	0.0154408
1.656	0.35529	-0.761255	0.144093	0.572204	0.249583	0.0986757	0.0156569
1.66	0.361696	-0.75897	0.139224	0.575195	0.251909	0.0999202	0.0158776
1.664	0.368072	-0.756582	0.134298	0.578234	0.254275	0.101189	0.0161028
1.668	0.374415	-0.754086	0.129314	0.581322	0.256684	0.102484	0.0163328
1.672	0.380724	-0.751479	0.12427	0.58446	0.259135	0.103804	0.0165675
1.676	0.386995	-0.748758	0.119165	0.587647	0.26163	0.10515	0.0168072
1.68	0.393228	-0.745918	0.113996	0.590883	0.264169	0.106523	0.0170518
1.684	0.399419	-0.742956	0.108762	0.594169	0.266752	0.107923	0.0173016
1.688	0.405567	-0.739867	0.103462	0.597504	0.269381	0.109351	0.0175566
1.692	0.411668	-0.736648	0.0980924	0.600889	0.272055	0.110807	0.0178168
1.696	0.41772	-0.733294	0.0926524	0.604322	0.274775	0.112292	0.0180826
1.7	0.42372	-0.7298	0.08714	0.607804	0.277542	0.113806	0.0183538
1.704	0.429664	-0.726161	0.0815533	0.611334	0.280357	0.11535	0.0186307
1.708	0.43555	-0.722373	0.0758904	0.614913	0.283219	0.116924	0.0189134
1.712	0.441373	-0.718431	0.0701494	0.618538	0.286128	0.118529	0.0192018
1.716	0.44713	-0.714328	0.0643285	0.622209	0.289086	0.120165	0.0194963
1.72	0.452817	-0.710059	0.0584257	0.625926	0.292093	0.121832	0.0197968
1.724	0.458429	-0.70562	0.0524391	0.629688	0.295149	0.123531	0.0201034
1.728	0.463963	-0.701003	0.0463669	0.633492	0.298253	0.125263	0.0204162
1.732	0.469413	-0.696202	0.0402073	0.637339	0.301406	0.127028	0.0207354
1.736	0.474774	-0.691213	0.0339585	0.641226	0.304609	0.128825	0.021061
1.74	0.480041	-0.686027	0.0276186	0.645151	0.30786	0.130656	0.0213931
1.744	0.485208	-0.680638	0.021186	0.649113	0.31116	0.132521	0.0217318
1.748	0.49027	-0.675039	0.014659	0.653109	0.314508	0.134419	0.0220771
1.752	0.49522	-0.669223	0.00803594	0.657137	0.317904	0.136351	0.0224291
1.756	0.500051	-0.663184	0.00131541	0.661195	0.321348	0.138318	0.0227879
1.76	0.499253	-0.656912	-0.00550404	0.665279	0.324838	0.140319	0.0231535
1.764	0.496907	-0.650402	-0.0124237	0.669385	0.328374	0.142354	0.0235259
1.768	0.494319	-0.643644	-0.0194448	0.673512	0.331954	0.144423	0.0239051
1.772	0.49148	-0.636632	-0.0265682	0.677653	0.335578	0.146527	0.0242913
1.776	0.488381	-0.629357	-0.033795	0.681806	0.339244	0.148664	0.0246842
1.78	0.485012	-0.62181	-0.0411258	0.685966	0.342951	0.150834	0.025084
1.784	0.481364	-0.613984	-0.048561	0.690128	0.346696	0.153037	0.0254906
1.788	0.477426	-0.605871	-0.0561009	0.694286	0.350478	0.155273	0.0259039
1.792	0.473189	-0.597461	-0.0637456	0.698434	0.354294	0.157541	0.0263239
1.796	0.468643	-0.588747	-0.0714947	0.702567	0.358142	0.159839	0.0267505
1.8	0.463777	-0.579721	-0.0793478	0.706677	0.362019	0.162168	0.0271835
1.804	0.45858	-0.570373	-0.0873038	0.710758	0.365921	0.164525	0.0276228
1.808	0.453043	-0.560697	-0.0953616	0.714801	0.369845	0.16691	0.0280682
1.812	0.447155	-0.550683	-0.10352	0.718799	0.373788	0.169321	0.0285195
1.816	0.440906	-0.540325	-0.111776	0.722744	0.377745	0.171758	0.0289765
1.82	0.434285	-0.529615	-0.120128	0.726625	0.381712	0.174217	0.0294389
1.824	0.427282	-0.518546	-0.128572	0.730433	0.385684	0.176697	0.0299064
1.828	0.419888	-0.507112	-0.137106	0.734159	0.389656	0.179196	0.0303787
1.832	0.412094	-0.495305	-0.145725	0.737791	0.393623	0.181712	0.0308555
1.836	0.403889	-0.483121	-0.154425	0.741319	0.397577	0.184241	0.0313362
1.84	0.395265	-0.470554	-0.1632	0.744731	0.401514	0.186782	0.0318205
1.844	0.386215	-0.457601	-0.172046	0.748014	0.405426	0.189331	0.0323079
1.848	0.376731	-0.444258	-0.180955	0.751158	0.409307	0.191886	0.0327978
1.852	0.366805	-0.430523	-0.189921	0.754149	0.413149	0.194442	0.0332897
1.856	0.356433	-0.416394	-0.198936	0.756973	0.416945	0.196996	0.033783
1.86	0.345609	-0.401871	-0.207993	0.759618	0.420686	0.199545	0.0342771
1.864	0.334329	-0.386955	-0.217081	0.762071	0.424364	0.202084	0.0347712
1.868	0.322591	-0.371649	-0.226191	0.764316	0.427971	0.204609	0.0352646
1.872	0.310392	-0.355955	-0.235314	0.766342	0.431498	0.207116	0.0357567
1.876	0.297734	-0.339879	-0.244438	0.768134	0.434935	0.2096	0.0362465
1.88	0.284616	-0.323427	-0.253552	0.769679	0.438275	0.212057	0.0367334
1.884	0.271042	-0.306608	-0.262644	0.770964	0.441508	0.214482	0.0372164
1.888	0.257015	-0.289432	-0.271702	0.771975	0.444624	0.21687	0.0376948
1.892	0.242543	-0.271909	-0.280712	0.7727	0.447616	0.219216	0.0381675
1.896	0.227632	-0.254054	-0.289662	0.773128	0.450472	0.221516	0.0386339
1.9	0.212292	-0.23588	-0.298537	0.773247	0.453186	0.223763	0.0390929
1.904	0.196534	-0.217405	-0.307324	0.773046	0.455749	0.225954	0.0395436
1.908	0.180372	-0.198647	-0.316008	0.772517	0.458151	0.228084	0.0399854
1.912	0.163819	-0.179626	-0.324575	0.771651	0.460386	0.230148	0.0404171
1.916	0.146892	-0.160363	-0.333012	0.770441	0.462446	0.232142	0.0408381
1.92	0.12961	-0.140881	-0.341304	0.76888	0.464324	0.234061	0.0412475
1.924	0.111993	-0.121204	-0.349437	0.766964	0.466015	0.235901	0.0416446
1.928	0.0940604	-0.101358	-0.357398	0.764689	0.467513	0.237659	0.0420286
1.932	0.0758362	-0.0813694	-0.365174	0.762054	0.468813	0.239331	0.0423988
1.936	0.0573441	-0.061265	-0.372752	0.759057	0.469912	0.240915	0.0427547
1.94	0.0386089	-0.0410733	-0.380121	0.755702	0.470806	0.242406	0.0430957
1.944	0.0196568	-0.0208229	-0.38727	0.751988	0.471493	0.243804	0.0434213
1.948	0.000514366	-0.00054258	-0.394188	0.747922	0.471972	0.245106	0.0437311
1.952	-0.0187911	0.0197385	-0.400865	0.743509	0.472242	0.246311	0.0440248
1.956	-0.0382318	0.0399914	-0.407294	0.738756	0.472305	0.247417	0.044302
1.96	-0.0577799	0.0601874	-0.413468	0.733671	0.472161	0.248425	0.0445627
1.964	-0.0774076	0.0802984	-0.419379	0.728264	0.471814	0.249334	0.0448068
1.968	-0.0970872	0.100297	-0.425022	0.722546	0.471265	0.250145	0.0450342
1.972	-0.116791	0.120156	-0.430394	0.716531	0.47052	0.250858	0.0452449
1.976	-0.136493	0.13985	-0.435492	0.71023	0.469583	0.251475	0.0454392
1.98	-0.156167	0.159355	-0.440312	0.703658	0.468459	0.251998	0.0456172
1.984	-0.175788	0.178647	-0.444856	0.69683	0.467154	0.252428	0.0457792
1.988	-0.195332	0.197704	-0.449122	0.689761	0.465676	0.252768	0.0459256
1.992	-0.214775	0.216507	-0.453112	0.682468	0.464032	0.25302	0.0460568
1.996	-0.222733	0.235036	-0.456829	0.674967	0.462229	0.253188	0.0461732
2	-0.207	0.253275	-0.460275	0.667275	0.460275	0.253275	0.0462755
2.004	-0.191161	0.271208	-0.463454	0.659407	0.458179	0.253284	0.046364
2.008	-0.175239	0.288821	-0.466371	0.651382	0.455949	0.25322	0.0464395
2.012	-0.159255	0.306103	-0.469031	0.643216	0.453594	0.253085	0.0465026
2.016	-0.14323	0.323042	-0.47144	0.634925	0.451123	0.252884	0.0465539
2.02	-0.127183	0.33963	-0.473605	0.626525	0.448544	0.252622	0.0465942
2.024	-0.111133	0.355859	-0.475533	0.618032	0.445867	0.252301	0.046624
2.028	-0.0950976	0.371725	-0.47723	0.609461	0.443101	0.251926	0.0466443
2.032	-0.0790932	0.387221	-0.478706	0.600827	0.440253	0.251502	0.0466555
2.036	-0.0631353	0.402347	-0.479967	0.592144	0.437332	0.251033	0.0466586
2.04	-0.0472383	0.417099	-0.481021	0.583425	0.434347	0.250522	0.0466541
2.044	-0.0314154	0.431478	-0.481878	0.574684	0.431306	0.249973	0.0466428
2.048	-0.0156787	0.445483	-0.482545	0.565932	0.428216	0.249391	0.0466254
2.052	-3.94668e-05	0.459117	-0.483031	0.55718	0.425084	0.24878	0.0466027
2.056	0.0154923	0.472383	-0.483344	0.548439	0.421919	0.248143	0.0465751
2.06	0.0309075	0.485282	-0.483492	0.53972	0.418725	0.247483	0.0465435
2.064	0.046198	0.497821	-0.483483	0.531031	0.415511	0.246805	0.0465085
2.068	0.0613567	0.510002	-0.483326	0.522382	0.412282	0.246112	0.0464706
2.072	0.076377	0.521833	-0.483028	0.513779	0.409044	0.245406	0.0464305
2.076	0.0912537	0.533318	-0.482596	0.50523	0.405802	0.244692	0.0463887
2.08	0.105982	0.544464	-0.482039	0.496741	0.402561	0.243971	0.0463458
2.084	0.120558	0.555278	-0.481364	0.488319	0.399326	0.243247	0.0463024
2.088	0.134978	0.565767	-0.480577	0.479968	0.396102	0.242523	0.0462588
2.092	0.149239	0.575937	-0.479684	0.471693	0.392893	0.2418	0.0462157
2.096	0.16334	0.585797	-0.478694	0.463499	0.389702	0.241082	0.0461735
2.1	0.177279	0.595354	-0.477611	0.45539	0.386533	0.24037	0.0461326
2.104	0.191055	0.604616	-0.476441	0.447367	0.383389	0.239667	0.0460934
2.108	0.204667	0.61359	-0.475191	0.439434	0.380274	0.238974	0.0460564
2.112	0.218114	0.622285	-0.473866	0.431593	0.377189	0.238294	0.0460219
2.116	0.231399	0.630707	-0.47247	0.423847	0.374138	0.237629	0.0459902
2.12	0.24452	0.638865	-0.471009	0.416196	0.371122	0.23698	0.0459618
2.124	0.257478	0.646767	-0.469487	0.408641	0.368144	0.236348	0.045937
2.128	0.270275	0.654419	-0.467909	0.401184	0.365206	0.235735	0.045916
2.132	0.282913	0.66183	-0.466279	0.393825	0.362309	0.235143	0.0458993
2.136	0.295391	0.669006	-0.4646	0.386565	0.359454	0.234572	0.0458869
2.14	0.307713	0.675956	-0.462876	0.379402	0.356644	0.234025	0.0458793
2.144	0.31988	0.682685	-0.461111	0.372338	0.353878	0.233502	0.0458767
2.148	0.331895	0.689202	-0.459309	0.365371	0.351159	0.233004	0.0458794
2.152	0.343758	0.695512	-0.457471	0.358501	0.348486	0.232532	0.0458875
2.156	0.355474	0.701622	-0.455601	0.351728	0.345862	0.232087	0.0459013
2.16	0.367043	0.707538	-0.453702	0.345049	0.343286	0.231671	0.0459211
2.164	0.378468	0.713268	-0.451775	0.338465	0.340759	0.231283	0.045947
2.168	0.389752	0.718816	-0.449824	0.331974	0.338281	0.230926	0.0459793
2.172	0.400898	0.724188	-0.447851	0.325574	0.335853	0.230599	0.0460182
2.176	0.411907	0.729391	-0.445857	0.319265	0.333476	0.230303	0.0460639
2.18	0.422782	0.734429	-0.443845	0.313044	0.331149	0.23004	0.0461165
2.184	0.433526	0.739309	-0.441816	0.306911	0.328872	0.229809	0.0461764
2.188	0.444141	0.744034	-0.439771	0.300862	0.326647	0.229612	0.0462436
2.192	0.45463	0.74861	-0.437713	0.294897	0.324472	0.22945	0.0463183
2.196	0.464995	0.753041	-0.435642	0.289014	0.322348	0.229322	0.0464009
2.2	0.475239	0.757333	-0.43356	0.283212	0.320276	0.229229	0.0464914
2.204	0.485364	0.761489	-0.431468	0.277487	0.318254	0.229173	0.0465901
2.208	0.495373	0.765513	-0.429367	0.271838	0.316283	0.229154	0.0466971
2.212	0.505267	0.769411	-0.427258	0.266263	0.314363	0.229172	0.0468127
2.216	0.51505	0.773184	-0.425142	0.260761	0.312493	0.229228	0.046937
2.22	0.524723	0.776838	-0.423019	0.255329	0.310675	0.229324	0.0470703
2.224	0.534289	0.780375	-0.420891	0.249964	0.308906	0.229458	0.0472128
2.228	0.54375	0.7838	-0.418757	0.244666	0.307189	0.229633	0.0473648
2.232	0.553107	0.787115	-0.416618	0.239432	0.305522	0.229849	0.0475263
2.236	0.562364	0.790323	-0.414475	0.23426	0.303905	0.230106	0.0476978
2.24	0.571521	0.793427	-0.412329	0.229147	0.302338	0.230406	0.0478793
2.244	0.580582	0.796431	-0.410178	0.224093	0.300821	0.230749	0.0480712
2.248	0.589547	0.799336	-0.408025	0.219093	0.299354	0.231136	0.0482737
2.252	0.598418	0.802145	-0.405868	0.214147	0.297937	0.231567	0.0484872
2.256	0.607198	0.804861	-0.403708	0.209252	0.296571	0.232045	0.0487118
2.26	0.615888	0.807486	-0.401545	0.204407	0.295253	0.232568	0.0489478
2.264	0.624489	0.810022	-0.399379	0.199608	0.293986	0.23314	0.0491957
2.268	0.633003	0.81247	-0.39721	0.194853	0.292768	0.23376	0.0494556
2.272	0.641431	0.814834	-0.395037	0.190141	0.2916	0.234429	0.049728
2.276	0.649775	0.817113	-0.392862	0.18547	0.290482	0.235149	0.0500132
2.28	0.658036	0.819311	-0.390683	0.180836	0.289414	0.235921	0.0503115
2.284	0.666215	0.821429	-0.388499	0.176238	0.288396	0.236745	0.0506233
2.288	0.674313	0.823467	-0.386312	0.171673	0.287428	0.237625	0.050949
2.292	0.682331	0.825427	-0.38412	0.16714	0.286511	0.238559	0.0512892
2.296	0.690271	0.82731	-0.381923	0.162635	0.285643	0.239551	0.0516441
2.3	0.698132	0.829118	-0.379721	0.158157	0.284827	0.240601	0.0520143
2.304	0.705916	0.83085	-0.377512	0.153702	0.284061	0.241711	0.0524003
2.308	0.713623	0.832508	-0.375297	0.14927	0.283347	0.242883	0.0528025
2.312	0.721254	0.834092	-0.373075	0.144856	0.282685	0.244118	0.0532216
2.316	0.728809	0.835603	-0.370844	0.140459	0.282074	0.245418	0.053658
2.32	0.736289	0.837041	-0.368605	0.136076	0.281516	0.246786	0.0541125
2.324	0.743693	0.838405	-0.366356	0.131705	0.281011	0.248222	0.0545856
2.328	0.751022	0.839697	-0.364096	0.127342	0.28056	0.249731	0.0550781
2.332	0.758275	0.840916	-0.361825	0.122985	0.280163	0.251312	0.0555906
2.336	0.765453	0.842061	-0.35954	0.118631	0.27982	0.25297	0.0561239
2.34	0.772554	0.843132	-0.357243	0.114278	0.279534	0.254706	0.0566787
2.344	0.779579	0.844129	-0.35493	0.109922	0.279303	0.256524	0.057256
2.348	0.786527	0.84505	-0.3526	0.10556	0.27913	0.258425	0.0578566
2.352	0.793396	0.845894	-0.350253	0.10119	0.279015	0.260414	0.0584815
2.356	0.800186	0.846661	-0.347886	0.0968069	0.27896	0.262493	0.0591316
2.36	0.806895	0.847348	-0.345499	0.0924086	0.278965	0.264666	0.059808
2.364	0.813521	0.847954	-0.343088	0.0879912	0.279031	0.266936	0.0605119
2.368	0.820063	0.848477	-0.340654	0.083551	0.27916	0.269307	0.0612444
2.372	0.826519	0.848915	-0.338192	0.0790843	0.279353	0.271783	0.0620067
2.376	0.832886	0.849264	-0.335702	0.0745871	0.279612	0.274369	0.0628003
2.38	0.839161	0.849523	-0.33318	0.0700551	0.279938	0.277068	0.0636265
2.384	0.845341	0.849687	-0.330625	0.0654842	0.280333	0.279887	0.0644869
2.388	0.851423	0.849753	-0.328034	0.0608696	0.280799	0.282829	0.065383
2.392	0.857402	0.849717	-0.325404	0.0562067	0.281338	0.2859	0.0663166
2.396	0.863275	0.849574	-0.322731	0.0514903	0.281951	0.289106	0.0672895
2.4	0.869036	0.84932	-0.320013	0.0467152	0.28264	0.292453	0.0683036
2.404	0.874679	0.848948	-0.317245	0.0418757	0.283409	0.295948	0.069361
2.408	0.880198	0.848453	-0.314424	0.036966	0.28426	0.299598	0.0704639
2.412	0.885585	0.847827	-0.311546	0.0319798	0.285195	0.303409	0.0716146
2.416	0.890834	0.847063	-0.308606	0.0269105	0.286217	0.307391	0.0728156
2.42	0.895936	0.846152	-0.305599	0.021751	0.287329	0.31155	0.0740696
2.424	0.900879	0.845084	-0.30252	0.0164939	0.288533	0.315897	0.0753795
2.428	0.905654	0.843849	-0.299363	0.0111312	0.289835	0.32044	0.0767482
2.432	0.910248	0.842436	-0.296121	0.00565462	0.291236	0.325189	0.0781791
2.436	0.914646	0.840832	-0.292788	5.50468e-05	0.29274	0.330155	0.0796756
2.44	0.918835	0.839021	-0.289356	-0.00567705	0.294351	0.335351	0.0812413
2.444	0.922795	0.836988	-0.285816	-0.0115519	0.296074	0.340786	0.0828802
2.448	0.926509	0.834716	-0.28216	-0.0175803	0.297912	0.346475	0.0845966
2.452	0.929953	0.832184	-0.278378	-0.023774	0.29987	0.352431	0.0863949
2.456	0.933104	0.82937	-0.274459	-0.0301452	0.301951	0.358668	0.0882798
2.46	0.935933	0.826249	-0.270391	-0.0367074	0.304162	0.365202	0.0902565
2.464	0.93841	0.822794	-0.266161	-0.0434745	0.306506	0.372048	0.0923303
2.468	0.940499	0.818975	-0.261755	-0.0504616	0.308987	0.379224	0.0945071
2.472	0.942162	0.814755	-0.257157	-0.0576847	0.311611	0.386746	0.0967927
2.476	0.943353	0.810096	-0.252349	-0.0651608	0.314383	0.394634	0.0991936
2.48	0.944021	0.804956	-0.247314	-0.072908	0.317305	0.402905	0.101716
2.484	0.94411	0.799285	-0.242028	-0.0809454	0.320383	0.411581	0.104368
2.488	0.943555	0.793027	-0.23647	-0.0892931	0.32362	0.42068	0.107156
2.492	0.942282	0.786123	-0.230614	-0.097972	0.327018	0.430222	0.110088
2.496	0.940207	0.778501	-0.224431	-0.107004	0.330579	0.440228	0.113171
2.5	0.937237	0.770086	-0.217891	-0.116412	0.334303	0.450716	0.116412
2.504	0.933265	0.760788	-0.21096	-0.126219	0.338189	0.461703	0.11982
2.508	0.928169	0.750511	-0.203602	-0.136448	0.342233	0.473206	0.123401
2.512	0.921811	0.739144	-0.195774	-0.147122	0.346427	0.485235	0.127162
2.516	0.914038	0.726566	-0.187435	-0.158262	0.350762	0.497799	0.131108
2.52	0.904675	0.712639	-0.178537	-0.169888	0.35522	0.510899	0.135243
2.524	0.893526	0.697214	-0.169028	-0.182016	0.359781	0.524528	0.139569
2.528	0.880373	0.680124	-0.158857	-0.194658	0.364416	0.538667	0.144086
2.532	0.864976	0.66119	-0.147967	-0.20782	0.369087	0.553285	0.148788
2.536	0.847068	0.640215	-0.136302	-0.221496	0.373745	0.568331	0.153666
2.54	0.826364	0.616993	-0.123806	-0.235671	0.378331	0.583736	0.158706
2.544	0.802555	0.591309	-0.110426	-0.250315	0.382768	0.599399	0.163884
2.548	0.775324	0.562944	-0.0961137	-0.265376	0.386966	0.615194	0.169169
2.552	0.744345	0.531686	-0.0808324	-0.280783	0.390817	0.630955	0.174519
2.556	0.709302	0.49734	-0.0645584	-0.296434	0.394193	0.646478	0.179879
2.56	0.669906	0.45974	-0.0472886	-0.3122	0.396952	0.661518	0.185183
2.564	0.625913	0.418772	-0.0290461	-0.327916	0.398935	0.675787	0.190351
2.568	0.577158	0.374391	-0.00988685	-0.343386	0.399973	0.688962	0.19529
2.572	0.51348	0.326642	0.0100954	-0.358381	0.399893	0.70069	0.199898
2.576	0.434473	0.275681	0.0307647	-0.372651	0.39853	0.710605	0.204063
2.58	0.35043	0.221791	0.0519423	-0.385929	0.395735	0.718347	0.207676
2.584	0.261974	0.165387	0.0734093	-0.397948	0.391394	0.723588	0.210631
2.588	0.169933	0.107011	0.0949149	-0.408461	0.385435	0.726059	0.212838
2.592	0.075321	0.0473122	0.116188	-0.417255	0.377842	0.725573	0.214226
2.596	-0.0207206	-0.0129829	0.136953	-0.424171	0.368659	0.722047	0.214755
2.6	-0.0399643	-0.0731142	0.156947	-0.429116	0.357992	0.71551	0.214416
2.604	0.036329	-0.132335	0.175936	-0.432069	0.346003	0.706103	0.213231
2.608	0.111721	-0.189957	0.19373	-0.433079	0.332894	0.694068	0.211255
2.612	0.185375	-0.245386	0.210188	-0.432259	0.318898	0.679724	0.208568
2.616	0.256586	-0.298149	0.225223	-0.429772	0.304256	0.663441	0.205266
2.62	0.3248	-0.347902	0.238801	-0.425814	0.289208	0.645612	0.201457
2.624	0.389622	-0.39443	0.250933	-0.420599	0.273975	0.626628	0.197249
2.628	0.450804	-0.437634	0.261664	-0.414345	0.258753	0.606857	0.192749
2.632	0.508234	-0.477516	0.271072	-0.407263	0.243708	0.586632	0.188053
2.636	0.561907	-0.514153	0.279248	-0.399545	0.228974	0.566238	0.183248
2.64	0.611906	-0.547684	0.286295	-0.391365	0.214652	0.545914	0.178406
2.644	0.658373	-0.578281	0.292322	-0.382872	0.200817	0.525854	0.173591
2.648	0.701496	-0.606146	0.297432	-0.374191	0.187519	0.506204	0.168849
2.652	0.741485	-0.631485	0.301729	-0.365426	0.174787	0.487077	0.164219
2.656	0.778564	-0.65451	0.305305	-0.356659	0.162632	0.46855	0.15973
2.66	0.812958	-0.675425	0.308247	-0.347957	0.151055	0.450674	0.155403
2.664	0.844888	-0.694424	0.310635	-0.339367	0.140045	0.433478	0.151252
2.668	0.874563	-0.71169	0.312536	-0.330929	0.129585	0.416973	0.147285
2.672	0.902183	-0.727389	0.314012	-0.322667	0.119652	0.401159	0.143508
2.676	0.92793	-0.741675	0.315118	-0.3146	0.110221	0.386023	0.139922
2.68	0.951974	-0.754687	0.3159	-0.306737	0.101263	0.371546	0.136526
2.684	0.974468	-0.766549	0.3164	-0.299086	0.0927494	0.357703	0.133319
2.688	0.995552	-0.777372	0.316652	-0.291645	0.0846517	0.344468	0.130296
2.692	1.01535	-0.787258	0.316688	-0.284413	0.0769406	0.331809	0.127454
2.696	1.03398	-0.796293	0.316533	-0.277385	0.0695879	0.319695	0.124787
2.7	1.05154	-0.804557	0.316209	-0.270554	0.062566	0.308093	0.12229
2.704	1.06812	-0.81212	0.315736	-0.26391	0.0558483	0.296972	0.119959
2.708	1.08379	-0.819042	0.31513	-0.257443	0.0494093	0.286298	0.117789
2.712	1.09864	-0.825377	0.314405	-0.251144	0.0432241	0.276041	0.115775
2.716	1.11272	-0.831173	0.31357	-0.244999	0.0372691	0.266168	0.113914
2.72	1.12609	-0.836469	0.312636	-0.238998	0.0315214	0.25665	0.112203
2.724	1.13879	-0.841301	0.311609	-0.233127	0.0259587	0.247456	0.110637
2.728	1.15087	-0.845698	0.310495	-0.227373	0.0205593	0.238557	0.109216
2.732	1.16236	-0.849686	0.309298	-0.221721	0.0153021	0.229923	0.107937
2.736	1.17328	-0.853283	0.308019	-0.216158	0.010166	0.221526	0.1068
2.74	1.18366	-0.856504	0.306659	-0.210668	0.00513006	0.213336	0.105805
2.744	1.19351	-0.859361	0.305217	-0.205235	0.000173138	0.205324	0.104953
2.748	1.20284	-0.861858	0.30369	-0.199842	-0.00472639	0.19746	0.104246
2.752	1.21165	-0.863994	0.302073	-0.194469	-0.00959089	0.189712	0.103688
2.756	1.21992	-0.865765	0.30036	-0.189098	-0.0144438	0.182049	0.103284
2.76	1.22766	-0.867157	0.29854	-0.183704	-0.0193101	0.174435	0.103039
2.764	1.23481	-0.86815	0.296602	-0.178263	-0.0242167	0.166832	0.102962
2.768	1.24136	-0.868714	0.29453	-0.172746	-0.0291931	0.1592	0.103062
2.772	1.24722	-0.868807	0.292304	-0.16712	-0.0342719	0.151492	0.103352
2.776	1.25234	-0.868375	0.289899	-0.161346	-0.03949	0.143655	0.103847
2.78	1.25659	-0.867344	0.287282	-0.15538	-0.0448892	0.135629	0.104566
2.784	1.25984	-0.865614	0.284412	-0.149167	-0.0505179	0.127343	0.10553
2.788	1.26191	-0.863057	0.281236	-0.142642	-0.0564325	0.118714	0.106767
2.792	1.26254	-0.8595	0.277685	-0.135723	-0.062699	0.109641	0.10831
2.796	1.26139	-0.854712	0.273671	-0.128313	-0.0693963	0.0999994	0.110196
2.8	1.25801	-0.848383	0.269074	-0.120285	-0.076618	0.0896381	0.112473
2.804	1.25178	-0.840087	0.263738	-0.111481	-0.0844763	0.0783667	0.115196
2.808	1.24182	-0.829239	0.25745	-0.101698	-0.0931051	0.065946	0.118428
2.812	1.2269	-0.815022	0.249916	-0.0906734	-0.102662	0.0520723	0.122242
2.816	1.20531	-0.796278	0.240733	-0.0780661	-0.11333	0.0363608	0.12671
2.82	1.17454	-0.77136	0.22934	-0.0634365	-0.125304	0.0183272	0.131902
2.824	1.131	-0.737914	0.21495	-0.0462252	-0.138771	-0.0026222	0.137848
2.828	1.06959	-0.692603	0.196486	-0.0257503	-0.153844	-0.0271719	0.144497
2.832	0.983201	-0.630852	0.17252	-0.00125986	-0.170423	-0.0560023	0.151606
2.836	0.862696	-0.546857	0.141334	0.027879	-0.187948	-0.0895259	0.158583
2.84	0.698237	-0.434534	0.101304	0.0617335	-0.205017	-0.127339	0.164268
2.844	0.483566	-0.290369	0.0518737	0.0990585	-0.219084	-0.167413	0.166852
2.848	0.218576	-0.118277	-0.00497273	0.136656	-0.226796	-0.205602	0.164293
2.852	0.0603538	0.0671438	-0.0639966	0.1699	-0.225512	-0.236651	0.155463
2.856	0.336054	0.244899	-0.118479	0.194894	-0.215179	-0.256865	0.141202
2.86	0.57674	0.398019	-0.163576	0.210484	-0.198457	-0.266052	0.123962
2.864	0.771208	0.519947	-0.197973	0.218095	-0.178896	-0.266755	0.106339
2.868	0.921578	0.612686	-0.222919	0.220139	-0.159243	-0.26218	0.0900277
2.872	1.03593	0.681888	-0.240564	0.218783	-0.140994	-0.254877	0.0757451
2.876	1.12302	0.733452	-0.252932	0.215549	-0.124709	-0.246477	0.0635832
2.88	1.19016	0.772209	-0.261594	0.211384	-0.110441	-0.237889	0.0533478
2.884	1.24281	0.801743	-0.26767	0.206837	-0.0980178	-0.229577	0.0447559
2.888	1.28492	0.824606	-0.271933	0.202213	-0.0871975	-0.221745	0.0375265
2.892	1.31928	0.842597	-0.274913	0.197675	-0.0777383	-0.214466	0.0314136
2.896	1.34786	0.856978	-0.276972	0.193301	-0.0694237	-0.207741	0.0262135
2.9	1.37207	0.868646	-0.278362	0.189129	-0.0620699	-0.201543	0.0217614
2.904	1.39292	0.878247	-0.279258	0.185167	-0.0555239	-0.195827	0.0179251
2.908	1.41118	0.886248	-0.279785	0.181413	-0.0496602	-0.19055	0.0145989
2.912	1.42737	0.892996	-0.280035	0.177856	-0.0443756	-0.185667	0.0116983
2.916	1.44193	0.898749	-0.280072	0.174485	-0.0395856	-0.181136	0.00915475
2.92	1.45517	0.903704	-0.279945	0.171286	-0.0352205	-0.176921	0.00691311
2.924	1.46732	0.90801	-0.279692	0.168244	-0.0312226	-0.172989	0.0049282
2.928	1.47858	0.911784	-0.279339	0.165346	-0.027544	-0.169313	0.00316296
2.932	1.4891	0.915118	-0.278908	0.162582	-0.0241444	-0.165865	0.00158673
2.936	1.499	0.918084	-0.278415	0.159939	-0.0209901	-0.162625	0.000174021
2.94	1.50836	0.920741	-0.277873	0.157407	-0.0180523	-0.159573	-0.00109654
2.944	1.51728	0.923134	-0.277292	0.154978	-0.0153066	-0.156693	-0.00224294
2.948	1.52581	0.925303	-0.27668	0.152644	-0.0127322	-0.153968	-0.00328043
2.952	1.534	0.927279	-0.276044	0.150397	-0.0103111	-0.151386	-0.00422201
2.956	1.54191	0.929088	-0.275388	0.14823	-0.00802759	-0.148936	-0.0050788
2.96	1.54955	0.93075	-0.274716	0.146138	-0.00586819	-0.146607	-0.00586039
2.964	1.55698	0.932285	-0.274033	0.144115	-0.00382104	-0.14439	-0.00657505
2.968	1.5642	0.933708	-0.27334	0.142157	-0.00187574	-0.142277	-0.00722997
2.972	1.57124	0.935031	-0.272639	0.140259	-2.31275e-05	-0.14026	-0.00783142
2.976	1.57813	0.936266	-0.271934	0.138417	0.00174492	-0.138333	-0.00838489
2.98	1.58487	0.937423	-0.271225	0.136627	0.00343562	-0.13649	-0.00889521
2.984	1.59149	0.938508	-0.270513	0.134887	0.0050554	-0.134725	-0.00936661
2.988	1.59799	0.93953	-0.2698	0.133193	0.00661003	-0.133034	-0.00980286
2.992	1.60438	0.940494	-0.269086	0.131543	0.00810469	-0.131413	-0.0102073
2.996	1.61068	0.941406	-0.268372	0.129934	0.00954403	-0.129857	-0.0105829
3	1.61688	0.942271	-0.267659	0.128363	0.0109323	-0.128363	-0.0109323
3.004	1.62301	0.943093	-0.266947	0.126829	0.0122733	-0.126928	-0.0112579
3.008	1.62906	0.943875	-0.266236	0.12533	0.0135705	-0.125547	-0.0115617
3.012	1.63505	0.94462	-0.265528	0.123864	0.0148271	-0.12422	-0.0118458
3.016	1.64097	0.945332	-0.264822	0.122429	0.016046	-0.122942	-0.0121118
3.02	1.64683	0.946013	-0.264118	0.121024	0.0172299	-0.121713	-0.0123614
3.024	1.65263	0.946666	-0.263417	0.119646	0.0183812	-0.120529	-0.0125958
3.028	1.65839	0.947292	-0.262719	0.118296	0.0195022	-0.119388	-0.0128165
3.032	1.66409	0.947893	-0.262024	0.116971	0.020595	-0.118289	-0.0130245
3.036	1.66976	0.948471	-0.261332	0.115671	0.0216615	-0.11723	-0.0132209
3.04	1.67537	0.949028	-0.260643	0.114394	0.0227036	-0.11621	-0.0134068
3.044	1.68095	0.949564	-0.259957	0.113139	0.0237228	-0.115226	-0.0135829
3.048	1.68649	0.950082	-0.259274	0.111905	0.0247209	-0.114278	-0.0137501
3.052	1.692	0.950581	-0.258595	0.110692	0.0256991	-0.113365	-0.0139092
3.056	1.69747	0.951064	-0.257919	0.109498	0.026659	-0.112484	-0.0140608
3.06	1.70291	0.951531	-0.257246	0.108323	0.0276018	-0.111635	-0.0142056
3.064	1.70832	0.951983	-0.256577	0.107165	0.0285287	-0.110817	-0.0143442
3.068	1.7137	0.952421	-0.255911	0.106025	0.029441	-0.110029	-0.014477
3.072	1.71905	0.952845	-0.255248	0.104901	0.0303395	-0.10927	-0.0146046
3.076	1.72437	0.953257	-0.254588	0.103793	0.0312255	-0.108539	-0.0147276
3.08	1.72967	0.953656	-0.253932	0.1027	0.0320999	-0.107836	-0.0148462
3.084	1.73495	0.954044	-0.253279	0.101621	0.0329637	-0.107159	-0.0149609
3.088	1.7402	0.954421	-0.252629	0.100557	0.0338176	-0.106508	-0.0150721
3.092	1.74543	0.954787	-0.251982	0.0995051	0.0346626	-0.105883	-0.0151802
3.096	1.75064	0.955143	-0.251338	0.0984664	0.0354996	-0.105282	-0.0152854
3.1	1.75583	0.955489	-0.250697	0.09744	0.0363292	-0.104706	-0.0153881
3.104	1.761	0.955825	-0.25006	0.0964254	0.0371523	-0.104153	-0.0154885
3.108	1.76615	0.956153	-0.249425	0.095422	0.0379697	-0.103623	-0.015587
3.112	1.77128	0.956472	-0.248793	0.0944294	0.0387819	-0.103117	-0.0156838
3.116	1.77639	0.956782	-0.248164	0.0934472	0.0395898	-0.102632	-0.0157792
3.12	1.78148	0.957085	-0.247538	0.0924749	0.040394	-0.102169	-0.0158733
3.124	1.78656	0.957379	-0.246914	0.0915121	0.0411951	-0.101728	-0.0159664
3.128	1.79162	0.957666	-0.246293	0.0905583	0.0419938	-0.101309	-0.0160588
3.132	1.79667	0.957946	-0.245675	0.0896133	0.0427908	-0.10091	-0.0161506
3.136	1.80169	0.958218	-0.24506	0.0886765	0.0435867	-0.100532	-0.016242
3.14	1.80671	0.958484	-0.244447	0.0877476	0.0443821	-0.100175	-0.0163332
3.144	1.81171	0.958742	-0.243836	0.0868262	0.0451775	-0.0998373	-0.0164244
3.148	1.81669	0.958994	-0.243228	0.085912	0.0459737	-0.0995202	-0.0165157
3.152	1.82166	0.959239	-0.242622	0.0850046	0.0467712	-0.099223	-0.0166074
3.156	1.82662	0.959478	-0.242018	0.0841036	0.0475705	-0.0989456	-0.0166995
3.16	1.83156	0.959711	-0.241417	0.0832087	0.0483724	-0.0986879	-0.0167923
3.164	1.83649	0.959938	-0.240817	0.0823195	0.0491774	-0.0984497	-0.0168859
3.168	1.8414	0.960158	-0.24022	0.0814357	0.0499861	-0.0982311	-0.0169805
3.172	1.8463	0.960373	-0.239625	0.080557	0.0507991	-0.0980319	-0.0170762
3.176	1.85119	0.960581	-0.239031	0.0796829	0.0516171	-0.0978521	-0.0171731
3.18	1.85607	0.960784	-0.23844	0.0788132	0.0524405	-0.0976918	-0.0172715
3.184	1.86093	0.960981	-0.23785	0.0779476	0.0532701	-0.097551	-0.0173714
3.188	1.86578	0.961172	-0.237262	0.0770856	0.0541065	-0.0974296	-0.017473
3.192	1.87062	0.961358	-0.236675	0.076227	0.0549503	-0.0973279	-0.0175764
3.196	1.87545	0.961538	-0.236091	0.0753713	0.0558023	-0.0972458	-0.0176819
3.2	1.88026	0.961713	-0.235507	0.0745184	0.0566629	-0.0971835	-0.0177895
3.204	1.88506	0.961881	-0.234925	0.0736677	0.057533	-0.0971412	-0.0178994
3.208	1.88985	0.962044	-0.234344	0.0728191	0.0584132	-0.097119	-0.0180117
3.212	1.89463	0.962202	-0.233764	0.071972	0.0593043	-0.097117	-0.0181267
3.216	1.89939	0.962354	-0.233186	0.0711262	0.0602069	-0.0971356	-0.0182444
3.22	1.90414	0.9625	-0.232608	0.0702813	0.061122	-0.097175	-0.018365
3.224	1.90888	0.96264	-0.232032	0.0694369	0.0620501	-0.0972354	-0.0184887
3.228	1.91361	0.962775	-0.231456	0.0685927	0.0629922	-0.0973172	-0.0186156
3.232	1.91832	0.962903	-0.230881	0.0677482	0.0639491	-0.0974206	-0.018746
3.236	1.92302	0.963026	-0.230306	0.0669031	0.0649217	-0.0975462	-0.0188799
3.24	1.92771	0.963143	-0.229732	0.0660569	0.0659109	-0.0976942	-0.0190177
3.244	1.93238	0.963253	-0.229158	0.0652093	0.0669176	-0.0978651	-0.0191594
3.248	1.93704	0.963358	-0.228585	0.0643598	0.0679428	-0.0980594	-0.0193053
3.252	1.94169	0.963455	-0.228011	0.0635079	0.0689875	-0.0982776	-0.0194556
3.256	1.94632	0.963547	-0.227438	0.0626533	0.0700528	-0.0985203	-0.0196104
3.26	1.95094	0.963631	-0.226864	0.0617954	0.0711399	-0.0987881	-0.0197701
3.264	1.95555	0.963709	-0.22629	0.0609337	0.0722499	-0.0990816	-0.0199348
3.268	1.96013	0.963779	-0.225716	0.0600677	0.0733841	-0.0994016	-0.0201048
3.272	1.96471	0.963842	-0.225141	0.0591969	0.0745437	-0.0997487	-0.0202804
3.276	1.96927	0.963897	-0.224565	0.0583207	0.0757301	-0.100124	-0.0204618
3.28	1.97381	0.963945	-0.223988	0.0574386	0.0769448	-0.100528	-0.0206493
3.284	1.97833	0.963984	-0.223409	0.0565499	0.0781892	-0.100961	-0.0208432
3.288	1.98284	0.964014	-0.22283	0.0556539	0.079465	-0.101426	-0.0210438
3.292	1.98732	0.964036	-0.222248	0.0547501	0.080774	-0.101922	-0.0212514
3.296	1.99179	0.964048	-0.221665	0.0538377	0.0821177	-0.102451	-0.0214665
3.3	1.99624	0.964051	-0.22108	0.0529159	0.0834983	-0.103015	-0.0216893
3.304	2.00066	0.964043	-0.220492	0.051984	0.0849176	-0.103614	-0.0219204
3.308	2.00507	0.964024	-0.219902	0.0510411	0.0863779	-0.10425	-0.02216
3.312	2.00945	0.963994	-0.219308	0.0500864	0.0878814	-0.104924	-0.0224086
3.316	2.0138	0.963952	-0.218711	0.0491188	0.0894306	-0.105639	-0.0226668
3.32	2.01813	0.963898	-0.218111	0.0481375	0.0910281	-0.106395	-0.022935
3.324	2.02243	0.96383	-0.217507	0.0471413	0.0926765	-0.107196	-0.0232138
3.328	2.02671	0.963747	-0.216898	0.046129	0.094379	-0.108042	-0.0235037
3.332	2.03095	0.963649	-0.216284	0.0450996	0.0961387	-0.108936	-0.0238054
3.336	2.03515	0.963535	-0.215665	0.0440517	0.097959	-0.10988	-0.0241196
3.34	2.03933	0.963404	-0.21504	0.0429838	0.0998435	-0.110877	-0.0244469
3.344	2.04346	0.963254	-0.214409	0.0418945	0.101796	-0.11193	-0.0247882
3.348	2.04755	0.963084	-0.213771	0.0407823	0.103822	-0.113042	-0.0251443
3.352	2.0516	0.962893	-0.213125	0.0396453	0.105924	-0.114216	-0.025516
3.356	2.0556	0.962678	-0.21247	0.0384816	0.108108	-0.115455	-0.0259044
3.36	2.05955	0.962439	-0.211807	0.0372894	0.11038	-0.116763	-0.0263105
3.364	2.06344	0.962172	-0.211133	0.0360663	0.112745	-0.118144	-0.0267355
3.368	2.06727	0.961877	-0.210449	0.03481	0.115209	-0.119604	-0.0271806
3.372	2.07104	0.961549	-0.209753	0.0335179	0.11778	-0.121146	-0.0276471
3.376	2.07474	0.961187	-0.209043	0.0321871	0.120464	-0.122776	-0.0281365
3.38	2.07835	0.960786	-0.20832	0.0308147	0.123271	-0.124501	-0.0286505
3.384	2.08188	0.960344	-0.20758	0.0293971	0.126209	-0.126325	-0.0291908
3.388	2.08531	0.959857	-0.206823	0.0279308	0.129287	-0.128258	-0.0297593
3.392	2.08864	0.959319	-0.206047	0.0264116	0.132517	-0.130305	-0.0303581
3.396	2.09186	0.958725	-0.205251	0.024835	0.135911	-0.132477	-0.0309896
3.4	2.09494	0.958071	-0.204431	0.0231962	0.139481	-0.134781	-0.0316564
3.404	2.09788	0.957348	-0.203585	0.0214895	0.143243	-0.13723	-0.0323612
3.408	2.10066	0.956549	-0.202711	0.0197088	0.147211	-0.139833	-0.0331074
3.412	2.10326	0.955666	-0.201806	0.0178475	0.151405	-0.142605	-0.0338983
3.416	2.10566	0.954687	-0.200866	0.0158978	0.155844	-0.14556	-0.0347379
3.42	2.10783	0.953602	-0.199887	0.0138513	0.160549	-0.148713	-0.0356306
3.424	2.10974	0.952396	-0.198864	0.0116984	0.165547	-0.152082	-0.0365813
3.428	2.11136	0.951053	-0.197793	0.00942842	0.170865	-0.155689	-0.0375954
3.432	2.11265	0.949555	-0.196666	0.00702908	0.176535	-0.159555	-0.0386792
3.436	2.11356	0.94788	-0.195478	0.00448659	0.182592	-0.163707	-0.0398397
3.44	2.11402	0.946001	-0.194218	0.00178523	0.189077	-0.168173	-0.0410848
3.444	2.11398	0.943887	-0.192879	-0.00109298	0.196036	-0.172987	-0.0424235
3.448	2.11335	0.941502	-0.191449	-0.00416869	0.203521	-0.178186	-0.0438663
3.452	2.11202	0.938799	-0.189913	-0.00746563	0.211593	-0.183815	-0.0454248
3.456	2.10989	0.935726	-0.188256	-0.0110113	0.220321	-0.189922	-0.0471127
3.46	2.10679	0.932217	-0.186459	-0.0148376	0.229785	-0.196565	-0.0489455
3.464	2.10256	0.928189	-0.184498	-0.0189816	0.240077	-0.203809	-0.0509414
3.468	2.09696	0.923545	-0.182346	-0.023487	0.251303	-0.211733	-0.0531213
3.472	2.08972	0.918158	-0.179966	-0.0284047	0.26359	-0.220424	-0.0555095
3.476	2.08048	0.911873	-0.177318	-0.0337951	0.277081	-0.229986	-0.0581344
3.48	2.06879	0.904492	-0.174347	-0.0397294	0.291946	-0.240539	-0.0610289
3.484	2.05409	0.895763	-0.170989	-0.046292	0.308383	-0.252223	-0.0642314
3.488	2.03562	0.885361	-0.167158	-0.0535828	0.32662	-0.265199	-0.0677865
3.492	2.01243	0.872864	-0.16275	-0.06172	0.346922	-0.279651	-0.0717452
3.496	1.98325	0.857722	-0.157628	-0.0708425	0.369589	-0.29579	-0.0761656
3.5	1.9464	0.839208	-0.151619	-0.0811116	0.394954	-0.313842	-0.0811116
3.504	1.89967	0.816363	-0.144499	-0.0927101	0.423371	-0.334048	-0.0866508
3.508	1.84012	0.787918	-0.135981	-0.105836	0.455184	-0.35663	-0.0928473
3.512	1.76384	0.752206	-0.1257	-0.120687	0.490659	-0.381748	-0.0997497
3.516	1.66578	0.70707	-0.113205	-0.137423	0.529873	-0.409405	-0.107367
3.52	1.53959	0.649822	-0.0979611	-0.156097	0.572497	-0.4393	-0.115626
3.524	1.37781	0.577341	-0.0793986	-0.176537	0.617484	-0.470586	-0.12431
3.528	1.17284	0.486497	-0.0570262	-0.198173	0.662643	-0.501578	-0.132977
3.532	0.919123	0.375112	-0.0306596	-0.219851	0.704284	-0.529507	-0.140889
3.536	0.61683	0.243521	-0.000740732	-0.239764	0.737297	-0.550618	-0.147035
3.54	0.244296	0.0961797	0.0314037	-0.255711	0.756185	-0.560969	-0.150338
3.544	0.0840621	-0.0580617	0.063647	-0.265774	0.757064	-0.557911	-0.150056
3.548	0.436572	-0.208091	0.0936445	-0.269121	0.739554	-0.54143	-0.146146
3.552	0.758816	-0.344213	0.119616	-0.266308	0.707003	-0.514223	-0.1393
3.556	1.03711	-0.460838	0.140789	-0.258874	0.664827	-0.480414	-0.130607
3.56	1.26796	-0.556741	0.157297	-0.248617	0.61839	-0.443979	-0.121133
3.564	1.45485	-0.633636	0.169792	-0.237059	0.571727	-0.40785	-0.111673
3.568	1.60446	-0.694527	0.179085	-0.225254	0.527311	-0.373772	-0.102707
3.572	1.724	-0.742586	0.185929	-0.213835	0.486368	-0.34257	-0.094468
3.576	1.81993	-0.780618	0.190944	-0.203128	0.449314	-0.314482	-0.0870307
3.58	1.89753	-0.810905	0.194606	-0.193264	0.416107	-0.28942	-0.0803793
3.584	1.96095	-0.835226	0.19727	-0.184264	0.386479	-0.267143	-0.0744555
3.588	2.01338	-0.854936	0.199194	-0.176091	0.360072	-0.247354	-0.0691844
3.592	2.05722	-0.871062	0.200568	-0.168682	0.336515	-0.229752	-0.0644887
3.596	2.09432	-0.884381	0.20153	-0.161962	0.315453	-0.214058	-0.060296
3.6	2.12607	-0.895482	0.202181	-0.155858	0.296566	-0.20002	-0.056541
3.604	2.15354	-0.904814	0.202595	-0.150302	0.279573	-0.187422	-0.0531668
3.608	2.17756	-0.912724	0.202829	-0.14523	0.26423	-0.176074	-0.050124
3.612	2.19876	-0.91948	0.202922	-0.140587	0.250329	-0.165816	-0.0473702
3.616	2.21766	-0.925292	0.202908	-0.136324	0.23769	-0.15651	-0.0448692
3.62	2.23464	-0.930326	0.20281	-0.132398	0.226159	-0.148039	-0.0425902
3.624	2.25004	-0.934712	0.202646	-0.128772	0.215605	-0.140303	-0.0405065
3.628	2.2641	-0.938558	0.20243	-0.125413	0.205914	-0.133215	-0.0385956
3.632	2.27703	-0.941947	0.202173	-0.122293	0.19699	-0.126703	-0.0368378
3.636	2.289	-0.94495	0.201885	-0.119387	0.188748	-0.120701	-0.0352164
3.64	2.30015	-0.947623	0.201571	-0.116673	0.181117	-0.115157	-0.0337167
3.644	2.3106	-0.950014	0.201238	-0.114133	0.174033	-0.110021	-0.0323261
3.648	2.32043	-0.95216	0.20089	-0.111751	0.16744	-0.105252	-0.0310336
3.652	2.32973	-0.954096	0.200529	-0.10951	0.161292	-0.100814	-0.0298296
3.656	2.33857	-0.955848	0.200159	-0.107399	0.155545	-0.0966762	-0.0287056
3.66	2.34701	-0.957439	0.199783	-0.105405	0.150163	-0.0928093	-0.0276542
3.664	2.35508	-0.958889	0.199401	-0.103519	0.145112	-0.089189	-0.0266688
3.668	2.36284	-0.960215	0.199016	-0.101732	0.140364	-0.0857935	-0.0257436
3.672	2.37032	-0.961431	0.198628	-0.100036	0.135892	-0.0826034	-0.0248734
3.676	2.37754	-0.962549	0.198238	-0.0984227	0.131675	-0.0796013	-0.0240536
3.68	2.38455	-0.96358	0.197848	-0.0968864	0.12769	-0.0767719	-0.0232801
3.684	2.39135	-0.964534	0.197458	-0.095421	0.12392	-0.0741013	-0.0225492
3.688	2.39797	-0.965418	0.197068	-0.0940213	0.120348	-0.071577	-0.0218576
3.692	2.40444	-0.966239	0.196679	-0.0926825	0.116958	-0.0691879	-0.0212023
3.696	2.41075	-0.967004	0.196292	-0.0914004	0.113739	-0.0669239	-0.0205807
3.7	2.41693	-0.967717	0.195905	-0.0901711	0.110676	-0.0647759	-0.0199902
3.704	2.42299	-0.968385	0.195521	-0.0889908	0.10776	-0.0627355	-0.0194286
3.708	2.42894	-0.96901	0.195138	-0.0878565	0.10498	-0.0607952	-0.018894
3.712	2.43479	-0.969598	0.194757	-0.0867652	0.102327	-0.0589482	-0.0183845
3.716	2.44055	-0.97015	0.194378	-0.085714	0.0997921	-0.0571883	-0.0178985
3.72	2.44622	-0.97067	0.194002	-0.0847007	0.0973683	-0.0555096	-0.0174344
3.724	2.45182	-0.971162	0.193628	-0.0837228	0.0950482	-0.053907	-0.0169908
3.728	2.45734	-0.971626	0.193256	-0.0827782	0.0928255	-0.0523757	-0.0165664
3.732	2.4628	-0.972066	0.192886	-0.0818651	0.0906942	-0.0509113	-0.0161601
3.736	2.4682	-0.972483	0.192519	-0.0809816	0.0886489	-0.0495096	-0.0157708
3.74	2.47354	-0.97288	0.192154	-0.0801261	0.0866845	-0.048167	-0.0153974
3.744	2.47882	-0.973256	0.191792	-0.0792971	0.0847964	-0.0468799	-0.015039
3.748	2.48406	-0.973615	0.191432	-0.0784931	0.0829802	-0.0456453	-0.0146949
3.752	2.48926	-0.973958	0.191074	-0.0777128	0.081232	-0.04446	-0.0143641
3.756	2.49441	-0.974284	0.190718	-0.0769551	0.079548	-0.0433215	-0.0140459
3.76	2.49952	-0.974597	0.190365	-0.0762188	0.0779249	-0.0422271	-0.0137397
3.764	2.5046	-0.974896	0.190014	-0.0755027	0.0763594	-0.0411744	-0.0134449
3.768	2.50964	-0.975182	0.189666	-0.074806	0.0748485	-0.0401613	-0.0131608
3.772	2.51465	-0.975457	0.189319	-0.0741277	0.0733895	-0.0391856	-0.0128868
3.776	2.51963	-0.975721	0.188975	-0.0734669	0.0719797	-0.0382456	-0.0126226
3.78	2.52458	-0.975975	0.188633	-0.0728229	0.0706168	-0.0373393	-0.0123675
3.784	2.5295	-0.976219	0.188293	-0.0721949	0.0692985	-0.0364651	-0.0121211
3.788	2.5344	-0.976455	0.187955	-0.0715821	0.0680226	-0.0356215	-0.0118831
3.792	2.53928	-0.976681	0.187619	-0.0709839	0.0667871	-0.0348069	-0.011653
3.796	2.54413	-0.9769	0.187285	-0.0703997	0.0655902	-0.03402	-0.0114304
3.8	2.54896	-0.977112	0.186954	-0.0698289	0.0644302	-0.0332595	-0.0112151
3.804	2.55377	-0.977316	0.186624	-0.0692709	0.0633053	-0.0325241	-0.0110066
3.808	2.55856	-0.977514	0.186296	-0.0687252	0.0622141	-0.0318128	-0.0108046
3.812	2.56334	-0.977705	0.18597	-0.0681913	0.061155	-0.0311244	-0.010609
3.816	2.56809	-0.977891	0.185646	-0.0676687	0.0601266	-0.0304579	-0.0104193
3.82	2.57284	-0.978071	0.185324	-0.0671571	0.0591277	-0.0298124	-0.0102354
3.824	2.57756	-0.978245	0.185004	-0.0666559	0.0581571	-0.029187	-0.010057
3.828	2.58227	-0.978415	0.184685	-0.0661649	0.0572135	-0.0285807	-0.00988384
3.832	2.58697	-0.978579	0.184368	-0.0656835	0.0562959	-0.0279929	-0.00971575
3.836	2.59165	-0.97874	0.184053	-0.0652115	0.0554032	-0.0274227	-0.00955249
3.84	2.59632	-0.978895	0.18374	-0.0647485	0.0545345	-0.0268694	-0.00939389
3.844	2.60098	-0.979047	0.183429	-0.0642943	0.0536888	-0.0263324	-0.00923975
3.848	2.60563	-0.979195	0.183119	-0.0638484	0.0528651	-0.0258109	-0.0090899
3.852	2.61026	-0.979339	0.18281	-0.0634107	0.0520628	-0.0253044	-0.00894417
3.856	2.61489	-0.97948	0.182504	-0.0629807	0.0512809	-0.0248122	-0.00880241
3.86	2.61951	-0.979617	0.182198	-0.0625584	0.0505188	-0.0243339	-0.00866446
3.864	2.62411	-0.979751	0.181895	-0.0621434	0.0497756	-0.0238689	-0.00853019
3.868	2.62871	-0.979882	0.181593	-0.0617355	0.0490508	-0.0234167	-0.00839945
3.872	2.63329	-0.980009	0.181292	-0.0613344	0.0483435	-0.0229767	-0.00827211
3.876	2.63787	-0.980134	0.180993	-0.06094	0.0476533	-0.0225487	-0.00814806
3.88	2.64244	-0.980257	0.180696	-0.060552	0.0469796	-0.022132	-0.00802718
3.884	2.64701	-0.980376	0.1804	-0.0601703	0.0463216	-0.0217264	-0.00790935
3.888	2.65156	-0.980494	0.180105	-0.0597946	0.045679	-0.0213314	-0.00779447
3.892	2.65611	-0.980608	0.179812	-0.0594248	0.0450512	-0.0209466	-0.00768244
3.896	2.66065	-0.980721	0.17952	-0.0590607	0.0444377	-0.0205718	-0.00757315
3.9	2.66518	-0.980831	0.17923	-0.0587021	0.0438381	-0.0202064	-0.00746653
3.904	2.66971	-0.98094	0.178941	-0.0583489	0.0432518	-0.0198503	-0.00736246
3.908	2.67423	-0.981046	0.178653	-0.0580009	0.0426784	-0.019503	-0.00726088
3.912	2.67874	-0.98115	0.178367	-0.057658	0.0421176	-0.0191644	-0.0071617
3.916	2.68325	-0.981252	0.178082	-0.0573201	0.0415689	-0.0188341	-0.00706484
3.92	2.68775	-0.981353	0.177798	-0.0569869	0.0410319	-0.0185118	-0.00697023
3.924	2.69225	-0.981451	0.177515	-0.0566584	0.0405063	-0.0181973	-0.0068778
3.928	2.69674	-0.981548	0.177234	-0.0563345	0.0399918	-0.0178903	-0.00678747
3.932	2.70123	-0.981644	0.176954	-0.056015	0.039488	-0.0175906	-0.00669919
3.936	2.70571	-0.981738	0.176675	-0.0556999	0.0389945	-0.0172979	-0.00661288
3.94	2.71018	-0.98183	0.176398	-0.0553889	0.0385111	-0.017012	-0.0065285
3.944	2.71465	-0.981921	0.176121	-0.055082	0.0380375	-0.0167328	-0.00644597
3.948	2.71912	-0.98201	0.175846	-0.0547792	0.0375734	-0.01646	-0.00636525
3.952	2.72358	-0.982098	0.175572	-0.0544802	0.0371185	-0.0161934	-0.00628628
3.956	2.72804	-0.982185	0.175299	-0.0541851	0.0366725	-0.0159328	-0.00620901
3.96	2.73249	-0.982271	0.175028	-0.0538936	0.0362352	-0.015678	-0.00613339
3.964	2.73694	-0.982355	0.174757	-0.0536058	0.0358064	-0.015429	-0.00605937
3.968	2.74139	-0.982438	0.174488	-0.0533215	0.0353858	-0.0151854	-0.00598691
3.972	2.74583	-0.98252	0.174219	-0.0530407	0.0349732	-0.0149471	-0.00591596
3.976	2.75027	-0.9826	0.173952	-0.0527633	0.0345683	-0.014714	-0.00584648
3.98	2.7547	-0.98268	0.173686	-0.0524892	0.034171	-0.014486	-0.00577843
3.984	2.75913	-0.982758	0.173421	-0.0522183	0.033781	-0.0142628	-0.00571177
3.988	2.76356	-0.982836	0.173157	-0.0519505	0.0333983	-0.0140444	-0.00564646
3.992	2.76798	-0.982912	0.172894	-0.0516859	0.0330224	-0.0138306	-0.00558246
3.996	2.7724	-0.982988	0.172632	-0.0514242	0.0326534	-0.0136213	-0.00551975
