
w/ correct factor of 1/2
0 4.60362320188194
2 6.79821764838072
4 8.96140811322661
  10.7273069024898  loner
7 11.1132547299761
9 13.3241098484603
11 15.8040514896716
13 18.6641547208107


and wrong factor of 1/2

8.4453731225453
11.5649369163936
14.6436122063284
17.7036083207181
20.7387525784161
23.7710927419176
26.8716339912068


by comparison

  1     14.134725   0.48726
  2     21.022040   0.1897
  3     25.010858   0.2164
  4     30.424876   0.08250
  5     32.935062   0.14122
  6     37.586178
