#
# Step function sums at y=0.6 nbits=220 depth=6
#
# column labels
# beta, em, theta(beta/2-y), theta(alpha-y), theta(alpha-beta/2-y),
# integrals for each of the three above.
#
1.00099	1	0	1	0	6.47567	9.96946	3.86389
1.00298	1	0	1	0	5.50348	8.46496	3.33019
1.00497	1	0	1	0	5.05882	7.77628	3.08509
1.00696	1	0	1	0	4.7645	7.31215	2.91504
1.00895	1	0	1	0	4.55638	6.99371	2.8
1.01093	1	0	1	0	4.39377	6.73611	2.70321
1.01292	1	0	1	0	4.24599	6.51515	2.62564
1.01491	1	0	1	0	4.11222	6.28052	2.53271
1.0169	1	0	1	0	4.00887	6.13372	2.48239
1.01889	1	0	1	0	3.92981	5.99822	2.4251
1.02087	1	0	1	0	3.85368	5.89117	2.39097
1.02286	1	0	1	0	3.76077	5.72867	2.33302
1.02485	1	0	1	0	3.68441	5.61384	2.28373
1.02684	1	0.0133293	1.02666	0	3.6243	5.52833	2.2596
1.02883	1	0.0131755	1.02635	0	3.56863	5.45389	2.22822
1.03082	1	0.0130237	1.02605	0	3.52649	5.38707	2.1993
1.0328	1	0.0394667	1.07893	0	3.44457	5.24883	2.15214
1.03479	1	0.0395103	1.07901	0	3.45302	5.25567	2.13955
1.03678	1	0.0391374	1.07827	0	3.38573	5.14916	2.1078
1.03877	1	0.0924446	1.18488	0	3.34123	5.07269	2.07163
1.04076	1	0.0937597	1.18537	0	3.31548	5.01522	2.04288
1.04274	1	0.0930666	1.18551	0	3.28637	4.98435	2.03977
1.04473	1	0.0924058	1.18252	0	3.2335	4.87376	1.98711
1.04672	1	0.200722	1.40075	0	3.22958	4.89085	1.99459
1.04871	1	0.199464	1.39819	0	3.1658	4.80009	1.96846
1.0507	1	0.20275	1.39941	0	3.14211	4.74635	1.94737
1.05268	1	0.20238	1.3985	0	3.10391	4.67701	1.91701
1.05467	1	0.198498	1.39862	0	3.09048	4.69226	1.93742
1.05666	1	0.202094	1.40049	0	3.09813	4.67632	1.90371
1.05865	1	0.201312	1.39558	0	3.03007	4.60051	1.89267
1.06064	1	0.198201	1.39212	0	2.99896	4.53597	1.86909
1.06262	1	0.199456	1.39444	0	2.98055	4.51099	1.84872
1.06461	1	0.421994	1.83936	0	2.97431	4.5195	1.86113
1.0666	1	0.424263	1.82999	0	2.91898	4.34355	1.77183
1.06859	1	0.415701	1.83008	0	2.91229	4.37236	1.78997
1.07058	1	0.424453	1.84719	8.62567e-05	2.89595	4.41084	1.82017
1.07256	1	0.423068	1.8406	0	2.90208	4.38388	1.79942
1.07455	1	0.42144	1.8223	0	2.84507	4.24143	1.74106
1.07654	1	0.412215	1.81926	0	2.77956	4.18004	1.72263
1.07853	1	0.412825	1.82397	0.000528685	2.79922	4.21493	1.74394
1.08052	1	0.431176	1.83949	0	2.83757	4.28333	1.74775
1.0825	1	0.429431	1.84117	0	2.80611	4.22974	1.72477
1.08449	1	0.419218	1.81978	0	2.75903	4.12743	1.68909
1.08648	1	0.427873	1.8365	0	2.77089	4.17369	1.69909
1.08847	1	0.41835	1.81729	5.40883e-06	2.70438	4.0457	1.65692
1.09046	1	0.425172	1.83037	0	2.75468	4.18261	1.70814
1.09245	1	0.424982	1.82938	0.000226103	2.67977	4.05611	1.66696
1.09443	1	0.423863	1.82701	0.000269339	2.67858	3.96587	1.62079
1.09642	1	0.878386	2.73609	0	2.69415	4.02363	1.63071
1.09841	1	0.877027	2.73228	1.60888e-06	2.62471	3.9243	1.60682
1.1004	1	0.895582	2.72749	0	2.68845	3.98111	1.60625
1.10239	1	0.888467	2.75284	0	2.65314	3.95431	1.60835
1.10437	1	0.872115	2.72753	0.000471948	2.63225	3.97316	1.62502
1.10636	1	0.897463	2.72654	0	2.62615	3.88511	1.59003
1.10835	1	0.868496	2.71234	4.65273e-05	2.59366	3.86669	1.58419
1.11034	1	0.899006	2.72828	0.000175501	2.60128	3.83591	1.56209
1.11233	1	0.879885	2.74232	0	2.58932	3.87072	1.58492
1.11431	1	0.906921	2.74893	0	2.61005	3.85172	1.56453
1.1163	1	0.853789	2.68749	2.36971e-05	2.54852	3.78651	1.53871
1.11829	1	0.900714	2.73681	0	2.6094	3.86786	1.55123
1.12028	1	0.886962	2.75238	0.000281419	2.53416	3.7814	1.55779
1.12227	1	0.885619	2.70234	0	2.53754	3.74388	1.50523
1.12425	1	0.907063	2.79345	0.000187122	2.52011	3.78239	1.54141
1.12624	1	0.930785	2.7859	1.78156e-05	2.5739	3.84026	1.54328
1.12823	1	0.87682	2.68038	3.74909e-05	2.488	3.63121	1.46143
1.13022	1	0.896008	2.76967	1.45733e-05	2.48192	3.70365	1.49396
1.13221	1	0.941194	2.80467	0	2.53757	3.77447	1.50276
1.13419	1	0.894793	2.76451	0.00118562	2.43656	3.67942	1.501
1.13618	1	0.839748	2.64406	0.00167169	2.42431	3.58756	1.47921
1.13817	1	0.891515	2.69717	0	2.47683	3.6549	1.48413
1.14016	1	0.884082	2.73125	0.00204087	2.41478	3.6421	1.5009
1.14215	1	0.856884	2.67644	0.000976938	2.40259	3.56254	1.45914
1.14414	1	0.898966	2.69791	2.15931e-06	2.4527	3.61832	1.45457
1.14612	1	0.921897	2.75441	4.21554e-05	2.48834	3.67201	1.46029
1.14811	1	0.874577	2.70917	0.00194543	2.41286	3.61516	1.48108
1.1501	1	0.921665	2.74391	0.00100302	2.45629	3.66067	1.47962
1.15209	1	0.882982	2.66569	0.000897844	2.39813	3.50168	1.4225
1.15408	1	0.938758	2.78287	0.000118075	2.43439	3.55472	1.42516
1.15606	1	0.918794	2.79436	0.000737448	2.39779	3.58727	1.4573
1.15805	1	0.949218	2.80038	0.000239966	2.43479	3.63495	1.4599
1.16004	1	0.928711	2.75196	0.000507385	2.41837	3.55759	1.43426
1.16203	1	0.922332	2.73483	0.000506671	2.38128	3.45201	1.39361
1.16402	1	0.886406	2.73194	7.05728e-05	2.33725	3.5047	1.42014
1.166	1	0.950119	2.78846	6.3761e-05	2.37357	3.53427	1.41617
1.16799	1	0.866847	2.62105	0.00272701	2.33436	3.41438	1.40226
1.16998	1	0.868675	2.62046	0.000955505	2.37388	3.45693	1.40243
1.17197	1	0.887422	2.67172	7.09058e-05	2.38825	3.47916	1.40144
1.17396	1	0.853868	2.65698	0.00801876	2.34491	3.51133	1.44642
1.17594	1	0.838163	2.55763	1.6818e-05	2.25401	3.2945	1.33987
1.17793	1	0.899141	2.66996	0	2.29464	3.34609	1.33919
1.17992	1	0.897517	2.67497	1.47934e-06	2.32811	3.37824	1.33527
1.18191	1	0.891512	2.66936	0.000800067	2.34908	3.40966	1.34078
1.1839	1	0.888375	2.66241	6.62806e-06	2.37576	3.44075	1.34308
1.18588	1	0.893888	2.65219	0.002806	2.314	3.44671	1.38722
1.18787	1	0.894219	2.65107	0.00119551	2.34833	3.47773	1.38103
1.18986	1	0.890802	2.64611	0.00252357	2.3675	3.49485	1.37978
1.19185	1	0.9515	2.77931	0.00224507	2.30693	3.35566	1.34436
1.19384	1	0.951286	2.78444	0.0040957	2.34006	3.40523	1.34888
1.19583	1	0.953295	2.78289	0	2.30004	3.29882	1.29531
1.19781	1	0.957271	2.77234	0.00408568	2.23275	3.33771	1.34639
1.1998	1	0.954543	2.76701	0.00206319	2.26753	3.36002	1.34358
1.20179	1	1.95527	2.75916	0.704015	2.29292	3.37465	1.33555
1.20378	1	1.94706	2.75667	0.701343	2.31736	3.40839	1.33466
1.20577	1	1.95107	2.76304	0.699395	2.32674	3.41625	1.33161
1.20775	1	1.9538	2.75903	0.697258	2.36097	3.45279	1.33068
1.20974	1	2.03991	2.93897	0.695218	2.37972	3.48659	1.3351
1.21173	1	1.95912	2.78312	0.698083	2.29645	3.29107	1.29792
1.21372	1	1.95759	2.76724	0.694037	2.22402	3.32714	1.32834
1.21571	1	1.95152	2.76221	0.691753	2.25492	3.35764	1.32548
1.21769	1	1.95439	2.76771	0.69038	2.27048	3.37889	1.32917
1.21968	1	2.00561	2.86821	0.686231	2.28628	3.39074	1.32211
1.22167	1	1.83395	2.51061	0.678927	2.15008	3.06053	1.26504
1.22366	1	1.84025	2.51778	0.673237	2.16627	3.0797	1.26089
1.22565	1	1.83521	2.50945	0.670284	2.18945	3.09983	1.2534
1.22763	1	1.83328	2.50419	0.669045	2.21698	3.14769	1.26304
1.22962	1	1.9177	2.50324	0.668898	2.21135	3.14997	1.26266
1.23161	1	1.92604	2.52202	0.665449	2.24172	3.17454	1.25701
1.2336	1	1.91949	2.68229	0.677768	2.15804	3.19631	1.31706
1.23559	1	1.93101	2.68883	0.667143	2.17611	3.18771	1.29664
1.23757	1	1.83835	2.50318	0.658435	2.11089	3.03317	1.21559
1.23956	1	1.84441	2.50227	0.656241	2.13548	3.07194	1.21813
1.24155	1	1.85164	2.526	0.65385	2.16157	3.1038	1.21787
1.24354	1	1.84599	2.51428	0.648699	2.17619	3.11145	1.20962
1.24553	1	1.85409	2.52879	0.647487	2.19504	3.14034	1.21463
1.24751	1	1.81829	2.4791	0.646043	2.18445	3.11782	1.20803
1.2495	1	1.81804	2.47617	0.643448	2.21407	3.15374	1.20564
1.25149	1	2.07075	2.76074	0.642328	2.22596	3.18086	1.21378
1.25348	1	2.05324	2.73471	0.640464	2.23395	3.16559	1.19893
1.25547	1	1.94832	2.70874	0.656717	2.12675	3.17238	1.27617
1.25746	1	1.98572	2.77084	0.650953	2.16609	3.20785	1.27096
1.25944	1	1.96772	2.73095	0.63959	2.17516	3.2082	1.2617
1.26143	1	1.97989	2.77039	0.643388	2.2027	3.2453	1.26314
1.26342	1	2.06732	2.9446	0.640336	2.21687	3.24225	1.2516
1.26541	1	2.08977	2.97288	0.637493	2.23413	3.25527	1.24933
1.2674	1	2.08564	2.96789	0.630828	2.23776	3.25932	1.24702
1.26938	1	2.06249	2.95945	0.628622	2.24054	3.27355	1.24649
1.27137	1	2.06841	2.95183	0.627894	2.27348	3.305	1.24438
1.27336	1	1.97361	2.76017	0.62471	2.18268	3.10812	1.1956
1.27535	1	1.99276	2.81069	0.625188	2.18989	3.1314	1.20106
1.27734	1	2.1037	2.78232	0.623402	2.20188	3.13153	1.185
1.27932	1	2.06583	2.67555	0.616737	2.18552	3.06864	1.16229
1.28131	1	2.07109	2.68807	0.615365	2.20771	3.10616	1.16577
1.2833	1	2.05872	2.70397	0.614031	2.21553	3.13287	1.17351
1.28529	1	1.95768	2.70412	0.640983	2.09629	3.12075	1.22365
1.28728	1	1.95303	2.68882	0.628429	2.1267	3.14648	1.21668
1.28926	1	1.93368	2.65488	0.622208	2.13188	3.12978	1.20784
1.29125	1	1.95497	2.66944	0.617614	2.15847	3.159	1.20364
1.29324	1	1.96557	2.74814	0.618433	2.15603	3.189	1.21881
1.29523	1	1.94771	2.71206	0.614875	2.16653	3.18411	1.20567
1.29722	1	1.96831	2.74446	0.613133	2.19453	3.21493	1.20445
1.2992	1	2.00392	2.80472	0.611899	2.21322	3.2356	1.20334
1.30119	1	1.99128	2.7977	0.608933	2.21865	3.25342	1.20875
1.30318	1	2.00606	2.79905	0.6049	2.23802	3.264	1.20234
1.30517	1	1.99196	2.76746	0.604141	2.22704	3.23452	1.20057
1.30716	1	2.08716	2.94997	0.600984	2.24187	3.23243	1.18346
1.30915	1	2.10748	2.95249	0.599087	2.25574	3.24457	1.18114
1.31113	1	2.22325	2.95081	0.597955	2.2697	3.27305	1.18592
1.31312	1	2.23043	2.99276	0.597011	2.28378	3.30277	1.18995
1.31511	1	2.23085	2.95416	0.594507	2.29244	3.29236	1.18072
1.3171	1	2.24509	3.01157	0.591074	2.29774	3.31178	1.18263
1.31909	1	2.25935	3.0436	0.587947	2.32414	3.34466	1.18265
1.32107	1	2.29075	3.07521	0.586431	2.34529	3.36383	1.17966
1.32306	1	2.31599	3.09741	0.585033	2.36951	3.39673	1.18143
1.32505	1	1.65453	2.10976	0.566622	1.76281	2.49541	1.03211
1.32704	1	1.65953	2.11427	0.565285	1.80343	2.54012	1.03621
1.32903	1	1.66353	2.11861	0.564049	1.83142	2.57294	1.0388
1.33101	1	1.67551	2.11844	0.56146	1.85751	2.59918	1.03817
1.333	1	1.69473	2.14877	0.558476	1.88276	2.62567	1.03882
1.33499	1	1.68168	2.15274	0.558672	1.89149	2.65048	1.04669
1.33698	1	1.70693	2.16634	0.560587	1.91419	2.67581	1.04799
1.33897	1	1.71956	2.17531	0.541159	1.91903	2.65895	1.02833
1.34095	1	1.71331	2.18586	0.543026	1.93227	2.68782	1.03372
1.34294	1	1.73324	2.18612	0.541645	1.95631	2.70932	1.03248
1.34493	1	1.73085	2.18944	0.539744	1.96602	2.71937	1.0322
1.34692	1	1.7172	2.16489	0.540913	1.97371	2.72358	1.03058
1.34891	1	1.74234	2.21902	0.540807	1.99159	2.75732	1.03768
1.35089	1	1.74959	2.24322	0.539598	2.00632	2.7853	1.0414
1.35288	1	1.73359	2.21117	0.535398	2.00677	2.76427	1.03285
1.35487	1	1.74638	2.20958	0.531147	2.03316	2.79252	1.02972
1.35686	1	1.88444	2.19313	0.541174	2.03454	2.78542	1.02441
1.35885	1	1.8987	2.21691	0.537177	2.04005	2.80439	1.02709
1.36083	1	1.87293	2.182	0.537574	2.0371	2.79422	1.02295
1.36282	1	1.86896	2.18852	0.533154	2.05877	2.8244	1.0231
1.36481	1	1.88453	2.18653	0.531313	2.07916	2.84574	1.02152
1.3668	1	1.86043	2.2342	0.537281	2.04867	2.8632	1.04345
1.36879	1	1.84572	2.2224	0.528641	2.05631	2.87749	1.04123
1.37078	1	2.12606	2.77512	0.52754	2.06259	2.86548	1.03554
1.37276	1	2.10796	2.7459	0.530904	2.06477	2.85521	1.03113
1.37475	1	2.11978	2.72881	0.518874	2.0806	2.86773	1.02304
1.37674	1	2.11614	2.71922	0.518168	2.09811	2.89146	1.02302
1.37873	1	2.19346	2.81564	0.518493	2.11669	2.91285	1.02226
1.38072	1	1.9427	2.62037	0.548566	1.89128	2.75837	1.06582
1.3827	1	1.94095	2.61456	0.542041	1.9199	2.78968	1.06403
1.38469	1	1.95628	2.6436	0.536957	1.94371	2.81643	1.06457
1.38668	1	1.93292	2.58848	0.501871	1.94267	2.79252	1.0302
1.38867	1	1.93091	2.58644	0.499064	1.96015	2.81381	1.02969
1.39066	1	1.94312	2.58405	0.500096	1.97845	2.83658	1.02976
1.39264	1	1.93738	2.57497	0.497409	1.99598	2.85524	1.02766
1.39463	1	1.98449	2.66343	0.494244	2.01089	2.87498	1.02938
1.39662	1	1.9678	2.63476	0.48954	2.02006	2.87603	1.02578
1.39861	1	2.03025	2.76848	0.494182	2.03223	2.90064	1.03264
1.4006	1	2.02309	2.75849	0.493182	2.03064	2.89052	1.02893
1.40258	1	2.01456	2.73834	0.487379	2.04406	2.89814	1.02294
1.40457	1	1.98589	2.67142	0.482088	2.03338	2.86324	1.01011
1.40656	1	1.97913	2.69453	0.485735	2.03714	2.88935	1.0196
1.40855	1	2.00759	2.72005	0.484251	2.05562	2.90621	1.018
1.41054	1	1.99812	2.70351	0.482813	2.06759	2.91706	1.01384
1.41252	1	2.01308	2.70208	0.483406	2.08084	2.9343	1.01394
1.41451	1	2.02664	2.7179	0.481485	2.1052	2.96574	1.01515
1.4165	1	2.05653	2.79153	0.476437	2.10074	2.95961	1.01157
1.41849	1	2.05812	2.7975	0.473644	2.12214	2.98249	1.01106
1.42048	1	2.16554	2.77042	0.488785	2.07768	2.97732	1.03148
1.42247	1	2.1897	2.79829	0.487385	2.09604	3.00061	1.03239
1.42445	1	2.17574	2.765	0.482313	2.10114	2.99406	1.02655
1.42644	1	2.17123	2.76271	0.481028	2.12193	3.02057	1.02679
1.42843	1	2.18651	2.81449	0.492929	2.12388	3.03494	1.03245
1.43042	1	2.14841	2.733	0.480412	2.10253	2.97301	1.01408
1.43241	1	2.146	2.72626	0.478786	2.11947	2.99055	1.01218
1.43439	1	2.16899	2.72236	0.479471	2.12464	3.01257	1.01891
1.43638	1	2.13426	2.61377	0.463236	2.09836	2.94209	0.994437
1.43837	1	2.13898	2.61832	0.4579	2.11517	2.9597	0.991937
1.44036	1	2.15546	2.6322	0.455256	2.13399	2.98464	0.993425
1.44235	1	2.16181	2.63231	0.456386	2.15598	3.00764	0.994929
1.44433	1	2.10399	2.568	0.451097	2.1262	2.97664	0.98583
1.44632	1	2.20151	2.76598	0.450545	2.14698	3.00058	0.987117
1.44831	1	2.21193	2.77664	0.448182	2.16043	3.01562	0.985209
1.4503	1	2.23223	2.80581	0.451136	2.18329	3.03973	0.985464
1.45229	1	2.22738	2.81456	0.449709	2.1947	3.05811	0.987331
1.45427	1	2.2451	2.82451	0.451062	2.20331	3.0811	0.992445
1.45626	1	2.24161	2.81092	0.448303	2.21687	3.09303	0.990871
1.45825	1	2.24047	2.79198	0.442858	2.22779	3.09812	0.986768
1.46024	1	2.25014	2.79758	0.439767	2.23888	3.1077	0.982882
1.46223	1	2.26983	2.83505	0.439876	2.26106	3.13665	0.984772
1.46421	1	2.27727	2.8352	0.437446	2.28561	3.1618	0.983791
1.4662	1	1.81502	2.34484	0.433922	1.86515	2.73069	0.977503
1.46819	1	1.82274	2.34994	0.432376	1.89455	2.76268	0.98081
1.47018	1	1.8282	2.35772	0.426458	1.91339	2.7802	0.979349
1.47217	1	1.84173	2.39029	0.42558	1.93301	2.80684	0.983102
1.47416	1	1.85812	2.39542	0.426274	1.9544	2.83212	0.986002
1.47614	1	1.86089	2.40005	0.424882	1.9688	2.85441	0.988758
1.47813	1	1.85507	2.39474	0.42412	1.98327	2.87152	0.990804
1.48012	1	1.86799	2.38967	0.423322	1.99563	2.88116	0.990129
1.48211	1	1.8375	2.29721	0.40964	1.97413	2.81488	0.964228
1.4841	1	1.8305	2.30154	0.410438	1.98865	2.8416	0.969228
1.48608	1	1.83123	2.30524	0.408621	1.99907	2.84782	0.966426
1.48807	1	1.99429	2.60969	0.405817	2.01962	2.8724	0.967036
1.49006	1	2.02827	2.67228	0.404515	2.03041	2.87659	0.965166
1.49205	1	2.01291	2.66958	0.406321	2.03517	2.89624	0.970445
1.49404	1	2.02045	2.7017	0.408238	2.04844	2.9172	0.974283
1.49602	1	2.04356	2.70389	0.407556	2.06795	2.94125	0.975354
1.49801	1	1.98029	2.71068	0.416161	2.02758	2.96195	0.996487
1.5	1	1.95931	2.65683	0.408553	2.02561	2.93961	0.988329
1.50199	1	1.94911	2.6538	0.40421	2.03249	2.95415	0.987535
1.50398	1	1.95779	2.67042	0.402313	2.05434	2.98097	0.989405
1.50596	1	1.98063	2.72312	0.403752	2.06935	3.00156	0.991729
1.50795	1	1.98497	2.71697	0.409548	2.07643	3.02088	0.998306
1.50994	1	1.95696	2.66401	0.404787	2.06979	2.99241	0.991662
1.51193	1	1.95179	2.65265	0.403231	2.08344	3.00638	0.990168
1.51392	1	1.96992	2.66486	0.395198	2.0815	2.98922	0.985225
1.5159	1	2.01555	2.66437	0.393334	2.09843	3.01215	0.987052
1.51789	1	2.00447	2.65541	0.389355	2.10126	3.02643	0.98696
1.51988	1	2.21832	2.64837	0.468631	2.11589	3.03885	0.985457
1.52187	1	2.25104	2.72708	0.480142	2.13076	3.06298	0.988465
1.52386	1	2.24866	2.7302	0.478944	2.14665	3.08567	0.991462
1.52584	1	2.25193	2.69205	0.476911	2.14937	3.07696	0.986221
1.52783	1	2.27453	2.71415	0.471158	2.16538	3.08927	0.982668
1.52982	1	2.26957	2.726	0.471485	2.17871	3.11672	0.988994
1.53181	1	2.2597	2.70909	0.470342	2.18976	3.12819	0.988087
1.5338	1	2.28201	2.73075	0.47084	2.21342	3.15649	0.990042
1.53579	1	2.14918	2.48481	0.456882	2.10655	2.94222	0.952562
1.53777	1	2.15227	2.48897	0.455454	2.12673	2.97008	0.953831
1.53976	1	2.11056	2.44285	0.435942	2.10463	2.94892	0.941789
1.54175	1	2.10721	2.42632	0.430863	2.1159	2.96113	0.939658
1.54374	1	2.12832	2.48563	0.432479	2.1319	2.99049	0.943853
1.54573	1	2.12238	2.46938	0.428793	2.1453	3.00377	0.941855
1.54771	1	2.23078	2.66671	0.429191	2.16676	3.02891	0.943343
1.5497	1	2.22344	2.66296	0.431687	2.18293	3.05031	0.946472
1.55169	1	2.21417	2.64757	0.43344	2.15956	3.05617	0.95495
1.55368	1	2.21332	2.64689	0.43103	2.1699	3.05696	0.951045
1.55567	1	2.20202	2.64489	0.431111	2.17871	3.07725	0.955158
1.55765	1	2.21336	2.66891	0.43753	2.19496	3.09993	0.957368
1.55964	1	2.20586	2.63289	0.431361	2.2012	3.09442	0.951906
1.56163	1	2.24286	2.64772	0.430544	2.22529	3.1242	0.953455
1.56362	1	2.25457	2.67944	0.428137	2.23401	3.13294	0.952167
1.56561	1	2.24614	2.67274	0.427251	2.24857	3.15272	0.953426
1.56759	1	2.24591	2.66039	0.425966	2.26034	3.16612	0.953977
1.56958	1	2.2605	2.67876	0.423867	2.28441	3.19411	0.954399
1.57157	1	2.14211	2.51169	0.406632	2.19121	3.05745	0.933304
1.57356	1	2.1311	2.51167	0.404754	2.20083	3.08208	0.935368
1.57555	1	2.14566	2.53192	0.404488	2.21942	3.10456	0.936745
1.57753	1	2.20296	2.6402	0.402552	2.2411	3.13065	0.937901
1.57952	1	2.19174	2.62123	0.401121	2.25115	3.13543	0.936189
1.58151	1	2.18992	2.64669	0.408294	2.25065	3.16377	0.94654
1.5835	1	2.18341	2.62954	0.405121	2.26245	3.17259	0.94492
1.58549	1	2.21172	2.65173	0.402686	2.28256	3.19415	0.944043
1.58748	1	2.24734	2.64794	0.415096	2.29867	3.21661	0.946882
1.58946	1	2.2555	2.65185	0.414213	2.32161	3.24218	0.947246
1.59145	1	2.20015	2.55668	0.400891	2.2907	3.1749	0.929143
1.59344	1	2.20224	2.56631	0.400637	2.307	3.2019	0.931516
1.59543	1	2.23419	2.61973	0.398333	2.32511	3.21897	0.930328
1.59742	1	2.23014	2.62461	0.403049	2.33175	3.24022	0.936509
1.5994	1	2.24364	2.63498	0.399714	2.35207	3.26385	0.936019
1.60139	1	2.21702	2.58985	0.397814	2.34637	3.24548	0.932757
1.60338	1	2.21286	2.58984	0.391687	2.36219	3.26831	0.929797
1.60537	1	2.22799	2.62846	0.393937	2.37763	3.29483	0.933811
1.60736	1	2.24313	2.62806	0.39404	2.39964	3.31863	0.933794
1.60934	1	2.23782	2.6238	0.389185	2.40654	3.31904	0.92884
1.61133	1	2.23987	2.62538	0.38949	2.42666	3.34658	0.931013
1.61332	1	2.23454	2.62195	0.386897	2.43992	3.36103	0.929435
1.61531	1	2.23568	2.61922	0.384762	2.46101	3.38325	0.928174
1.6173	1	2.2362	2.61848	0.382605	2.48646	3.41143	0.927203
1.61928	2	1.23887	2.09342	0.235616	1.39688	2.27988	0.88349
1.62127	2	1.24571	2.10332	0.234749	1.4149	2.29829	0.884671
1.62326	2	1.24891	2.10555	0.234111	1.43108	2.3147	0.885665
1.62525	2	1.24907	2.09877	0.232484	1.44361	2.32493	0.884894
1.62724	2	1.26829	2.14604	0.231742	1.45485	2.33973	0.886124
1.62922	2	1.2749	2.14314	0.231676	1.46844	2.34871	0.885799
1.63121	2	1.28016	2.15238	0.230567	1.4819	2.36237	0.886
1.6332	2	1.27462	2.15249	0.230369	1.49142	2.37606	0.888007
1.63519	2	1.26927	2.11639	0.22532	1.49283	2.36175	0.879643
1.63718	2	1.27777	2.13091	0.224131	1.50881	2.37806	0.87957
1.63917	2	1.27933	2.14119	0.223289	1.51678	2.38834	0.879481
1.64115	2	1.27025	2.13594	0.221575	1.52084	2.39727	0.879916
1.64314	2	1.37873	2.34839	0.224785	1.529	2.39862	0.883411
1.64513	2	1.39202	2.34073	0.224388	1.53898	2.40236	0.880071
1.64712	2	1.40683	2.36643	0.22268	1.55359	2.41718	0.87951
1.64911	2	1.39967	2.36907	0.222467	1.56218	2.43266	0.881915
1.65109	2	1.40631	2.37491	0.220448	1.56968	2.43458	0.877762
1.65308	2	1.40903	2.38539	0.222091	1.58208	2.45191	0.879957
1.65507	2	1.39578	2.36524	0.217457	1.58079	2.4534	0.87784
1.65706	2	1.3934	2.36256	0.21895	1.5905	2.46078	0.879161
1.65905	2	1.40362	2.37613	0.217101	1.60665	2.47604	0.878903
1.66103	2	1.34851	2.21641	0.195891	1.55742	2.36591	0.841907
1.66302	2	1.35801	2.23317	0.195192	1.57354	2.38456	0.841495
1.66501	2	1.34132	2.2291	0.195117	1.57399	2.39518	0.841712
1.667	2	1.35237	2.22901	0.192765	1.58998	2.41026	0.839949
1.66899	2	1.38732	2.30679	0.192386	1.59981	2.41989	0.839628
1.67097	2	1.39103	2.3122	0.191634	1.61315	2.43517	0.839551
1.67296	2	1.38653	2.31075	0.197235	1.62188	2.44847	0.842424
1.67495	2	1.35269	2.25729	0.182677	1.59982	2.42257	0.833588
1.67694	2	1.37099	2.28833	0.182118	1.61742	2.44066	0.833757
1.67893	2	1.36095	2.26922	0.179017	1.62479	2.44613	0.829922
1.68091	2	1.36408	2.27319	0.177854	1.63876	2.4609	0.829405
1.6829	2	1.35592	2.25919	0.184427	1.64153	2.4541	0.833341
1.68489	2	1.39216	2.25479	0.183441	1.65401	2.46904	0.832214
1.68688	2	1.38071	2.22714	0.198646	1.63818	2.42646	0.840192
1.68887	2	1.38553	2.23001	0.197008	1.65493	2.44362	0.838824
1.69085	2	1.36083	2.2271	0.19593	1.64572	2.45056	0.838519
1.69284	2	1.37136	2.21791	0.193375	1.65922	2.46012	0.834381
1.69483	2	1.37151	2.21688	0.194154	1.67124	2.46907	0.834203
1.69682	2	1.43369	2.35051	0.195373	1.68068	2.48581	0.836445
1.69881	2	1.42792	2.34039	0.191569	1.68889	2.4914	0.832753
1.7008	2	1.42902	2.35029	0.200066	1.69565	2.50693	0.839463
1.70278	2	1.4289	2.35039	0.19633	1.7074	2.51624	0.835445
1.70477	2	2.01752	2.34941	0.307685	1.72247	2.53096	0.835028
1.70676	2	1.9653	2.27309	0.281914	1.67598	2.48126	0.823161
1.70875	2	1.9797	2.31158	0.281898	1.68612	2.49557	0.823952
1.71074	2	1.98361	2.31359	0.280315	1.70244	2.51221	0.823405
1.71272	2	1.97891	2.30356	0.273954	1.70795	2.51128	0.81711
1.71471	2	1.9714	2.29469	0.273091	1.71669	2.52057	0.817379
1.7167	2	1.9758	2.28622	0.27447	1.72787	2.52873	0.817651
1.71869	2	1.96523	2.27309	0.285934	1.72633	2.51596	0.822339
1.72068	2	2.0194	2.26877	0.282778	1.73723	2.52794	0.820061
1.72266	2	2.03102	2.27423	0.283177	1.75183	2.54247	0.819685
1.72465	2	2.05766	2.33239	0.28162	1.76241	2.55421	0.819604
1.72664	2	2.05798	2.33708	0.281263	1.7752	2.56978	0.819682
1.72863	2	2.00448	2.29605	0.269152	1.74287	2.55078	0.817459
1.73062	2	2.01487	2.31933	0.269278	1.75892	2.5695	0.818116
1.7326	2	2.02935	2.3092	0.263381	1.76959	2.57586	0.813187
1.73459	2	2.03479	2.31713	0.270231	1.78456	2.5899	0.814365
1.73658	2	2.01074	2.29121	0.270434	1.78211	2.58753	0.816149
1.73857	2	2.03578	2.33323	0.269514	1.79654	2.60475	0.816213
1.74056	2	2.01891	2.30829	0.262995	1.79818	2.60325	0.811615
1.74254	2	2.02392	2.31672	0.259506	1.81431	2.6181	0.809058
1.74453	2	2.00908	2.30652	0.272415	1.80838	2.62478	0.820439
1.74652	2	2.02265	2.32964	0.27156	1.82694	2.64508	0.821017
1.74851	2	2.02242	2.32251	0.267646	1.83739	2.65178	0.817418
1.7505	2	2.01765	2.31964	0.265954	1.8471	2.66179	0.817038
1.75249	2	2.05253	2.32418	0.269783	1.86231	2.6777	0.81677
1.75447	2	2.05518	2.32446	0.269192	1.88024	2.69647	0.816599
1.75646	3	1.65919	1.98332	0	1.53487	2.02107	0.486199
1.75845	3	1.66441	1.98781	0	1.54632	2.03142	0.4851
1.76044	3	1.66783	1.9905	0	1.56058	2.04458	0.484005
1.76243	3	1.66838	1.99032	0	1.57098	2.0539	0.482914
1.76441	3	1.66427	1.98549	0	1.57769	2.05952	0.481826
1.7664	3	1.65282	1.97332	0	1.58102	2.06176	0.480742
1.76839	3	1.6678	1.98757	0	1.59313	2.07279	0.479662
1.77038	3	1.67621	1.99527	0	1.60412	2.08271	0.478585
1.77237	3	1.67998	1.99832	0	1.61682	2.09433	0.477512
1.77435	3	1.67908	1.9967	0	1.62857	2.10501	0.476443
1.77634	3	1.58193	1.89885	0	1.56271	2.03809	0.475377
1.77833	3	1.77537	2.09158	0	1.56586	2.04018	0.474315
1.78032	3	1.77528	2.09078	0	1.57575	2.04901	0.473256
1.78231	3	1.78063	2.09543	0	1.58984	2.06204	0.472201
1.78429	3	1.78429	2.09839	0	1.60329	2.07444	0.471149
1.78628	3	1.77761	2.09101	0	1.61291	2.08301	0.470101
1.78827	3	1.78824	2.10094	0	1.61926	2.08831	0.469056
1.79026	3	1.75968	2.07169	0	1.6103	2.07832	0.468015
1.79225	3	1.7652	2.07652	0	1.62393	2.09091	0.466977
1.79423	3	1.73487	2.0455	0	1.61536	2.0813	0.465943
1.79622	3	1.79621	2.10616	0	1.62917	2.09408	0.464912
1.79821	3	1.78986	2.09912	0	1.63627	2.10015	0.463885
1.8002	3	1.80012	2.1087	0	1.64657	2.10943	0.462861
1.80219	3	1.80205	2.10994	0	1.66119	2.12303	0.46184
1.80417	3	1.80413	2.11135	0	1.67128	2.1321	0.460823
1.80616	3	1.79169	2.09823	0	1.67362	2.13342	0.459809
1.80815	3	1.77702	2.08288	0	1.67835	2.13715	0.458798
1.81014	3	1.80556	2.11075	0	1.68985	2.14764	0.457791
1.81213	3	1.8114	2.11593	0	1.70402	2.16081	0.456787
1.81412	3	1.76267	2.06653	0	1.67327	2.12906	0.455787
1.8161	3	1.76898	2.07217	0	1.68555	2.14034	0.454789
1.81809	3	1.77009	2.07262	0	1.69704	2.15083	0.453795
1.82008	3	1.77201	2.07388	0	1.71147	2.16428	0.452804
1.82207	3	1.72364	2.02485	0	1.68633	2.13815	0.451817
1.82406	3	1.82338	2.12393	0	1.69438	2.14521	0.450832
1.82604	3	1.81723	2.11713	0	1.70542	2.15527	0.449851
1.82803	3	1.81344	2.11269	0	1.71018	2.15906	0.448873
1.83002	3	1.80115	2.09975	0	1.71456	2.16246	0.447899
1.83201	3	1.82797	2.12592	0	1.72744	2.17437	0.446927
1.834	3	1.83396	2.13127	0	1.74213	2.18809	0.445959
1.83598	3	1.82824	2.1249	0	1.75105	2.19604	0.444993
1.83797	3	1.83797	2.13399	0	1.7602	2.20423	0.444031
1.83996	3	1.67801	2.10721	0.133966	1.62319	2.19546	0.572597
1.84195	3	1.6817	2.1131	0.133324	1.63816	2.20962	0.57207
1.84394	3	1.6673	2.08294	0.123252	1.64032	2.20108	0.56197
1.84592	3	1.69918	2.1394	0.122561	1.65518	2.21556	0.56107
1.84791	3	1.68959	2.12484	0.122187	1.66184	2.22006	0.560245
1.8499	3	1.70317	2.14105	0.122179	1.67541	2.23508	0.560361
1.85189	3	1.70609	2.14348	0.121239	1.68832	2.24567	0.558515
1.85388	3	1.70212	2.13247	0.125962	1.69636	2.2498	0.561182
1.85586	3	1.70423	2.14612	0.120408	1.70098	2.25408	0.556726
1.85785	3	1.71256	2.14701	0.120173	1.7096	2.26551	0.556995
1.85984	3	1.71174	2.14183	0.122215	1.72038	2.27483	0.557269
1.86183	3	1.71731	2.14977	0.11935	1.7327	2.28431	0.553886
1.86382	3	1.71929	2.15053	0.119072	1.74133	2.29516	0.554753
1.86581	3	1.72098	2.15095	0.118301	1.75619	2.3096	0.553743
1.86779	4	1.55892	1.99903	0	1.62699	1.93392	0.306933
1.86978	4	1.53971	1.97873	0	1.62314	1.9291	0.305955
1.87177	4	1.54185	1.97977	0	1.63436	1.93934	0.304981
1.87376	4	1.58865	2.02548	0	1.64984	1.95385	0.304011
1.87575	4	1.87572	2.02724	0	1.65575	1.9588	0.303046
1.87773	4	1.87435	2.02539	0	1.66781	1.96989	0.302084
1.87972	4	1.87787	2.02843	0	1.68158	1.98271	0.301127
1.88171	4	1.85918	2.00927	0	1.67819	1.97837	0.300173
1.8837	4	1.88049	2.0301	0	1.69074	1.98996	0.299224
1.88569	4	1.88236	2.0315	0	1.70345	2.00172	0.298278
1.88767	4	1.87506	2.02373	0	1.7105	2.00784	0.297337
1.88966	4	1.84952	1.99772	0	1.69117	1.98757	0.2964
1.89165	4	1.85236	2.00009	0	1.70507	2.00053	0.295466
1.89364	4	1.8156	1.96287	0	1.68473	1.97927	0.294536
1.89563	4	1.80593	1.95274	0	1.69029	1.9839	0.293611
1.89761	4	1.89715	2.0435	0	1.7059	1.99859	0.292689
1.8996	4	1.89915	2.04503	0	1.71797	2.00975	0.291771
1.90159	4	1.89094	2.03637	0	1.72462	2.01548	0.290857
1.90358	4	1.90334	2.04832	0	1.73051	2.02046	0.289946
1.90557	4	1.9051	2.04962	0	1.74355	2.03259	0.28904
1.90755	4	1.89667	2.04074	0	1.74993	2.03807	0.288137
1.90954	4	1.9091	2.05272	0	1.76488	2.05212	0.287238
1.91153	4	1.89115	2.03433	0	1.76001	2.04635	0.286343
1.91352	4	1.87442	2.01714	0	1.75867	2.04412	0.285451
1.91551	4	1.9151	2.05738	0	1.77147	2.05603	0.284563
1.9175	4	1.907	2.04884	0	1.77824	2.06192	0.283679
1.91948	4	1.91937	2.06077	0	1.79375	2.07655	0.282799
1.92147	4	1.92002	2.06098	0	1.80643	2.08835	0.281922
1.92346	4	1.90368	2.04421	0	1.80562	2.08666	0.281048
1.92545	4	1.92014	2.06023	0	1.81735	2.09753	0.280179
1.92744	4	1.92733	2.06699	0	1.83313	2.11244	0.279313
1.92942	4	1.85934	2.06792	0.064497	1.77882	2.11897	0.340299
1.93141	4	1.86114	2.06985	0.0643325	1.79206	2.13163	0.33972
1.9334	5	1.78476	1.92313	0	1.73741	1.91632	0.178918
1.93539	5	1.79743	1.93537	0	1.75398	1.93217	0.178184
1.93738	5	1.79986	2.00835	0	1.76708	1.94453	0.177454
1.93936	5	1.78338	1.99116	0	1.76606	1.94278	0.176727
1.94135	5	1.79969	2.00677	0	1.77828	1.95428	0.176004
1.94334	5	1.94299	2.01311	0	1.79391	1.9692	0.175285
1.94533	5	1.94466	2.01449	0	1.80182	1.97639	0.17457
1.94732	5	1.94731	2.01686	0	1.81556	1.98941	0.173858
1.9493	5	1.91131	1.98057	0	1.79769	1.97084	0.17315
1.95129	5	1.91465	1.98362	0	1.81158	1.98402	0.172445
1.95328	5	1.94373	2.01243	0	1.82006	1.99181	0.171744
1.95527	5	1.95456	2.02298	0	1.83612	2.00717	0.171047
1.95726	5	1.95724	2.02539	0	1.84917	2.01952	0.170353
1.95924	5	1.94087	2.00873	0	1.84901	2.01867	0.169662
1.96123	5	1.96121	2.0288	0	1.86339	2.03236	0.168975
1.96322	5	1.95432	2.02164	0	1.87176	2.04005	0.168292
1.96521	5	1.96067	2.02772	0	1.88498	2.05259	0.167612
1.9672	6	1.89815	1.96493	0	1.83738	1.93921	0.101832
1.96918	6	1.9026	1.96911	0	1.85206	1.95338	0.101319
1.97117	6	1.89628	1.99612	0	1.86134	1.96214	0.100809
1.97316	6	1.9688	2.00224	0	1.87429	1.97459	0.100302
1.97515	6	1.96672	1.99998	0	1.88297	1.98277	0.099798
1.97714	6	1.97699	2.01009	0	1.89177	1.99107	0.0992973
1.97913	6	1.97912	2.01206	0	1.9051	2.0039	0.0987995
1.98111	6	1.98111	2.01388	0	1.91489	2.01319	0.0983048
1.9831	6	1.9831	2.0157	0	1.92803	2.02584	0.097813
1.98509	7	1.95265	1.98509	0	1.91402	1.97122	0.0571989
1.98708	7	1.98704	2.00329	0	1.92759	1.98444	0.0568564
1.98907	7	1.987	2.00314	0	1.93696	1.99348	0.0565163
1.99105	7	1.98895	2.00501	0	1.95057	2.00674	0.0561785
1.99304	8	1.97507	1.99903	0	1.95243	1.98446	0.0320218
1.99503	8	1.99503	2.00298	0	1.96806	1.99986	0.0317991
1.99702	9	1.99702	2.00097	0	1.97796	1.99575	0.0177892
1.99901	10	1.99897	2.00093	0	1.99194	2.00175	0.00980942
