#
# Extended measure
#
# K=0.94 beta=1.88 depth=8 nsamp=500 bits=124
#
0	0.00163627	0.938265	0.00125	1.26906
1	0.00490881	0.935655	0.00375	1.26893
2	0.00818136	0.937254	0.00625	1.26895
3	0.0114539	0.935685	0.00875	1.26908
4	0.0147264	0.936193	0.01125	1.26891
5	0.017999	0.937787	0.01375	1.26894
6	0.0212715	0.935821	0.01625	1.26897
7	0.0245441	0.935267	0.01875	1.26898
8	0.0278166	0.936834	0.02125	1.2688
9	0.0310892	0.937364	0.02375	1.26887
10	0.0343617	0.937276	0.02625	1.26887
11	0.0376342	0.93654	0.02875	1.26902
12	0.0409068	0.935045	0.03125	1.26907
13	0.0441793	0.934085	0.03375	1.26893
14	0.0474519	0.936457	0.03625	1.26898
15	0.0507244	0.935743	0.03875	1.26889
16	0.053997	0.937314	0.04125	1.26888
17	0.0572695	0.937108	0.04375	1.26886
18	0.060542	0.937326	0.04625	1.2691
19	0.0638146	0.936143	0.04875	1.26873
20	0.0670871	0.936906	0.05125	1.26906
21	0.0703597	0.936463	0.05375	1.26899
22	0.0736322	0.938171	0.05625	1.26896
23	0.0769047	1.30449	0.05875	1.26909
24	0.0801773	1.30342	0.06125	1.26893
25	0.0834498	1.30087	0.06375	1.26903
26	0.0867224	1.30293	0.06625	1.26904
27	0.0899949	1.30296	0.06875	1.26896
28	0.0932675	1.30656	0.07125	1.26896
29	0.09654	1.30322	0.07375	1.26905
30	0.0998125	1.3048	0.07625	1.26881
31	0.103085	1.3045	0.07875	1.26897
32	0.106358	1.30483	0.08125	1.26904
33	0.10963	1.30586	0.08375	1.2689
34	0.112903	1.30554	0.08625	1.26907
35	0.116175	1.30422	0.08875	1.26906
36	0.119448	1.30292	0.09125	1.26891
37	0.12272	1.3037	0.09375	1.26884
38	0.125993	1.30396	0.09625	1.2691
39	0.129265	1.30327	0.09875	1.26897
40	0.132538	1.30322	0.10125	1.26901
41	0.135811	1.30364	0.10375	1.26902
42	0.139083	1.30413	0.10625	1.26877
43	0.142356	1.45693	0.10875	1.26909
44	0.145628	1.49777	0.11125	1.26896
45	0.148901	1.49925	0.11375	1.26903
46	0.152173	1.50074	0.11625	1.26891
47	0.155446	1.49722	0.11875	1.26905
48	0.158718	1.49886	0.12125	1.26893
49	0.161991	1.4983	0.12375	1.26914
50	0.165263	1.49875	0.12625	1.26905
51	0.168536	1.5034	0.12875	1.26924
52	0.171808	1.49729	0.13125	1.26895
53	0.175081	1.50144	0.13375	1.26903
54	0.178354	1.50215	0.13625	1.2689
55	0.181626	1.50122	0.13875	1.26905
56	0.184899	1.49824	0.14125	1.26881
57	0.188171	1.50176	0.14375	1.26891
58	0.191444	1.50035	0.14625	1.26893
59	0.194716	1.4992	0.14875	1.26898
60	0.197989	1.49868	0.15125	1.26906
61	0.201261	1.49964	0.15375	1.26897
62	0.204534	1.50216	0.15625	1.26885
63	0.207806	1.49826	0.15875	1.26911
64	0.211079	1.49512	0.16125	1.26901
65	0.214352	1.49667	0.16375	1.26911
66	0.217624	1.44817	0.16625	1.26903
67	0.220897	1.43884	0.16875	1.26899
68	0.224169	1.43867	0.17125	1.26897
69	0.227442	1.43759	0.17375	1.26898
70	0.230714	1.43774	0.17625	1.26883
71	0.233987	1.43558	0.17875	1.26908
72	0.237259	1.44036	0.18125	1.26906
73	0.240532	1.44069	0.18375	1.26892
74	0.243804	1.43806	0.18625	1.26907
75	0.247077	1.43716	0.18875	1.2691
76	0.25035	1.43795	0.19125	1.26896
77	0.253622	1.43803	0.19375	1.26872
78	0.256895	1.43668	0.19625	1.26809
79	0.260167	1.43881	0.19875	1.26804
80	0.26344	1.43962	0.20125	1.26787
81	0.266712	1.51396	0.20375	1.26796
82	0.269985	1.54284	0.20625	1.26802
83	0.273257	1.54103	0.20875	1.26785
84	0.27653	1.54251	0.21125	1.26779
85	0.279802	1.54064	0.21375	1.26799
86	0.283075	1.53835	0.21625	1.23075
87	0.286347	1.54233	0.21875	1.17856
88	0.28962	1.54023	0.22125	1.17867
89	0.292893	1.54143	0.22375	1.1788
90	0.296165	1.54386	0.22625	1.17861
91	0.299438	1.54086	0.22875	1.17857
92	0.30271	1.53998	0.23125	1.17872
93	0.305983	1.54242	0.23375	1.1787
94	0.309255	1.54308	0.23625	1.17876
95	0.312528	1.54434	0.23875	1.17861
96	0.3158	1.54309	0.24125	1.17876
97	0.319073	1.54268	0.24375	1.179
98	0.322345	1.54235	0.24625	1.17871
99	0.325618	1.54061	0.24875	1.17866
100	0.328891	1.54394	0.25125	1.17879
101	0.332163	1.54279	0.25375	1.1787
102	0.335436	1.54383	0.25625	1.17865
103	0.338708	1.54229	0.25875	1.17879
104	0.341981	1.54126	0.26125	1.17872
105	0.345253	1.539	0.26375	1.17852
106	0.348526	1.54225	0.26625	1.17874
107	0.351798	1.54186	0.26875	1.17866
108	0.355071	1.54494	0.27125	1.17853
109	0.358343	1.54133	0.27375	1.17865
110	0.361616	1.5414	0.27625	1.17855
111	0.364888	1.54144	0.27875	1.17869
112	0.368161	1.54092	0.28125	1.17868
113	0.371434	1.54309	0.28375	1.17872
114	0.374706	1.53962	0.28625	1.17874
115	0.377979	1.54117	0.28875	1.1787
116	0.381251	1.54291	0.29125	1.17876
117	0.384524	1.54125	0.29375	1.17854
118	0.387796	1.54032	0.29625	1.1786
119	0.391069	1.54183	0.29875	1.17871
120	0.394341	1.53984	0.30125	1.17866
121	0.397614	1.53863	0.30375	1.17884
122	0.400886	1.54044	0.30625	1.17879
123	0.404159	1.54165	0.30875	1.17877
124	0.407432	1.50286	0.31125	1.17869
125	0.410704	1.47897	0.31375	1.17863
126	0.413977	1.47809	0.31625	1.17872
127	0.417249	1.48175	0.31875	1.17874
128	0.420522	1.48006	0.32125	1.17874
129	0.423794	1.48217	0.32375	1.1786
130	0.427067	1.47882	0.32625	1.17861
131	0.430339	1.47823	0.32875	1.17865
132	0.433612	1.47962	0.33125	1.17854
133	0.436884	1.48035	0.33375	1.17862
134	0.440157	1.47741	0.33625	1.17882
135	0.44343	1.48321	0.33875	1.17867
136	0.446702	1.48027	0.34125	1.17864
137	0.449975	1.48016	0.34375	1.17872
138	0.453247	1.47994	0.34625	1.17852
139	0.45652	1.47977	0.34875	1.17863
140	0.459792	1.47858	0.35125	1.17876
141	0.463065	1.47997	0.35375	1.17857
142	0.466337	1.47696	0.35625	1.17863
143	0.46961	1.47984	0.35875	1.17852
144	0.472882	1.48032	0.36125	1.17851
145	0.476155	1.47723	0.36375	1.17832
146	0.479427	1.47971	0.36625	1.17822
147	0.4827	1.4793	0.36875	1.17799
148	0.485973	1.48045	0.37125	1.17801
149	0.489245	1.48036	0.37375	1.17791
150	0.492518	1.47938	0.37625	1.17795
151	0.49579	1.47973	0.37875	1.17778
152	0.499063	1.48114	0.38125	1.17807
153	0.502335	1.51638	0.38375	1.17792
154	0.505608	1.51843	0.38625	1.17795
155	0.50888	1.51857	0.38875	1.17797
156	0.512153	1.51608	0.39125	1.17777
157	0.515425	1.51833	0.39375	1.17797
158	0.518698	1.51882	0.39625	1.17767
159	0.521971	1.51633	0.39875	1.17786
160	0.525243	1.51431	0.40125	1.17786
161	0.528516	1.51929	0.40375	1.17803
162	0.531788	1.516	0.40625	1.16738
163	0.535061	1.52092	0.40875	1.13051
164	0.538333	1.51556	0.41125	1.1304
165	0.541606	1.51784	0.41375	1.1304
166	0.544878	1.51522	0.41625	1.13061
167	0.548151	1.51833	0.41875	1.13055
168	0.551423	1.51735	0.42125	1.13039
169	0.554696	1.52067	0.42375	1.13054
170	0.557968	1.51862	0.42625	1.13058
171	0.561241	1.51907	0.42875	1.1303
172	0.564514	1.51576	0.43125	1.13067
173	0.567786	1.51586	0.43375	1.1305
174	0.571059	1.51724	0.43625	1.13049
175	0.574331	1.51734	0.43875	1.13058
176	0.577604	1.51755	0.44125	1.13044
177	0.580876	1.51894	0.44375	1.13045
178	0.584149	1.5185	0.44625	1.13062
179	0.587421	1.51785	0.44875	1.13033
180	0.590694	1.51808	0.45125	1.13049
181	0.593966	1.52147	0.45375	1.13056
182	0.597239	1.51855	0.45625	1.13054
183	0.600512	1.51752	0.45875	1.13072
184	0.603784	1.51721	0.46125	1.13054
185	0.607057	1.51766	0.46375	1.13038
186	0.610329	1.51436	0.46625	1.13044
187	0.613602	1.50834	0.46875	1.13038
188	0.616874	1.40211	0.47125	1.13058
189	0.620147	1.40195	0.47375	1.13056
190	0.623419	1.39885	0.47625	1.13045
191	0.626692	1.40523	0.47875	1.13052
192	0.629964	1.40156	0.48125	1.13052
193	0.633237	1.40147	0.48375	1.13044
194	0.63651	1.40012	0.48625	1.13062
195	0.639782	1.40247	0.48875	1.1306
196	0.643055	1.39959	0.49125	1.13048
197	0.646327	1.40185	0.49375	1.13049
198	0.6496	1.39655	0.49625	1.13051
199	0.652872	1.39979	0.49875	1.12145
200	0.656145	1.40162	0.50125	1.11706
201	0.659417	1.40232	0.50375	1.11711
202	0.66269	1.39985	0.50625	1.11704
203	0.665962	1.40372	0.50875	1.11699
204	0.669235	1.39971	0.51125	1.11704
205	0.672507	1.40214	0.51375	1.11699
206	0.67578	1.40056	0.51625	1.11719
207	0.679053	1.39986	0.51875	1.11706
208	0.682325	1.39718	0.52125	1.11708
209	0.685598	1.4013	0.52375	1.11716
210	0.68887	1.4015	0.52625	1.1171
211	0.692143	1.39847	0.52875	1.11707
212	0.695415	1.40009	0.53125	1.11706
213	0.698688	1.40029	0.53375	1.11719
214	0.70196	1.40039	0.53625	1.11707
215	0.705233	1.39798	0.53875	1.11727
216	0.708505	1.40138	0.54125	1.11701
217	0.711778	1.39757	0.54375	1.11718
218	0.715051	1.39844	0.54625	1.11716
219	0.718323	1.34466	0.54875	1.1172
220	0.721596	1.34431	0.55125	1.11706
221	0.724868	1.34641	0.55375	1.11712
222	0.728141	1.34225	0.55625	1.117
223	0.731413	1.3471	0.55875	1.117
224	0.734686	1.34468	0.56125	1.11715
225	0.737958	1.34581	0.56375	1.11705
226	0.741231	1.34333	0.56625	1.11725
227	0.744503	1.34369	0.56875	1.11738
228	0.747776	1.34114	0.57125	1.11705
229	0.751049	1.34626	0.57375	1.11706
230	0.754321	1.34315	0.57625	1.11704
231	0.757594	1.34499	0.57875	1.11719
232	0.760866	1.34378	0.58125	1.11709
233	0.764139	1.33839	0.58375	1.11714
234	0.767411	1.31382	0.58625	1.11716
235	0.770684	1.31217	0.58875	1.117
236	0.773956	1.31012	0.59125	1.11721
237	0.777229	1.31113	0.59375	1.11723
238	0.780501	1.3125	0.59625	1.11703
239	0.783774	1.31463	0.59875	1.11718
240	0.787046	1.3124	0.60125	1.11713
241	0.790319	1.31059	0.60375	1.11598
242	0.793592	1.3146	0.60625	1.11534
243	0.796864	1.31316	0.60875	1.11516
244	0.800137	1.31094	0.61125	1.11497
245	0.803409	1.31218	0.61375	1.11516
246	0.806682	1.31172	0.61625	0.956287
247	0.809954	1.31245	0.61875	0.947203
248	0.813227	1.31187	0.62125	0.947006
249	0.816499	1.3132	0.62375	0.947071
250	0.819772	1.31298	0.62625	0.947075
251	0.823044	1.30869	0.62875	0.947242
252	0.826317	1.25529	0.63125	0.9473
253	0.82959	1.08947	0.63375	0.947203
254	0.832862	1.09095	0.63625	0.9473
255	0.836135	1.09098	0.63875	0.947148
256	0.839407	1.09069	0.64125	0.947218
257	0.84268	1.09072	0.64375	0.947124
258	0.845952	1.08876	0.64625	0.947046
259	0.849225	1.09074	0.64875	0.947103
260	0.852497	1.08999	0.65125	0.947234
261	0.85577	1.09127	0.65375	0.947161
262	0.859042	1.09074	0.65625	0.947147
263	0.862315	1.08823	0.65875	0.947046
264	0.865587	1.08896	0.66125	0.947357
265	0.86886	1.08835	0.66375	0.94711
266	0.872133	1.08865	0.66625	0.947124
267	0.875405	1.08793	0.66875	0.947259
268	0.878678	1.08992	0.67125	0.947196
269	0.88195	1.01027	0.67375	0.947033
270	0.885223	0.986575	0.67625	0.947058
271	0.888495	0.985222	0.67875	0.947244
272	0.891768	0.986832	0.68125	0.947057
273	0.89504	0.982842	0.68375	0.947022
274	0.898313	0.985915	0.68625	0.947147
275	0.901585	0.985932	0.68875	0.9469
276	0.904858	0.985325	0.69125	0.946896
277	0.908131	0.985162	0.69375	0.946791
278	0.911403	0.984071	0.69625	0.946834
279	0.914676	0.987322	0.69875	0.94669
280	0.917948	0.985246	0.70125	0.946748
281	0.921221	0.985748	0.70375	0.946777
282	0.924493	0.985004	0.70625	0.946824
283	0.927766	0.986151	0.70875	0.946782
284	0.931038	0.98583	0.71125	0.946593
285	0.934311	0.98736	0.71375	0.946707
286	0.937583	0.980508	0.71625	0.946896
287	0.940856	0.660499	0.71875	0.946782
288	0.944129	0.562358	0.72125	0.946813
289	0.947401	0.56443	0.72375	0.946702
290	0.950674	0.562938	0.72625	0.946835
291	0.953946	0.563926	0.72875	0.946923
292	0.957219	0.564547	0.73125	0.946727
293	0.960491	0.562215	0.73375	0.946825
294	0.963764	0.561278	0.73625	0.946718
295	0.967036	0.563396	0.73875	0.946799
296	0.970309	0.368042	0.74125	0.946759
297	0.973581	0.368137	0.74375	0.946704
298	0.976854	0.368082	0.74625	0.946613
299	0.980126	0.366711	0.74875	0.946664
300	0.983399	0.367384	0.75125	0.946832
301	0.986672	0.36688	0.75375	0.946686
302	0.989944	0.367378	0.75625	0.946878
303	0.993217	0.367532	0.75875	0.94676
304	0.996489	0.36877	0.76125	0.946936
305	0.999762	0.366788	0.76375	0.946807
306	1.00303	0.367693	0.76625	0.922072
307	1.00631	0.367926	0.76875	0.921544
308	1.00958	0.368255	0.77125	0.921531
309	1.01285	0.366565	0.77375	0.921552
310	1.01612	0.0856607	0.77625	0.921651
311	1.0194	0	0.77875	0.921583
312	1.02267	0	0.78125	0.921661
313	1.02594	0	0.78375	0.921601
314	1.02921	0	0.78625	0.921601
315	1.03249	0	0.78875	0.921572
316	1.03576	0	0.79125	0.921612
317	1.03903	0	0.79375	0.921683
318	1.0423	0	0.79625	0.921525
319	1.04558	0	0.79875	0.921544
320	1.04885	0	0.80125	0.921785
321	1.05212	0	0.80375	0.921548
322	1.05539	0	0.80625	0.921388
323	1.05867	0	0.80875	0.921522
324	1.06194	0	0.81125	0.921669
325	1.06521	0	0.81375	0.921577
326	1.06849	0	0.81625	0.921637
327	1.07176	0	0.81875	0.921605
328	1.07503	0	0.82125	0.919489
329	1.0783	0	0.82375	0.91802
330	1.08158	0	0.82625	0.879879
331	1.08485	0	0.82875	0.601814
332	1.08812	0	0.83125	0.601692
333	1.09139	0	0.83375	0.601783
334	1.09467	0	0.83625	0.60187
335	1.09794	0	0.83875	0.601878
336	1.10121	0	0.84125	0.601763
337	1.10448	0	0.84375	0.601658
338	1.10776	0	0.84625	0.601883
339	1.11103	0	0.84875	0.601807
340	1.1143	0	0.85125	0.601812
341	1.11757	0	0.85375	0.601721
342	1.12085	0	0.85625	0.601943
343	1.12412	0	0.85875	0.601774
344	1.12739	0	0.86125	0.601908
345	1.13066	0	0.86375	0.601924
346	1.13394	0	0.86625	0.601894
347	1.13721	0	0.86875	0.60172
348	1.14048	0	0.87125	0.601757
349	1.14375	0	0.87375	0.601729
350	1.14703	0	0.87625	0.601804
351	1.1503	0	0.87875	0.601709
352	1.15357	0	0.88125	0.601804
353	1.15684	0	0.88375	0.601761
354	1.16012	0	0.88625	0.60176
355	1.16339	0	0.88875	0.601915
356	1.16666	0	0.89125	0.601857
357	1.16993	0	0.89375	0.601766
358	1.17321	0	0.89625	0.601814
359	1.17648	0	0.89875	0.601781
360	1.17975	0	0.90125	0.601844
361	1.18302	0	0.90375	0.601746
362	1.1863	0	0.90625	0.601846
363	1.18957	0	0.90875	0.601823
364	1.19284	0	0.91125	0.601797
365	1.19611	0	0.91375	0.601916
366	1.19939	0	0.91625	0.601762
367	1.20266	0	0.91875	0.601777
368	1.20593	0	0.92125	0.601968
369	1.2092	0	0.92375	0.601782
370	1.21248	0	0.92625	0.601899
371	1.21575	0	0.92875	0.601773
372	1.21902	0	0.93125	0.601663
373	1.22229	0	0.93375	0.601802
374	1.22557	0	0.93625	0.599763
375	1.22884	0	0.93875	0.594834
376	1.23211	0	0.94125	0
377	1.23538	0	0.94375	0
378	1.23866	0	0.94625	0
379	1.24193	0	0.94875	0
380	1.2452	0	0.95125	0
381	1.24847	0	0.95375	0
382	1.25175	0	0.95625	0
383	1.25502	0	0.95875	0
384	1.25829	0	0.96125	0
385	1.26157	0	0.96375	0
386	1.26484	0	0.96625	0
387	1.26811	0	0.96875	0
388	1.27138	0	0.97125	0
389	1.27466	0	0.97375	0
390	1.27793	0	0.97625	0
391	1.2812	0	0.97875	0
392	1.28447	0	0.98125	0
393	1.28775	0	0.98375	0
394	1.29102	0	0.98625	0
395	1.29429	0	0.98875	0
396	1.29756	0	0.99125	0
397	1.30084	0	0.99375	0
398	1.30411	0	0.99625	0
399	1.30738	0	0.99875	0
