1	1.22465e-16	-2.17257e+54	-2.17257e+54
0.997	-0.00471945	-5.90107e+52	-5.90107e+52
0.994	-0.009453	-1.58426e+51	-1.58426e+51
0.991	-0.0142006	-4.20325e+49	-4.20325e+49
0.988	-0.0189622	-1.10187e+48	-1.10187e+48
0.985	-0.0237378	-2.85345e+46	-2.85345e+46
0.982	-0.0285272	-7.29812e+44	-7.29812e+44
0.979	-0.0333306	-1.84308e+43	-1.84308e+43
0.976	-0.0381477	-4.59465e+41	-4.59465e+41
0.973	-0.0429786	-1.13033e+40	-1.13033e+40
0.97	-0.0478233	-2.74316e+38	-2.74316e+38
0.967	-0.0526815	-6.56479e+36	-6.56479e+36
0.964	-0.0575534	-1.5485e+35	-1.5485e+35
0.961	-0.0624388	-3.59806e+33	-3.59806e+33
0.958	-0.0673376	-8.22923e+31	-8.22923e+31
0.955	-0.0722499	-1.85062e+30	-1.85062e+30
0.952	-0.0771755	-4.08546e+28	-4.08546e+28
0.949	-0.0821143	-8.83098e+26	-8.83098e+26
0.946	-0.0870664	-1.86086e+25	-1.86086e+25
0.943	-0.0920316	-3.79217e+23	-3.79217e+23
0.94	-0.0970099	-7.35563e+21	-7.35563e+21
0.937	-0.102001	-1.30911e+20	-1.30911e+20
0.934	-0.107005	-1.91235e+18	-1.91235e+18
0.931	-0.112022	-1.05934e+16	-1.05934e+16
0.928	-0.117052	8.82477e+14	8.82477e+14
0.925	-0.122094	6.58293e+13	6.58293e+13
0.922	-0.127149	4.02047e+12	4.02047e+12
0.919	-0.132217	2.9993e+11	2.9993e+11
0.916	-0.137297	3.06973e+10	3.06973e+10
0.913	-0.142389	3.90928e+09	3.90928e+09
0.91	-0.147493	5.47748e+08	5.47748e+08
0.907	-0.15261	7.96076e+07	7.96076e+07
0.904	-0.157738	1.17737e+07	1.17737e+07
0.901	-0.162878	1.7611e+06	1.7611e+06
0.898	-0.168031	264644	264644
0.895	-0.173195	39285.4	39285.6
0.892	-0.17837	5509.85	5510.03
0.889	-0.183557	633.439	633.622
0.886	-0.188756	15.9481	16.1368
0.883	-0.193965	-27.0196	-26.8256
0.88	-0.199186	-14.509	-14.3098
0.877	-0.204418	-5.86506	-5.66064
0.874	-0.20966	-2.24088	-2.03122
0.871	-0.214914	-0.914774	-0.69986
0.868	-0.220178	-0.457563	-0.237385
0.865	-0.225453	-0.305989	-0.0805369
0.862	-0.230737	-0.258486	-0.0277486
0.859	-0.236033	-0.245923	-0.0098902
0.856	-0.241338	-0.245066	-0.00372853
0.853	-0.246653	-0.248172	-0.00151901
0.85	-0.251978	-0.252655	-0.00067669
0.847	-0.257313	-0.257641	-0.000328219
0.844	-0.262657	-0.262827	-0.000170354
0.841	-0.26801	-0.268103	-9.26325e-05
0.838	-0.273373	-0.273425	-5.18422e-05
0.835	-0.278744	-0.278774	-2.95013e-05
0.832	-0.284125	-0.284142	-1.69461e-05
0.829	-0.289514	-0.289524	-9.78653e-06
0.826	-0.294912	-0.294917	-5.67085e-06
0.823	-0.300318	-0.300321	-3.29416e-06
0.82	-0.305732	-0.305734	-1.9178e-06
0.817	-0.311154	-0.311155	-1.11905e-06
0.814	-0.316584	-0.316584	-6.54597e-07
0.811	-0.322021	-0.322022	-3.83977e-07
0.808	-0.327466	-0.327466	-2.25934e-07
0.805	-0.332918	-0.332918	-1.33396e-07
0.802	-0.338377	-0.338377	-7.90545e-08
0.799	-0.343843	-0.343843	-4.70396e-08
0.796	-0.349315	-0.349315	-2.81115e-08
0.793	-0.354794	-0.354794	-1.68778e-08
0.79	-0.360279	-0.360279	-1.01833e-08
0.787	-0.36577	-0.36577	-6.17658e-09
0.784	-0.371266	-0.371266	-3.76754e-09
0.781	-0.376768	-0.376768	-2.31215e-09
0.778	-0.382275	-0.382275	-1.42848e-09
0.775	-0.387788	-0.387788	-8.89089e-10
0.772	-0.393304	-0.393304	-5.57981e-10
0.769	-0.398826	-0.398826	-3.53493e-10
0.766	-0.404352	-0.404352	-2.2636e-10
0.763	-0.409881	-0.409881	-1.46728e-10
0.76	-0.415415	-0.415415	-9.64241e-11
0.757	-0.420952	-0.420952	-6.43355e-11
0.754	-0.426492	-0.426492	-4.36335e-11
0.751	-0.432035	-0.432035	-3.01008e-11
0.748	-0.437581	-0.437581	-2.11202e-11
0.745	-0.443129	-0.443129	-1.50593e-11
0.742	-0.44868	-0.44868	-1.0894e-11
0.739	-0.454232	-0.454232	-7.97601e-12
0.736	-0.459786	-0.459786	-5.89173e-12
0.733	-0.46534	-0.46534	-4.37628e-12
0.73	-0.470896	-0.470896	-3.25595e-12
0.727	-0.476453	-0.476453	-2.41684e-12
0.724	-0.482009	-0.482009	-1.78046e-12
0.721	-0.487566	-0.487566	-1.29513e-12
0.718	-0.493122	-0.493122	-9.23928e-13
0.715	-0.498677	-0.498677	-6.39322e-13
0.712	-0.504232	-0.504232	-4.21441e-13
0.709	-0.509785	-0.509785	-2.56017e-13
0.706	-0.515336	-0.515336	-1.32561e-13
0.703	-0.520885	-0.520885	-4.07452e-14
0.7	-0.526432	-0.526432	2.56462e-14
0.697	-0.531976	-0.531976	7.23865e-14
0.694	-0.537517	-0.537517	1.03029e-13
0.691	-0.543054	-0.543054	1.22125e-13
0.688	-0.548587	-0.548587	1.32783e-13
0.685	-0.554116	-0.554116	1.36335e-13
0.682	-0.55964	-0.55964	1.34892e-13
0.679	-0.565159	-0.565159	1.29785e-13
0.676	-0.570673	-0.570673	1.22569e-13
0.673	-0.57618	-0.57618	1.1402e-13
0.67	-0.581681	-0.581681	1.0425e-13
0.667	-0.587175	-0.587175	9.39249e-14
0.664	-0.592662	-0.592662	8.42659e-14
0.661	-0.598141	-0.598141	7.4607e-14
0.658	-0.603613	-0.603613	6.55032e-14
0.655	-0.609075	-0.609075	5.68434e-14
0.652	-0.614529	-0.614529	4.90719e-14
0.649	-0.619973	-0.619973	4.19664e-14
0.646	-0.625406	-0.625406	3.51941e-14
0.643	-0.63083	-0.63083	2.91989e-14
0.64	-0.636242	-0.636242	2.43139e-14
0.637	-0.641643	-0.641643	1.9873e-14
0.634	-0.647033	-0.647033	1.56541e-14
0.631	-0.652409	-0.652409	1.21014e-14
0.628	-0.657773	-0.657773	9.32587e-15
0.625	-0.663123	-0.663123	7.32747e-15
0.622	-0.668459	-0.668459	4.88498e-15
0.619	-0.67378	-0.67378	2.9976e-15
0.616	-0.679086	-0.679086	1.55431e-15
0.613	-0.684377	-0.684377	6.66134e-16
0.61	-0.689651	-0.689651	-4.44089e-16
0.607	-0.694908	-0.694908	-1.44329e-15
0.604	-0.700148	-0.700148	-1.88738e-15
0.601	-0.70537	-0.70537	-2.22045e-15
0.598	-0.710574	-0.710574	-2.77556e-15
0.595	-0.715758	-0.715758	-3.21965e-15
0.592	-0.720922	-0.720922	-3.21965e-15
0.589	-0.726066	-0.726066	-3.21965e-15
0.586	-0.731189	-0.731189	-3.44169e-15
0.583	-0.73629	-0.73629	-3.55271e-15
0.58	-0.741368	-0.741368	-3.10862e-15
0.577	-0.746424	-0.746424	-2.88658e-15
0.574	-0.751456	-0.751456	-2.9976e-15
0.571	-0.756463	-0.756463	-3.33067e-15
0.568	-0.761446	-0.761446	-2.88658e-15
0.565	-0.766403	-0.766403	-2.66454e-15
0.562	-0.771333	-0.771333	-2.88658e-15
0.559	-0.776236	-0.776236	-2.44249e-15
0.556	-0.781112	-0.781112	-2.10942e-15
0.553	-0.785958	-0.785958	-1.77636e-15
0.55	-0.790776	-0.790776	-1.88738e-15
0.547	-0.795563	-0.795563	-2.10942e-15
0.544	-0.800319	-0.800319	-1.55431e-15
0.541	-0.805044	-0.805044	-1.44329e-15
0.538	-0.809737	-0.809737	-1.66533e-15
0.535	-0.814396	-0.814396	-1.77636e-15
0.532	-0.819021	-0.819021	-1.11022e-15
0.529	-0.823612	-0.823612	-8.88178e-16
0.526	-0.828167	-0.828167	-9.99201e-16
0.523	-0.832685	-0.832685	-1.11022e-15
0.52	-0.837166	-0.837166	-9.99201e-16
0.517	-0.84161	-0.84161	-6.66134e-16
0.514	-0.846014	-0.846014	-5.55112e-16
0.511	-0.850378	-0.850378	-9.99201e-16
0.508	-0.854702	-0.854702	-6.66134e-16
0.505	-0.858984	-0.858984	-2.22045e-16
0.502	-0.863223	-0.863223	-3.33067e-16
0.499	-0.867419	-0.867419	-6.66134e-16
0.496	-0.871571	-0.871571	-5.55112e-16
0.493	-0.875677	-0.875677	-1.11022e-16
0.49	-0.879738	-0.879738	-5.55112e-16
0.487	-0.883751	-0.883751	-6.66134e-16
0.484	-0.887716	-0.887716	-4.44089e-16
0.481	-0.891632	-0.891632	0
0.478	-0.895497	-0.895497	-3.33067e-16
0.475	-0.899312	-0.899312	-4.44089e-16
0.472	-0.903075	-0.903075	-3.33067e-16
0.469	-0.906784	-0.906784	-2.22045e-16
0.466	-0.91044	-0.91044	-1.11022e-16
0.463	-0.91404	-0.91404	-3.33067e-16
0.46	-0.917584	-0.917584	-2.22045e-16
0.457	-0.92107	-0.92107	0
0.454	-0.924498	-0.924498	-1.11022e-16
0.451	-0.927867	-0.927867	-3.33067e-16
0.448	-0.931175	-0.931175	0
0.445	-0.934422	-0.934422	-1.11022e-16
0.442	-0.937606	-0.937606	1.11022e-16
0.439	-0.940725	-0.940725	-3.33067e-16
0.436	-0.94378	-0.94378	-1.11022e-16
0.433	-0.946769	-0.946769	1.11022e-16
0.43	-0.94969	-0.94969	0
0.427	-0.952542	-0.952542	0
0.424	-0.955325	-0.955325	-1.11022e-16
0.421	-0.958036	-0.958036	-1.11022e-16
0.418	-0.960676	-0.960676	1.11022e-16
0.415	-0.963242	-0.963242	0
0.412	-0.965734	-0.965734	-1.11022e-16
0.409	-0.968149	-0.968149	1.11022e-16
0.406	-0.970488	-0.970488	0
0.403	-0.972748	-0.972748	-1.11022e-16
0.4	-0.974928	-0.974928	0
0.397	-0.977027	-0.977027	0
0.394	-0.979044	-0.979044	1.11022e-16
0.391	-0.980978	-0.980978	0
0.388	-0.982826	-0.982826	0
0.385	-0.984588	-0.984588	1.11022e-16
0.382	-0.986263	-0.986263	0
0.379	-0.987848	-0.987848	-1.11022e-16
0.376	-0.989343	-0.989343	0
0.373	-0.990747	-0.990747	0
0.37	-0.992057	-0.992057	-1.11022e-16
0.367	-0.993273	-0.993273	-1.11022e-16
0.364	-0.994393	-0.994393	0
0.361	-0.995415	-0.995415	0
0.358	-0.996339	-0.996339	0
0.355	-0.997162	-0.997162	-1.11022e-16
0.352	-0.997884	-0.997884	0
0.349	-0.998503	-0.998503	0
0.346	-0.999017	-0.999017	0
0.343	-0.999425	-0.999425	0
0.34	-0.999725	-0.999725	0
0.337	-0.999916	-0.999916	0
0.334	-0.999997	-0.999997	0
0.331	-0.999966	-0.999966	1.11022e-16
0.328	-0.999821	-0.999821	1.11022e-16
0.325	-0.999561	-0.999561	0
0.322	-0.999184	-0.999184	0
0.319	-0.998689	-0.998689	0
0.316	-0.998074	-0.998074	0
0.313	-0.997338	-0.997338	0
0.31	-0.996479	-0.996479	1.11022e-16
0.307	-0.995496	-0.995496	0
0.304	-0.994387	-0.994387	0
0.301	-0.99315	-0.99315	-1.11022e-16
0.298	-0.991784	-0.991784	1.11022e-16
0.295	-0.990287	-0.990287	2.22045e-16
0.292	-0.988658	-0.988658	1.11022e-16
0.289	-0.986894	-0.986894	-1.11022e-16
0.286	-0.984996	-0.984996	1.11022e-16
0.283	-0.98296	-0.98296	1.11022e-16
0.28	-0.980785	-0.980785	-1.11022e-16
0.277	-0.97847	-0.97847	-1.11022e-16
0.274	-0.976013	-0.976013	1.11022e-16
0.271	-0.973413	-0.973413	1.11022e-16
0.268	-0.970668	-0.970668	0
0.265	-0.967775	-0.967775	0
0.262	-0.964735	-0.964735	1.11022e-16
0.259	-0.961544	-0.961544	1.11022e-16
0.256	-0.958202	-0.958202	1.11022e-16
0.253	-0.954707	-0.954707	-1.11022e-16
0.25	-0.951057	-0.951057	0
0.247	-0.94725	-0.94725	3.33067e-16
0.244	-0.943286	-0.943286	2.22045e-16
0.241	-0.939162	-0.939162	-1.11022e-16
0.238	-0.934878	-0.934878	0
0.235	-0.930431	-0.930431	3.33067e-16
0.232	-0.925819	-0.925819	1.11022e-16
0.229	-0.921042	-0.921042	0
0.226	-0.916098	-0.916098	2.22045e-16
0.223	-0.910985	-0.910985	4.44089e-16
0.22	-0.905702	-0.905702	2.22045e-16
0.217	-0.900248	-0.900248	0
0.214	-0.89462	-0.89462	0
0.211	-0.888817	-0.888817	1.11022e-16
0.208	-0.882839	-0.882839	2.22045e-16
0.205	-0.876683	-0.876683	-1.11022e-16
0.202	-0.870349	-0.870349	3.33067e-16
0.199	-0.863834	-0.863834	4.44089e-16
0.196	-0.857137	-0.857137	0
0.193	-0.850258	-0.850258	0
0.19	-0.843194	-0.843194	0
0.187	-0.835945	-0.835945	4.44089e-16
0.184	-0.82851	-0.82851	2.22045e-16
0.181	-0.820886	-0.820886	-4.44089e-16
0.178	-0.813073	-0.813073	-1.11022e-16
0.175	-0.80507	-0.80507	2.22045e-16
0.172	-0.796876	-0.796876	2.22045e-16
0.169	-0.788488	-0.788488	0
0.166	-0.779908	-0.779908	0
0.163	-0.771133	-0.771133	3.33067e-16
0.16	-0.762162	-0.762162	3.33067e-16
0.157	-0.752995	-0.752995	-3.33067e-16
0.154	-0.74363	-0.74363	1.11022e-16
0.151	-0.734068	-0.734068	2.22045e-16
0.148	-0.724306	-0.724306	-1.11022e-16
0.145	-0.714345	-0.714345	0
0.142	-0.704183	-0.704183	1.11022e-16
0.139	-0.69382	-0.69382	3.33067e-16
0.136	-0.683256	-0.683256	0
0.133	-0.672489	-0.672489	-1.11022e-16
0.13	-0.66152	-0.66152	1.11022e-16
0.127	-0.650348	-0.650348	4.44089e-16
0.124	-0.638973	-0.638973	-2.22045e-16
0.121	-0.627395	-0.627395	1.11022e-16
0.118	-0.615612	-0.615612	-1.11022e-16
0.115	-0.603626	-0.603626	5.55112e-16
0.112	-0.591436	-0.591436	3.33067e-16
0.109	-0.579043	-0.579043	-1.11022e-16
0.106	-0.566445	-0.566445	2.22045e-16
0.103	-0.553645	-0.553645	4.44089e-16
0.1	-0.540641	-0.540641	4.44089e-16
0.097	-0.527434	-0.527434	-3.33067e-16
0.094	-0.514026	-0.514026	4.44089e-16
0.091	-0.500416	-0.500416	8.88178e-16
0.088	-0.486604	-0.486604	0
0.085	-0.472593	-0.472593	-6.10623e-16
0.082	-0.458383	-0.458383	5.55112e-17
0.079	-0.443974	-0.443974	7.21645e-16
0.076	-0.429369	-0.429369	2.77556e-16
0.073	-0.414567	-0.414567	-4.44089e-16
0.07	-0.399572	-0.399572	0
0.067	-0.384383	-0.384383	6.66134e-16
0.064	-0.369003	-0.369003	5.55112e-17
0.061	-0.353433	-0.353433	-1.66533e-16
0.058	-0.337676	-0.337676	5.55112e-17
0.055	-0.321733	-0.321733	4.996e-16
0.052	-0.305607	-0.305607	1.11022e-16
0.049	-0.289299	-0.289299	-1.11022e-16
0.046	-0.272813	-0.272813	-1.11022e-16
0.043	-0.256151	-0.256151	1.16573e-15
0.04	-0.239316	-0.239316	5.27356e-16
0.037	-0.22231	-0.22231	-3.05311e-16
0.034	-0.205137	-0.205137	-1.94289e-16
0.031	-0.1878	-0.1878	4.996e-16
0.028	-0.170303	-0.170303	3.33067e-16
0.025	-0.152649	-0.152649	1.249e-15
0.022	-0.134842	-0.134842	-8.32667e-17
0.019	-0.116887	-0.116887	9.57567e-16
0.016	-0.0987864	-0.0987864	3.33067e-16
0.013	-0.0805458	-0.0805458	1.15186e-15
0.01	-0.0621696	-0.0621696	4.78784e-16
0.007	-0.0436627	-0.0436627	1.06859e-15
0.004	-0.02503	-0.02503	4.64906e-16
0.001	-0.00627687	-0.00627687	1.15099e-15
-0.002	0.0125912	0.0125912	-2.77556e-17
-0.005	0.0315685	0.0315685	-4.16334e-17
-0.008	0.0506492	0.0506492	-2.98372e-16
-0.011	0.0698269	0.0698269	-4.44089e-16
-0.014	0.0890953	0.0890953	1.249e-16
-0.017	0.108448	0.108448	1.249e-16
-0.02	0.127877	0.127877	8.32667e-17
-0.023	0.147377	0.147377	6.38378e-16
-0.026	0.166938	0.166938	7.49401e-16
-0.029	0.186555	0.186555	4.44089e-16
-0.032	0.206218	0.206218	2.22045e-16
-0.035	0.22592	0.22592	3.60822e-16
-0.038	0.245652	0.245652	9.4369e-16
-0.041	0.265405	0.265405	5.55112e-16
-0.044	0.28517	0.28517	3.33067e-16
-0.047	0.304938	0.304938	6.10623e-16
-0.05	0.324699	0.324699	8.32667e-16
-0.053	0.344444	0.344444	8.32667e-16
-0.056	0.364161	0.364161	6.66134e-16
-0.059	0.38384	0.38384	6.10623e-16
-0.062	0.40347	0.40347	2.77556e-16
-0.065	0.423041	0.423041	7.77156e-16
-0.068	0.442541	0.442541	5.55112e-16
-0.071	0.461957	0.461957	5.55112e-16
-0.074	0.481278	0.481278	3.33067e-16
-0.077	0.500491	0.500491	1.11022e-16
-0.08	0.519584	0.519584	7.77156e-16
-0.083	0.538543	0.538543	6.66134e-16
-0.086	0.557355	0.557355	6.66134e-16
-0.089	0.576006	0.576006	2.22045e-16
-0.092	0.594483	0.594483	2.22045e-16
-0.095	0.61277	0.61277	5.55112e-16
-0.098	0.630853	0.630853	7.77156e-16
-0.101	0.648717	0.648717	3.33067e-16
-0.104	0.666347	0.666347	5.55112e-16
-0.107	0.683726	0.683726	3.33067e-16
-0.11	0.700839	0.700839	1.11022e-16
-0.113	0.71767	0.71767	1.11022e-16
-0.116	0.734202	0.734202	6.66134e-16
-0.119	0.750418	0.750418	6.66134e-16
-0.122	0.7663	0.7663	3.33067e-16
-0.125	0.781831	0.781831	4.44089e-16
-0.128	0.796994	0.796994	3.33067e-16
-0.131	0.81177	0.81177	5.55112e-16
-0.134	0.826141	0.826141	4.44089e-16
-0.137	0.840089	0.840089	1.11022e-16
-0.14	0.853593	0.853593	3.33067e-16
-0.143	0.866636	0.866636	2.22045e-16
-0.146	0.879197	0.879197	3.33067e-16
-0.149	0.891258	0.891258	1.11022e-16
-0.152	0.902798	0.902798	1.11022e-16
-0.155	0.913797	0.913797	2.22045e-16
-0.158	0.924236	0.924236	1.11022e-16
-0.161	0.934094	0.934094	3.33067e-16
-0.164	0.94335	0.94335	0
-0.167	0.951985	0.951985	3.33067e-16
-0.17	0.959976	0.959976	1.11022e-16
-0.173	0.967305	0.967305	2.22045e-16
-0.176	0.973949	0.973949	2.22045e-16
-0.179	0.979889	0.979889	1.11022e-16
-0.182	0.985103	0.985103	0
-0.185	0.989571	0.989571	2.22045e-16
-0.188	0.993272	0.993272	0
-0.191	0.996185	0.996185	0
-0.194	0.998291	0.998291	0
-0.197	0.99957	0.99957	0
-0.2	1	1	0
-0.203	0.999563	0.999563	0
-0.206	0.998239	0.998239	0
-0.209	0.99601	0.99601	0
-0.212	0.992856	0.992856	-1.11022e-16
-0.215	0.98876	0.98876	0
-0.218	0.983703	0.983703	1.11022e-16
-0.221	0.97767	0.97767	-1.11022e-16
-0.224	0.970643	0.970643	-3.33067e-16
-0.227	0.962607	0.962607	0
-0.23	0.953546	0.953546	-3.33067e-16
-0.233	0.943448	0.943448	0
-0.236	0.932297	0.932297	-2.22045e-16
-0.239	0.920083	0.920083	0
-0.242	0.906794	0.906794	-3.33067e-16
-0.245	0.892419	0.892419	0
-0.248	0.87695	0.87695	-6.66134e-16
-0.251	0.860379	0.860379	0
-0.254	0.842699	0.842699	0
-0.257	0.823907	0.823907	-5.55112e-16
-0.26	0.803997	0.803997	1.11022e-16
-0.263	0.782969	0.782969	-3.33067e-16
-0.266	0.760823	0.760823	0
-0.269	0.73756	0.73756	-1.11022e-16
-0.272	0.713183	0.713183	-8.88178e-16
-0.275	0.687699	0.687699	0
-0.278	0.661116	0.661116	-2.22045e-16
-0.281	0.633443	0.633443	-1.11022e-16
-0.284	0.604692	0.604692	2.22045e-16
-0.287	0.574879	0.574879	-6.66134e-16
-0.29	0.54402	0.54402	-7.77156e-16
-0.293	0.512136	0.512136	-3.33067e-16
-0.296	0.479249	0.479249	-3.33067e-16
-0.299	0.445384	0.445384	3.33067e-16
-0.302	0.410571	0.410571	-4.44089e-16
-0.305	0.374839	0.374839	-5.55112e-17
-0.308	0.338225	0.338225	3.88578e-16
-0.311	0.300766	0.300766	-4.44089e-16
-0.314	0.262503	0.262503	-4.44089e-16
-0.317	0.223482	0.223482	1.66533e-16
-0.32	0.18375	0.18375	-8.32667e-17
-0.323	0.143359	0.143359	-9.15934e-16
-0.326	0.102365	0.102365	5.55112e-17
-0.329	0.0608279	0.0608279	-9.71445e-17
-0.332	0.0188108	0.0188108	-6.245e-17
-0.335	-0.0236188	-0.0236188	1.45717e-16
-0.338	-0.0663896	-0.0663896	4.44089e-16
-0.341	-0.109426	-0.109426	-5.96745e-16
-0.344	-0.152649	-0.152649	1.11022e-16
-0.347	-0.195975	-0.195975	-7.77156e-16
-0.35	-0.239316	-0.239316	8.32667e-17
-0.353	-0.28258	-0.28258	-3.88578e-16
-0.356	-0.325671	-0.325671	-9.99201e-16
-0.359	-0.368489	-0.368489	-5.55112e-17
-0.362	-0.410931	-0.410931	-2.22045e-16
-0.365	-0.452888	-0.452888	-7.77156e-16
-0.368	-0.494249	-0.494249	-5.55112e-17
-0.371	-0.534899	-0.534899	-5.55112e-16
-0.374	-0.574718	-0.574718	1.11022e-16
-0.377	-0.613584	-0.613584	0
-0.38	-0.651372	-0.651372	-3.33067e-16
-0.383	-0.687954	-0.687954	-5.55112e-16
-0.386	-0.723199	-0.723199	-6.66134e-16
-0.389	-0.756973	-0.756973	-2.22045e-16
-0.392	-0.789141	-0.789141	0
-0.395	-0.819566	-0.819566	2.22045e-16
-0.398	-0.84811	-0.84811	-3.33067e-16
-0.401	-0.874634	-0.874634	-1.11022e-16
-0.404	-0.898999	-0.898999	-2.22045e-16
-0.407	-0.921067	-0.921067	-1.11022e-16
-0.41	-0.9407	-0.9407	-3.33067e-16
-0.413	-0.957762	-0.957762	-1.11022e-16
-0.416	-0.972118	-0.972118	-2.22045e-16
-0.419	-0.983639	-0.983639	-1.11022e-16
-0.422	-0.992196	-0.992196	-1.11022e-16
-0.425	-0.997669	-0.997669	0
-0.428	-0.99994	-0.99994	0
-0.431	-0.998899	-0.998899	0
-0.434	-0.994444	-0.994444	1.11022e-16
-0.437	-0.986482	-0.986482	0
-0.44	-0.974928	-0.974928	1.11022e-16
-0.443	-0.959709	-0.959709	3.33067e-16
-0.446	-0.940765	-0.940765	0
-0.449	-0.918049	-0.918049	4.44089e-16
-0.452	-0.891526	-0.891526	-1.11022e-16
-0.455	-0.861182	-0.861182	4.44089e-16
-0.458	-0.827015	-0.827015	-1.11022e-16
-0.461	-0.789046	-0.789046	5.55112e-16
-0.464	-0.747314	-0.747314	8.88178e-16
-0.467	-0.701878	-0.701878	3.33067e-16
-0.47	-0.652822	-0.652822	7.77156e-16
-0.473	-0.600253	-0.600253	8.88178e-16
-0.476	-0.544304	-0.544304	1.11022e-16
-0.479	-0.485132	-0.485132	3.88578e-16
-0.482	-0.422924	-0.422924	9.4369e-16
-0.485	-0.357893	-0.357893	1.55431e-15
-0.488	-0.290285	-0.290285	4.44089e-16
-0.491	-0.220371	-0.220371	1.11022e-15
-0.494	-0.148458	-0.148458	1.80411e-15
-0.497	-0.0748784	-0.0748784	8.60423e-16
-0.5	2.97082e-14	3.12868e-14	1.57861e-15
-0.503	0.0757806	0.0757806	1.30451e-15
-0.506	0.152036	0.152036	4.44089e-16
-0.509	0.228309	0.228309	2.16493e-15
-0.512	0.304115	0.304115	6.66134e-16
-0.515	0.37894	0.37894	7.77156e-16
-0.518	0.452247	0.452247	2.10942e-15
-0.521	0.523477	0.523477	2.44249e-15
-0.524	0.592049	0.592049	1.55431e-15
-0.527	0.657367	0.657367	2.88658e-15
-0.53	0.718824	0.718824	2.10942e-15
-0.533	0.775804	0.775804	3.10862e-15
-0.536	0.827689	0.827689	2.9976e-15
-0.539	0.873866	0.873866	2.77556e-15
-0.542	0.913731	0.913731	3.55271e-15
-0.545	0.946699	0.946699	3.66374e-15
-0.548	0.972207	0.972207	4.21885e-15
-0.551	0.989731	0.989731	4.66294e-15
-0.554	0.998785	0.998785	5.10703e-15
-0.557	0.998938	0.998938	5.66214e-15
-0.56	0.989821	0.989821	6.32827e-15
-0.563	0.97114	0.97114	7.10543e-15
-0.566	0.942682	0.942682	7.99361e-15
-0.569	0.90433	0.90433	8.65974e-15
-0.572	0.856073	0.856073	1.0103e-14
-0.575	0.798017	0.798017	1.11022e-14
-0.578	0.730394	0.730394	1.23235e-14
-0.581	0.653572	0.653572	1.42109e-14
-0.584	0.568065	0.568065	1.54321e-14
-0.587	0.474538	0.474538	1.70419e-14
-0.59	0.373817	0.373817	1.96509e-14
-0.593	0.266887	0.266887	2.10942e-14
-0.596	0.154898	0.154898	2.51188e-14
-0.599	0.039162	0.039162	2.80678e-14
-0.602	-0.0788525	-0.0788525	3.24046e-14
-0.605	-0.197527	-0.197527	3.50275e-14
-0.608	-0.315108	-0.315108	4.05231e-14
-0.611	-0.429721	-0.429721	4.62408e-14
-0.614	-0.539395	-0.539395	5.17364e-14
-0.617	-0.642089	-0.642089	6.09512e-14
-0.62	-0.735724	-0.735724	6.79456e-14
-0.623	-0.818222	-0.818222	7.72715e-14
-0.626	-0.887549	-0.887549	8.99281e-14
-0.629	-0.941767	-0.941767	1.02363e-13
-0.632	-0.979084	-0.979084	1.17573e-13
-0.635	-0.997917	-0.997917	1.35669e-13
-0.638	-0.996951	-0.996951	1.56986e-13
-0.641	-0.975205	-0.975205	1.81521e-13
-0.644	-0.932097	-0.932097	2.11609e-13
-0.647	-0.867505	-0.867505	2.46581e-13
-0.65	-0.781831	-0.781831	2.86771e-13
-0.653	-0.676054	-0.676054	3.37619e-13
-0.656	-0.551768	-0.551768	3.97016e-13
-0.659	-0.41122	-0.41122	4.69125e-13
-0.662	-0.257322	-0.257322	5.52947e-13
-0.665	-0.0936415	-0.0936415	6.59042e-13
-0.668	0.0756287	0.0756287	7.84345e-13
-0.671	0.245729	0.245729	9.35058e-13
-0.674	0.411427	0.411427	1.12332e-12
-0.677	0.567141	0.567141	1.35092e-12
-0.68	0.707107	0.707107	1.62903e-12
-0.683	0.825574	0.825574	1.97353e-12
-0.686	0.917038	0.917038	2.39542e-12
-0.689	0.976508	0.976508	2.91589e-12
-0.692	0.999792	0.999792	3.5596e-12
-0.695	0.983798	0.983798	4.3564e-12
-0.698	0.926837	0.926837	5.34561e-12
-0.701	0.828907	0.828907	6.57341e-12
-0.704	0.691939	0.691939	8.10152e-12
-0.707	0.519982	0.519982	1.00027e-11
-0.71	0.319302	0.319302	1.23756e-11
-0.713	0.0983576	0.0983576	1.53354e-11
-0.716	-0.132354	-0.132354	1.90313e-11
-0.719	-0.360628	-0.360628	2.36441e-11
-0.722	-0.573062	-0.573062	2.94045e-11
-0.725	-0.75575	-0.75575	3.65957e-11
-0.728	-0.895163	-0.895163	4.55627e-11
-0.731	-0.979187	-0.979187	5.67266e-11
-0.734	-0.998257	-0.998257	7.05948e-11
-0.737	-0.946529	-0.946529	8.77645e-11
-0.74	-0.822984	-0.822984	1.08926e-10
-0.743	-0.632324	-0.632324	1.34834e-10
-0.746	-0.385538	-0.385538	1.66276e-10
-0.749	-0.0999632	-0.0999632	2.03966e-10
-0.752	0.201299	0.201299	2.48348e-10
-0.755	0.490718	0.490718	2.99266e-10
-0.758	0.738494	0.738494	3.55364e-10
-0.761	0.915495	0.915495	4.13072e-10
-0.764	0.996812	0.996812	4.64935e-10
-0.767	0.965634	0.965634	4.96801e-10
-0.77	0.81697	0.81697	4.83238e-10
-0.773	0.560594	0.560594	3.80073e-10
-0.776	0.222521	0.222521	1.12247e-10
-0.779	-0.155732	-0.155732	-4.45742e-10
-0.782	-0.520654	-0.520654	-1.50151e-09
-0.785	-0.81329	-0.81329	-3.39553e-09
-0.788	-0.978556	-0.978556	-6.68276e-09
-0.791	-0.976341	-0.976341	-1.22633e-08
-0.794	-0.792579	-0.792579	-2.15913e-08
-0.797	-0.447774	-0.447775	-3.70078e-08
-0.8	2.33254e-13	-6.22678e-08	-6.2268e-08
-0.803	0.460373	0.460373	-1.03371e-07
-0.806	0.825804	0.825804	-1.69846e-07
-0.809	0.995911	0.995911	-2.76699e-07
-0.812	0.907091	0.90709	-4.47224e-07
-0.815	0.559975	0.559974	-7.16684e-07
-0.818	0.0345161	0.034515	-1.13599e-06
-0.821	-0.517627	-0.517628	-1.77157e-06
-0.824	-0.909632	-0.909635	-2.68872e-06
-0.827	-0.981877	-0.98188	-3.8796e-06
-0.83	-0.673696	-0.673701	-5.02175e-06
-0.833	-0.0751767	-0.0751815	-4.73715e-06
-0.836	0.575319	0.57532	1.59983e-06
-0.839	0.970401	0.970429	2.8256e-05
-0.842	0.878975	0.879093	0.000117738
-0.845	0.299363	0.299758	0.000395103
-0.848	-0.475947	-0.47472	0.00122777
-0.851	-0.970747	-0.967047	0.00370075
-0.854	-0.811539	-0.800492	0.0110474
-0.857	-0.0439242	-0.0109062	0.033018
-0.86	0.781831	0.881257	0.099426
-0.863	0.952464	1.25531	0.302849
-0.866	0.232305	1.16785	0.935543
-0.869	-0.744214	2.19168	2.93589
-0.872	-0.92388	8.44297	9.36685
-0.875	6.23318e-13	30.3707	30.3707
-0.878	0.944489	100.796	99.851
-0.881	0.570569	331.598	331.028
-0.884	-0.687699	1092.26	1092.95
-0.887	-0.810648	3490.89	3491.71
-0.89	0.540641	9966.33	9965.79
-0.893	0.824265	17612.1	17611.3
-0.896	-0.663123	-76063.4	-76062.7
-0.899	-0.582741	-1.38249e+06	-1.38249e+06
-0.902	0.958668	-1.3993e+07	-1.3993e+07
-0.905	-0.164595	-1.24533e+08	-1.24533e+08
-0.908	-0.730836	-1.05251e+09	-1.05251e+09
-0.911	0.996109	-8.37677e+09	-8.37677e+09
-0.914	-0.719903	-5.48826e+10	-5.48826e+10
-0.917	0.298198	-2.3736e+10	-2.3736e+10
-0.92	-1.56369e-12	1.20682e+13	1.20682e+13
-0.923	-0.0815093	4.60081e+14	4.60081e+14
-0.926	-0.0848059	1.50032e+16	1.50032e+16
-0.929	0.506373	4.93814e+17	4.93814e+17
-0.932	-0.961826	1.69557e+19	1.69557e+19
-0.935	0.663123	6.07422e+20	6.07422e+20
-0.938	0.724793	2.25088e+22	2.25088e+22
-0.941	-0.314077	8.54719e+23	8.54719e+23
-0.944	-0.781831	3.29983e+25	3.29983e+25
-0.947	-0.737833	1.28745e+27	1.28745e+27
-0.95	4.07362e-12	5.05337e+28	5.05337e+28
-0.953	0.98607	1.98876e+30	1.98876e+30
-0.956	-0.989821	7.8278e+31	7.8278e+31
-0.959	0.636242	3.07554e+33	3.07554e+33
-0.962	0.915773	1.20443e+35	1.20443e+35
-0.965	-0.433884	4.69592e+36	4.69592e+36
-0.968	1	1.82109e+38	1.82109e+38
-0.971	0.108119	7.01924e+39	7.01924e+39
-0.974	0.239316	2.68739e+41	2.68739e+41
-0.977	0.136167	1.02149e+43	1.02149e+43
-0.98	2.58657e-11	3.85322e+44	3.85322e+44
-0.983	-0.895163	1.44192e+46	1.44192e+46
-0.986	0.433884	5.35139e+47	5.35139e+47
-0.989	-0.540641	1.96921e+49	1.96921e+49
-0.992	1.62719e-10	7.18335e+50	7.18335e+50
-0.995	4.17466e-10	2.59718e+52	2.59718e+52
-0.998	2.61311e-09	9.30583e+53	9.30583e+53
