

counting conjecture

log_10 N       exact  1000     1024        8192       65536      1M
 1               4     5
 2              25     29
 3             168    176
 4           1,229    1242                                      1240
 5           9,592    9605                            9598      9598
 6          78,498    78540                           78495     78495
 7         664,579 	664000                          663664    663656
 8       5,761,455 	5753500  5755122                5751101   5751008
 9      50,847,534   50826281                       50790842   50790204
 10    455,052,511 	        455193362    454550433           454493042
 11  4,118,054,813 	        4117368143   4112676731
 12 37,607,912,018 	        37599876521 37577503562         37573001101


log_10 N       exact   10M 
 1               4      5 
 2              25     29
 3             168    176
 4           1,229    1240
 5           9,592   9598
 6          78,498   78495
 7         664,579 	663655
 8       5,761,455 	5751003
 9      50,847,534   50790163
 10    455,052,511 	454492356
 11  4,118,054,813 	4112314462
 12 37,607,912,018 	37572966257

