#
# zeta expansion terms 
#
# computed with variable precision of 160 decimal places
# computed with 894 bits of default mpf 
0	-0.421583245720288081139509042383975061091691949728637259471349e1
1	-0.135928039314847840327900826812632647287211034301506037002185e1
2	0.373663967902614436279557481384222010687345298462061074587454e0
3	0.11208619810043162885590195861821765229118855930831200474978e1
4	0.109602354419069540236829664011919766839074755287016332007599e1
5	0.611857899852474059034803596107931138354241977227217775636007e0
6	-0.190680219559665664769755712588669773328130966028704656462302e-1
7	-0.555358099638583082664302007331736645511797524201954948285244e0
8	-0.857089501468883442152088206085964553049195817689560564013476e0
9	-0.883680131428868745924810972495746957432904179222450293154288e0
10	-0.671918834334642836551328926733208533894704920630778578471946e0
11	-0.30574113344654934645601915714634813519319318617582372687437e0
12	0.113635157733630391240450658753068927910875405830690317221562e0
13	0.491929620062133458379779589340846428289881082339564096133493e0
14	0.757991726387365460937967152180529501036049480390655452335395e0
15	0.871742966755174233145482477024323132393416396252777958433874e0
16	0.825022589536688901247280222648221841118502597611372794006834e0
17	0.63719129815894288968784985485419378760348069668181035974567e0
18	0.347533770260255500118148889902524975244438334922819991260333e0
19	0.634233722608254838121545557203362750448396575189353090862815e-2
20	-0.333792043674441356768472499154198113128540493035608077905226e0
21	-0.625394214910636432385670344839022894025936504074435657577158e0
22	-0.831577308220388664198318695958842236886301768696627018199703e0
23	-0.929315463986400536759306600491659702704132785428169144697408e0
24	-0.910570343304904361219625111407670312921990246759159680185961e0
25	-0.781548505308389057197836469914066406692210536011443031490805e0
26	-0.560504821784065618841830003828828970750176450210246255177237e0
27	-0.274569906353225053780266655597866017093788732038231917902004e0
28	0.439187839528960231586854773516050349552248085733733170493176e-1
29	0.361146364269758751286394454737924542612327662910798730980523e0
30	0.645248807460432260874213544710145003994803304865007471375661e0
31	0.869169261012588476590191062483072580272300793215494488641658e0
32	0.10127675331898886990944654722798207361162241338153275466205e1
33	0.106410002490470751263368708494673180626764772540725535523738e1
34	0.101986916027992977376036110240639773299533315184926452979602e1
35	0.885108571790635405343236683403463474819681388144884284227901e0
36	0.672220743862697870346420660341227458930659112866558518664919e0
37	0.399517017507281880741564227121494894675629415106822500254207e0
38	0.894266356945272114741959634650042429736882208146857638395774e-1
39	-0.233456343831619008515533439829505842487258066202995871520496e0
40	-0.544329501353790630756657553206443576103086405275374219616297e0
41	-0.82000261037906562700151811242447941491465920085114038080113e0
42	-0.104046912339919247423696532932129256762632013693604619312517e1
43	-0.119014534202654835946430315942885832527923543002943877951579e1
44	-0.125872528225546900521217817646002952194950635453486750657485e1
45	-0.124162968279163644454348440643835831781482959209200783053031e1
46	-0.114005548303492478350703713315155299435898810283645925419269e1
47	-0.960656115592798728335254754974529513784512241989119030689945e0
48	-0.714902246922069667340558913409657137051973023704967679083429e0
49	-0.418186694950500144931033588147992440939162026150002183453832e0
50	-0.887460517912076642943865585383938551798724981197825669093498e-1
51	0.253524753222670299723777327216087768056228961336205680999596e0
52	0.588289650820653218554579856510215782008878921107852820866912e0
53	0.895950037230563728911262303900963993175556321773671330256774e0
54	0.115872264117681000889020509293665979032751952760096739240425e1
55	0.136156515233987545890514587606912698757696033888917243324655e1
56	0.149291036710807560907533550039710039952801209855417095583236e1
57	0.154518267025513401009146580972111045055211410573037381306876e1
58	0.151508380181546767254933305198497692585233056581335184947479e1
59	0.140364740760902295831784792667734190009575261998954143579948e1
60	0.121607329803095357133230127645790781584701074235771455655452e1
61	0.961362219396270665321760270774985476994480770686165466544326e0
62	0.651779973426300485461877774156862539173927420058131798223245e0
63	0.302185720668535121757319272307702608049255630123188601362584e0
64	-0.707367980568641283084099890381575066269003983929651649757606e-1
65	-0.4493045616736864130369423311601046544735746332636020072353e0
66	-0.815676658266871893543166402457997828126518704637942485248866e0
67	-0.115267322672392752640882808620716582535712881835723946876971e1
68	-0.144453683138114534167437203747098852259755305402039553305367e1
69	-0.167760580971632251005418624010876711556075765670565182812679e1
70	-0.184087472947993452505307622015092293961687914340091353216417e1
71	-0.192642331324678516725151522422530209007584405616790345246395e1
72	-0.192970172897586234081074320025419369232598591328700447365562e1
73	-0.184966671559613044131155805819743882471412261879252154517812e1
74	-0.168876935010363490747028013757006379884135759018871777245987e1
75	-0.145280113803228078934427668898585066457132539788588862556684e1
76	-0.11506103321193377769139567358090507485101946258363038672732e1
77	-0.793704806113212751248872762951031596218332173956665123602377e0
78	-0.395761326692148794141103373698385025587827096992010074379439e0
79	0.27936386222965809876817353727703425499139284306799666733911e-1
80	0.461106863740521745525409825246200630534179675419527611568282e0
81	0.88710282797843855600726053934005293551110612420696832023982e0
82	0.128954168278544427665874791891255964041415462064313128946359e1
83	0.165291156222264362190205428588285154745682719866116727465953e1
84	0.196313188295916659445331518247499593804949171532342557547709e1
85	0.22080499144108458525146333872633311763828127170076659057778e1
86	0.237785794597402056660394804398504576658920069259823512454561e1
87	0.246541905673438627700385281187088171362370839891865395636251e1
88	0.246649314068722127684793274205361333774844721642932483825112e1
89	0.237985857405291309841019009567664344433227438437814545978265e1
90	0.220732860223603125324501063863431239360964598494895804636385e1
91	0.195366505465078280021011318969670413005631115825503067859224e1
92	0.162639526192302042654152719941615819296640321425903814243421e1
93	0.12355409635477177243720420601286748822407912685173893839954e1
94	0.793270483842601765901660451298724430404145573157076476093404e0
95	0.313487466967411737619705722173152314788433913684534996948575e0
96	-0.188629036887495385702289524602477385497317354178837866977558e0
97	-0.697117369158007187153671599420999383363929895815187374146979e0
98	-0.119574273480976888634306726694693857268463381641155346714848e1
99	-0.166850720660225523707822126933168193239337049815675767885134e1
100	-0.210014466980486256363682541169164912605159729681460335084457e1
101	-0.247658610542455633663357481827607288839163071852426074140943e1
102	-0.278538198757563506178954964396891850036014642891797940895749e1
103	-0.301607027551096296590486429950226558333782545040292946478796e1
104	-0.31604804471177414344346954065177974196717313524116623293005e1
105	-0.321296617903725467736172214701274021137118983147166167306704e1
106	-0.317056155843267468692518318547757777943035874536699650975401e1
107	-0.303305804302062715823897760719608029131586221483016985444179e1
108	-0.280300170215242765272460661871304728640678210407575176287867e1
109	-0.248561250960449904129288865705935310265285519501529685742709e1
110	-0.208862956111725551830496954319481686698165964470947829009818e1
111	-0.162208800624044116488765298375768949869928015415116103119193e1
112	-0.10980351720531799653392587122096343508033233543139711451331e1
113	-0.530194781527350180776760698910004064447722756037160139490761e0
114	0.664106938951408790246549693376568897005211932571617271092754e-1
115	0.675868676293217708097608175919047362900407605654479110711166e0
116	0.128180472815098679532863935503698383738749955903433246561912e1
117	0.186781880883422427393262612022455600516097693034054035989865e1
118	0.241791804431344915579141870863956098592612627411124118517257e1
119	0.291693490186260768838713530323538465301594987274806625015135e1
120	0.335092031677838919894173508248723456764552330402405173233872e1
121	0.370750221333729904987823063093833425436441876648451322387625e1
122	0.397620096532214608923231226811336440597805066983866549985638e1
123	0.414869461708937572491699972303396706032330623519824783180276e1
124	0.421902809643581961342739757295049847516585693036235649462185e1
125	0.41837621561544712783368225591253524487105553816149581914679e1
126	0.404205934241869025983151523105445307026322590451033117056383e1
127	0.379570586580774181091377176856049085196251627349873752506274e1
128	0.344906980710030684908337826582354781022355222420932675344619e1
129	0.300899758934052807079811071939314631619823289341224773105654e1
130	0.248465205745293291311117411027139763023193808343843413247485e1
131	0.188729679767485675728838615741061458618736027496924677263259e1
132	0.123003247608992011292448068511947767440221187991249812483542e1
133	0.527491957723670234786414858532286749178785622988028946248877e0
134	-0.204498231273648967836061215990495353394438519070919463024393e0
135	-0.949281927443261345624199482433938274507222585380389517591951e0
136	-0.168975426002945778842173815012044423830662297208752557600794e1
137	-0.240875070016289211222257498111047981429163695631216161828973e1
138	-0.308943543433356110957173365571804887432237194185575573200601e1
139	-0.37156804522535589118933236499914076609382598773660972901978e1
140	-0.427242710663432815036138895225075558104952051261309941901464e1
141	-0.474602243839749497062777593368628188465424654524655184777764e1
142	-0.512452324850725247438158089172193631358462302301968180054084e1
143	-0.539796171752939197841954769209915893328193313665266171851097e1
144	-0.555856730474808269798309800897526842684538484612614194071265e1
145	-0.560094067728618561287652229343393805721937773257034465933222e1
146	-0.552217650231248446511107236977593872441090266785827878243137e1
147	-0.532193305779552468806349281528501120732820253152352376897445e1
148	-0.500244775518520579431559329418380757825303076520231966862336e1
149	-0.456849879724885883916952194832871807272769353291055325607556e1
150	-0.402731429345657674369867130628572737952964979228361591357211e1
151	-0.338843120262357151581785442107312826905813744764639758806947e1
152	-0.266350744857940906350510665592440346536668702815619855347807e1
153	-0.186609144213637066861894044930735805102300448659522579803782e1
154	-0.101135402660100243584822666324951546790119496523631871994527e1
155	-0.115788532075032743561615519658921880563529750626673228387131e0
156	0.803114833946486242165725578439433244855790077061016542107018e0
157	0.172721362267351610727852273440465107272790217208067427129174e1
158	0.263806989732506701092581998860529901681988181243556147255021e1
159	0.351731206018521866848189682649207480003899885246312920405284e1
160	0.434699471335928328084151021100850421421599769839744407870172e1
161	0.510994965024840496874493809257640883177417064887953672523883e1
162	0.579012133942884848853408074743297360808225680971448241128774e1
163	0.637288064664563061177924502316355597315403661383772160956042e1
164	0.684531103382741383420199758508482333594453469951956894648101e1
165	0.71964620645376904001528492542130557854156766660317972792609e1
166	0.741756571982871759389995088376446627146662085548365996818296e1
167	0.75022117726777146933008159130334316155819216177646891250149e1
168	0.744647926786148121892392095601272723815653799036841023468355e1
169	0.724902199155138633223508624113103871120426153294543180134587e1
170	0.691110667515122655922541474659928377726000321892074755455799e1
171	0.643660354508961658092320970394365133354166006774809386432474e1
172	0.583192968889371088060069614249993305214756151303895078655136e1
173	0.510594654299114426093555730874716323407327614986620062651322e1
174	0.426981360523022668399593680565643167642901254895852299498368e1
175	0.333680122204550324937021686523318356327029014835235069747078e1
176	0.232206598473775670270899453548420584766140798396953308202731e1
177	0.124239288109445178422756005926439363682426319046461925659252e1
178	0.115908878686953027536680418230478778442586758975058546226803e0
179	-0.103822694258983565622187402522040477653384514028016992851926e1
180	-0.220015124436090092404433620465794013149735653968765159107536e1
181	-0.334963655704193871312693015086838711195980700130826163970615e1
182	-0.446643781929613135011177114803094765894347673838130743171593e1
183	-0.553063942079485012973098674574701184962577996791716875918501e1
184	-0.65229968910852084764764111301097858824707668048975734828311e1
185	-0.742526752546299292855550639992633223977443016885132347240553e1
186	-0.822052447884252147136618269955916060001146092852956023778525e1
187	-0.88934491849114526426870237838690427678653073150116727868618e1
188	-0.943059736331917411138633357405692639348158341441791538754616e1
189	-0.982063435413782204683507161345781301863518926031772546257497e1
190	-0.100545360572882690211308682660271949975960144835314407974465e2
191	-0.101257523452113059009670223669135944935623088959659176793728e2
192	-0.100303304493744439342212696799418080981196969723769328267535e2
193	-0.976699648442121909104309481117602713893600988972099207566275e1
194	-0.933719395685309959882116621007536646979164649817199181162516e1
195	-0.874507879699880106582089904958350529124448296071534903639821e1
196	-0.799747114271329142063609397119644362411063519578688728949129e1
197	-0.710376478009152715954871021262406573586489538317647383739299e1
198	-0.607579580025847808266585852930168239920000071036852878049864e1
199	-0.492767265237461421060030143909176867900844165609502004897708e1
200	-0.367557035246032029233199244480465590657533734000371174614032e1
201	-0.233749213741187451674150129113194131573412991085865844539375e1
202	-0.933002326504812294183153496870804953136028990772545491665842e0
203	0.517065437380901189886957419316125019674162625234964646757905e0
204	0.199092005268795444282326778144666755960726535691338493299923e1
205	0.346614014623111172071102216438438577785315389504553335839133e1
206	0.492001160321283237951849536875514962162491225601561488277223e1
207	0.632987034232998200796097589662707093804988244151756368282694e1
208	0.767344519626022203909173928757259459514675137912627200176165e1
209	0.892919579220737010989835480893508683783103307820267171938311e1
210	0.100766404360546587817193481604134598166135553688977319598739e2
211	0.110966691842359050472720582596785367937139897248416990981943e2
212	0.119718375359264979310575495672756794597743268236404726171312e2
213	0.126866364899230626797580887580665596302579427998317905320825e2
214	0.132277350801601537240785121793714618159006556384966096119861e2
215	0.135841919250321717398194366513950746087407280318838492575608e2
216	0.137476327917711847730044138619171403082793163429406584923678e2
217	0.137123916808028062286833120801496782604400396781999695945717e2
218	0.134756134686064310790656004751398079213360802336513911836508e2
219	0.130373167032193107698174591475950971734287009586688749698007e2
220	0.124004157160709046363114852598897394671611231303182546826053e2
221	0.11570701789202360048396240335016854533111670798755628527317e2
222	0.105567836900782947557254072922396584553856593368524535691169e2
223	0.936998844927922438498628523509133580408096043338842924218534e1
224	0.802422380180271674936573178308667141513756518697243416647285e1
225	0.653580423330982446314565475875855798149377676596294920392641e1
226	0.492324306170912205206327301940950380030839788524960687850498e1
227	0.320701343580009524074241242758271010380413237771029547906133e1
228	0.14092815407447716769013449828104247284282472357008586024107e1
229	-0.446384339976909697595396373954363210236757835310323847396981e0
230	-0.233532494889755578254842546907488441461441391519644731433891e1
231	-0.423211715607029744664645438628817611752626570284518610315221e1
232	-0.611091263505720673129449750129367970199605544535018491837878e1
233	-0.794578357718343685922739521610700265007227227440619110331781e1
234	-0.971107083536223722795497097932609481260083909991884351374818e1
235	-0.113817298775089843818690243362428555872280001620535227273677e2
236	-0.129336699788285703803652394225399032643280982026925142391431e2
237	-0.143440821906694616354955239563531582332053559121798099623283e2
238	-0.155917517890426826863334981127290812543815806448698853007319e2
239	-0.166573511254643771566772318774378562943410983719027606235134e2
240	-0.175237090730125750964313900340861306383415421220609622465227e2
241	-0.181760535773223074329265450206742987978001879322576535782292e2
242	-0.186022241810851798473116504383534864256561970237765125017441e2
243	-0.187928517864219726915756277159175808595064738185037123424856e2
244	-0.187415033468290248440454526718523342723603042592993843953841e2
245	-0.18444789633522715557241852269676300560032138255332874194419e2
246	-0.179024346939524256510346469280899710245249661024965560306157e2
247	-0.171173061068997526273927563334044026801166214692827397926628e2
248	-0.160954056327351340088241789634592952286798838100400576663859e2
249	-0.148458203528701622213122720777788651982113689620195079317993e2
250	-0.133806348831110456624424661874013908342000165321134921594299e2
251	-0.117148057255234493719697169151642957450000927550054279115411e2
252	-0.9865999286819428765167035911656888494600379716420797950237e1
253	-0.785439553271701115942749777025923237216356841694994561187471e1
254	-0.570245966209156547249765847695580323655087143589199853935009e1
255	-0.343468456732522941970389476750277526101562107237384484017077e1
256	-0.107730719380527625658715266498120569189336698647086267557294e1
257	0.134199778174517702147508312936973583846914607402727692663389e1
258	0.37944432707427587119569258192160551686313468232943805880201e1
259	0.625047018872765932867249611987459939570596829382203533379072e1
260	0.86800988964715108698657991215395993765575470459892146781006e1
261	0.110532874741073378084129367046338508637958094008915264366936e2
262	0.133402925657487902962215263616054751085838434036909631312878e2
263	0.15512028512241815813858457190961719514855205045522369453713e2
264	0.175404205202020612405706029424322961041638239215945272154255e2
265	0.193987476954842068882947202565384517821456344381424086591177e2
266	0.210619718972945828662169516540999649408312466879920503274518e2
267	0.225070485433518494182113327937663928945283544687969948640797e2
268	0.23713215714376071758900653434693802545740432494594195971726e2
269	0.24662258164832061164916156776666072489980768456225616343348e2
270	0.253387431429310557503780932391600102127155674534998918055336e2
271	0.257302252526878349845325845096044934242881244113464745636485e2
272	0.258274179502878998067341914210936839431226496042741892348164e2
273	0.256243296518094325866167905456442468065522623606388898768211e2
274	0.251183628349066390536443112042626165622489536405031972598937e2
275	0.243103749386596491773068529917521028324590335175979232099682e2
276	0.232047002985771568890600835349050069823123442706397915089634e2
277	0.218091327927834774032498851565314916778322994829340663175779e2
278	0.20134869315805176524958882092230353067146717861291206450408e2
279	0.181964146332128880454746931715612277424997387570183974848241e2
280	0.160114485988885027013456138072195530375415956599669561783043e2
281	0.136006571322423307276071260255886071886856916203531313240213e2
282	0.109875287508614344881688135001417897905651053045430237434896e2
283	0.819811883063293657974327361096483171258204230498643909118449e1
284	0.526078411644158816442432785390456778345842147791434407718268e1
285	0.220589032849681240641013844994849176669120080577220836858068e1
286	-0.934504001037282600322260468598974610269990141524217738086175e0
287	-0.412698407200936516609350211560254523582781799158180477382524e1
288	-0.733713213495882230896459893243425622565973414992423952887303e1
289	-0.105298938014867489658268931999597282508618696254209730341724e2
290	-0.136699534274044210631679138528793055827115254106446331538466e2
291	-0.167221145562000199485810531979217552447918225504564308703473e2
292	-0.19651681359838943226888308151762277304838924433943415836393e2
293	-0.224248370066109056754496470442272300666051040113353610039133e2
294	-0.250090149214089722612050049211256485356226182285230783711044e2
295	-0.273732589817771805260310561218246629024592284174289770409217e2
296	-0.294885688121682091325950696874462621917414652888373024876256e2
297	-0.31328226497570201072187279758095180624871789314084192560626e2
298	-0.32868101234059375211200017836980589788568194681945800864285e2
299	-0.340869286656121590436424059758778029853088942439384379244727e2
300	-0.349665619210281583932470560793016589688508343096444695536852e2
301	-0.354921916591269444691694066293022516801524574374577835623711e2
302	-0.356525327512677246644826105788087294280440524331164193574353e2
303	-0.354399755742447857954679475139000050754792797636086605455085e2
304	-0.348507002500774572753924488650803039090502727195689212104789e2
305	-0.338847525483258941236821343610015280222808439795866637018546e2
306	-0.325460805573885561056974315201729840120716640833522966007215e2
307	-0.308425316297607066899740039039375147332060947051886907911231e2
308	-0.287858095084048948979338420051927651623590334196724925456651e2
309	-0.263913919431566758849953164086785080085021167491334185600348e2
310	-0.236784095034573564016045672990540715599290869626209438316163e2
311	-0.20669486682747946927865993534618924244595244065459731211775e2
312	-0.173905467667719349873977286822807221175032553603662098312463e2
313	-0.138705822991714221404552190147071086330108584264946377614336e2
314	-0.101413933196630069778903309802649730290626727660520930071444e2
315	-0.623729586950823792048020016566480844004202861301394989649982e1
316	-0.219480355295916658843815777171195665584968162910313401380722e1
317	0.194771479085199768633498472532361577166820396518864327197395e1
318	0.615039801591574451592901514641806677482934365133214648886815e1
319	0.103722727050765010336977309347057718068398499764815946417887e2
320	0.145716466532870079380611725332637962153732222183720680838183e2
321	0.187065120060186192605288255439353751149431998609363655260416e2
322	0.227349541652411481980961446348519138533087385689440948087102e2
323	0.266155625178114294935820031986815270918273911302217581611845e2
324	0.303078390215177893558360914700205260815864966898621456654035e2
325	0.337726007023927863295088251477399469980735709650911318645966e2
326	0.369723721728449634481496306567986832252211353103551306792447e2
327	0.398717643729371000713272470563572342249283705229785434572922e2
328	0.424378358656787505426027381163705792604513013139945964439962e2
329	0.446404331801037995721043654420973560264204731447798422322608e2
330	0.464525068914590810993247760465879854876886054413537677042626e2
331	0.478504003540375074543813114071629682202957206430820660962027e2
332	0.488141082567800667620895809243487838387356313327995134598508e2
333	0.49327502452232512604123348060612275722675982657195695687984e2
334	0.493785228130430513767571727403381607612992470770755516685534e2
335	0.489593311940041435360413955594803143548627431751713077451526e2
336	0.480664269185896400047834879080099733067919798261783372579116e2
337	0.467007225638003652800779902287710576657335315310117950872386e2
338	0.44867579182587616044262917478841956533972231716046550506625e2
339	0.425768004757849078657388811482795052586996215210815220174756e2
340	0.398425858019144509373655146003027495198887588918495635729917e2
341	0.366834422900090963661770812213873129838637111985116039570271e2
342	0.331220566942887078654896604968972411772006045636889087981676e2
343	0.291851279967912795433102360738968199322359153156912437998685e2
344	0.249031621216056678873503692054599658670483228443329817706004e2
345	0.203102304690177411471695743899663796354860267230439211620359e2
346	0.154436943066364487884805422419104363709633777451038385286699e2
347	0.10343897364545748300740505420080600476318358138881440844079e2
348	0.505382927005471681442014143269700281819208414770616065658373e1
349	-0.381237277777300398664998120523807541000818513603027566001493e0
350	-0.591413245522125293411608259926526832044826035671308101616724e1
351	-0.114961950336594716611787395124103703762081756273387831466776e2
352	-0.170776943427660322783708852973636868566237141156048950862503e2
353	-0.226082647987389139707893295290401217567093506156356223566279e2
354	-0.280373492027165043959447840529516395713601504487167826015827e2
355	-0.333146469314027988563521052867360832210095818300735886668342e2
356	-0.38390563092818883709301837094554790648991550193578045320507e2
357	-0.432166547052845903393337285832677878428089751609035928228245e2
358	-0.477460699772074079603747092773505410596141255412496284052617e2
359	-0.519339768187147997053176827066728671622094793091134715419322e2
360	-0.557379768030203517688517425098090198309059194124615810394693e2
361	-0.591185009147912239728588226323814673735611975603370742300751e2
362	-0.620391835735398519918112346772841950570715102417334685142655e2
363	-0.644672116007928245504867038908054143010300901573727342539851e2
364	-0.663736450088449630937113674213820534401662338461690722546685e2
365	-0.677337067244082257946934881920779076988030159121104506618808e2
366	-0.685270386203230791581922340505658234249361241199763910076419e2
367	-0.687379215104323601575464402177446549776487691117644176235504e2
368	-0.683554570642711068823212911455578432925941353878775566297426e2
369	-0.673737099167978434375604747654329667895724139236847382739303e2
370	-0.657918085812545626071393193456984832830280635023896927779352e2
371	-0.636140041175628166038103696628597604141501529859520988225279e2
372	-0.608496858615323410786259414719395436492582737890196829691227e2
373	-0.575133538786134068650040473697291840486564523041487605892578e2
374	-0.536245481669728414266566780511567620113203455683586172581318e2
375	-0.492077349953207364445555364951463612223405885106203140181674e2
376	-0.442921511181852977629538589929195541273175988676983251888452e2
377	-0.389116069622969525039138077561991523579565156929527629030379e2
378	-0.331042502195378717393608003182405187007442555144677982896437e2
379	-0.269122916117686631431333917609958836496629479935556621002023e2
380	-0.203816949081020132808152662501844715531484415796832642810848e2
381	-0.135618335733286660820962004341089154289240042690219283755924e2
382	-0.650511670484201619932084166782169838703395574009351146517183e1
383	0.733412827648124038152480139705006669043110059081799093383176e0
384	0.809650489208955914403565166636169088444143429830697878117434e1
385	0.155251498985197381201490903267172983408227046594027852561476e2
386	0.22959044362144520104212087942248632888039358515655756836117e2
387	0.303370705371707021749644498365189839457431015346173399217878e2
388	0.375977863110573111351052622315503773457289472686154656625414e2
389	0.446799214569466840208965489744442674498736901693702435038726e2
390	0.515228762813219191402452536850335121055901440237322996761245e2
391	0.580672186748137605497232268115418751924140288813265636177328e2
392	0.642551755766974257988396584181471295652144605856570633398634e2
393	0.700311148978777201069306919978369100802406916926128300003896e2
394	0.753420140127104722305344717213646197882729856213479058774432e2
395	0.801379110262579758958060823874689284442334438593156793216449e2
396	0.843723351496968645993120289047003395944786716308448896416856e2
397	0.880027126715310518761494430120588447574769227965899042334094e2
398	0.90990745194733495323305484552173039697076916174610176689143e2
399	0.933027570184646075810409727417695493638630873826274667940206e2
400	0.94910008775913653694916884876419713679635254593010769345515e2
401	0.957889746952237554538877544017063948327473317831165456908748e2
402	0.959215811263678289670857152712159072265603011089525313268493e2
403	0.952954042710705687211059967749844802865642773967223318224597e2
404	0.939038253631187323045687851057946670558901238882120459321495e2
405	0.917461418702548044599033317357694172145502791915375884123179e2
406	0.888276336238011284015279921558483051208260392738272148539784e2
407	0.851595831256330962469128784349973944554048837996086831088072e2
408	0.807592496314781126910582605587008190915682146034297314937895e2
409	0.756497969620959442719365605077909827472415168164695525343661e2
410	0.698601753470172129771212458459604835389289467063210756203519e2
411	0.634249579565091645756603031156381550900053747564833234051024e2
412	0.563841331236578710483515038577198893375850522194989697903578e2
413	0.487828535973071653277903694531794526047279355817677867911844e2
414	0.406711444955463680606939012146924128544297915105069690366657e2
415	0.321035719460452034538503054566450580803356850506848094043403e2
416	0.231388747014512002895295281274250318799694730354308402952964e2
417	0.138395613030670374850947776984320011885742888527886443161265e2
418	0.427147563202180432286193754572712699329760969372029911819191e1
419	-0.549666606780099209562994382173998378051529882414901212150951e1
420	-0.153937633884943769373724941403081888598157347005133752892119e2
421	-0.25346841673944941435802892061494657471567713702139309818622e2
422	-0.352815799759279601935585107620172529664863896037022581642319e2
423	-0.451228532284173562790785897213225899983684184451016554131819e2
424	-0.547952847007965163692267041790933426994323652599038899497525e2
425	-0.642238047022261960482419363526291366382793321472832001811781e2
426	-0.733342114504208178307441922176704446305550509640394384115431e2
427	-0.820537299888924002489625281954913671879393452130103240145152e2
428	-0.903115650375129404389760361045499494613184915712558913625117e2
429	-0.98039443691974879178488240966992406212715063951134628570102e2
430	-0.105172143948133305687316278897261420119247159214187572905212e3
431	-0.111648005116818386188784136283161571567048314286228097199117e3
432	-0.117409416312829917762940320035354773427191786774122970639404e3
433	-0.122403279347584003788930820637871588749347449688409994203284e3
434	-0.126581442527196458408666167866439663346154978643513541418107e3
435	-0.129901102055395039924347431167573759280729463955607126725264e3
436	-0.132325167962113889815355219783679832129905962961838943416654e3
437	-0.133822591722335224287450207264435929406871598268528682576299e3
438	-0.134368652993949938741347380917603668786622589829342681858351e3
439	-0.133945203186216037018174555780100342220906483132090200346899e3
440	-0.132540863869782598884580845772013620543526496297215509367434e3
441	-0.130151178353088314447143483344227759785971148628857661837948e3
442	-0.126778715076013942817072498065544439989805877302020011663558e3
443	-0.122433121807665452709128158340082582568258045697382073957291e3
444	-0.117131129978725135163174344368366934110287879976707703245095e3
445	-0.110896508827522453039448043691949701962244221930036924389365e3
446	-0.103759969390407300513835234177368759325840795823361169971593e3
447	-0.957590187187068634844787780709057626507809886343678920698384e2
448	-0.86937765054070207424472301959886526016538461564562914610916e2
449	-0.773466750389313015435566282288753534454338126670033615616394e2
450	-0.670422843767695741997717197261365528409311706110720643447805e2
451	-0.560868636854904905558002754980356296580193278659117161775672e2
452	-0.445480416043309326047140190224752856635895191751983200550279e2
453	-0.324983875180449371498571817150725699176739439125046032671091e2
454	-0.200149565496742553564684236397832453375599660506435800846662e2
455	-0.717879974299849944469840280645633815596895345060451131567939e1
456	0.592555739403908819358070228082436169850849006851104263692314e1
457	0.192106645847143289449416990532914316261135406979306795941792e2
458	0.325867211114024087130352005211126298039818185596185868310219e2
459	0.459621709877599917804902260773245806442092370915703844549272e2
460	0.592443150305564685060527306797042225009651677184558068288226e2
461	0.723399357565164878974482140769165755091001244578751668695378e2
462	0.851559309268856038340022098309811284134149372567444209267866e2
463	0.97599951487793081953200788888918801142965665403474697691115e2
464	0.109581039608349287291641386158493373754653881665162786276312e3
465	0.121010262501076773733838848911002217925324188077230623474864e3
466	0.131801337720838876532238335788759780620548492540766534236624e3
467	0.141871245678809595705807461283310973572161305617609806170336e3
468	0.151140825176945316487916711368403970556903950221890576569378e3
469	0.159535347865405754287482983804368511742003946521065927854496e3
470	0.166985067649777515793537576471595774087172187579541897408854e3
471	0.173425741225948786682787922945926941526586248652939257093175e3
472	0.178799116097064952908632185357668479928086301594596481331878e3
473	0.183053382627993936459053462686677456279569385834252432607442e3
474	0.186143586916820968830926917040429600411505410312134691032048e3
475	0.188032001508601839802100171037429894690815233392440104131828e3
476	0.188688451242320080505624257377674196072403991566414454674494e3
477	0.188090591805979178763783441414344543017263462843354872897007e3
478	0.186224138875163057282577846381278421976738842679965749491407e3
479	0.183083046025261568670407072030932546417730008899120043679706e3
480	0.178669629934838227851537767159405069491821027754861641233678e3
481	0.172994641735194546309242006092188351490837529287253341190907e3
482	0.166077283706876996281202101660280310583904639061213394053459e3
483	0.157945170875449003862103827990936914125747909605292778987488e3
484	0.148634237414048432425542484144716072860664566450430165271471e3
485	0.138188588116789128744554649851178622029290571203552099857446e3
486	0.12666029556265759785951844034071750096136561099795565678264e3
487	0.114109143941927602741673455805710776823685339940197187262184e3
488	0.100602320864016212442110411145342125307240177211110200848813e3
489	0.86214058804923361836015708389395120096216659852343886535947e2
490	0.710252281817750194443532523327288407918056733077411263233943e2
491	0.55122884359435538743330581119555385608806514446484398225654e2
492	0.385997711976548209693477624844909946079562403879730675118548e2
493	0.215537840348491844658202548856872273575504250639864625960227e2
494	0.408739527456316341768672669721971278185861059455601091284225e1
495	-0.136929540087811187634136058844543600052781210004455031107717e2
496	-0.316774927986494092049518514824955568983198336052640431108777e2
497	-0.497537853463013510829910509597113824823613744148148432049434e2
498	-0.678074188250039308016761784350232651457865586852265485512554e2
499	-0.857227092331318143271064749669543170741751422619951162970891e2
500	-0.103383421218015392153709935214705468634627552761567968168846e3
501	-0.120673497386382659792897356231963781757636838788891709005568e3
502	-0.137477792588598928855827586315525311643804692670103842997812e3
503	-0.153682808613137263700383554048795422353233027988973491612219e3
504	-0.169177424705138343314210678899338319010042835351333609315501e3
505	-0.183853619328693037841660930044105052460100412386091917343327e3
506	-0.197607178626581925350322149593344925137280661305113691914449e3
507	-0.210338387093437236877710099533042264581279717751404979084369e3
508	-0.221952696068286492804300611401142015363753203779496857244198e3
509	-0.232361365769656594522154337196761579687546771334743859283175e3
510	-0.241482076740160431112356848733906784806504525328848295326301e3
511	-0.249239506736892881861247144265519842705262980464182439026543e3
512	-0.255565869298012581934920478604759112823931368481796718590956e3
513	-0.26040141043341516812420676750891919046501304690090057473233e3
514	-0.26369486012710769227783258683204500879022420357133374586559e3
515	-0.265403835599335106074817031375112498888813178913384787885443e3
516	-0.265495193556127726664082024429744546397308983714070028326447e3
517	-0.263945328951059596345164981740690596877257824302252179768289e3
518	-0.260740418096854891626374335858444023670812507919688501040055e3
519	-0.255876604291184221104523137135081222412382009424808132770496e3
520	-0.249360124459605365495970740996430982893536995857717589495652e3
521	-0.241207375667105571756589341758649918771404965820256731609998e3
522	-0.231444920706020149577206295190581528216085772913388182668993e3
523	-0.220109432330115948798438999722294369605444450260639819334482e3
524	-0.207247576070187983853455343129391364224336709625527940372893e3
525	-0.192915831933454014322591181762610397573169517126635475067236e3
526	-0.177180255655170457054840124975899447154426931567657023289069e3
527	-0.16011618053406574050816045663140520302063383586155763173716e3
528	-0.141807861241245944297162155218312737307161718483293902587788e3
529	-0.122348061343056337636908793624156139363243082449180767658564e3
530	-0.101837586619909776533271491553540030596415139033396231591725e3
531	-0.803847665933038404497377217935100371555531046706410270095126e2
532	-0.581048869901961285908341212304132021572174838726925033443636e2
533	-0.351195761757235163336855001162929010643128794365858674405618e2
534	-0.11556148870158419243534345884424934850455047876088102205383e2
535	0.124530892676848889372437247283828415172828077127746575335442e2
536	0.367715723622169261465034997480483771963757454164142431277478e2
537	0.612592362950785374457691498731041949071615927679833965117132e2
538	0.857733076768256136294683347578356049953526875403332985266684e2
539	0.110169115384230419728012544288882481079891203843440504272654e3
540	0.134300920078808222651554463489072700118667729928805491587193e3
541	0.158022756995929143297844772411600796735827962788720405978391e3
542	0.181189287194461856827582178686880574895780359978925687554676e3
543	0.203656652384919132185982463193998797729977316047940160328159e3
544	0.225283328409979126148292755175099652490607568264670985396371e3
545	0.245930972435325265820900679825820373227016660009668983205693e3
546	0.265465258921105234704488807965911203387787003377122477076769e3
547	0.283756699484918813534774064171552899256538052469254921915228e3
548	0.300681441835907538300352921672152656859591607733074383232128e3
549	0.316122043055879875937331468291243843591751219573525296612552e3
550	0.329968212626950957491504834107601725377392072803863236520802e3
551	0.342117520755239704549800648308660061638828700046997172454478e3
552	0.352476067715933177806733484340450284957221836527509357775694e3
553	0.360959110145538712293772994128003865619155915927734254650679e3
554	0.367491640431300937893188813461263522107141793733365208473132e3
555	0.372008915594333135863590792907853592706653393497328747189248e3
556	0.374456932330645697244093462797867993651029589116026017929547e3
557	0.374792845161476823822069720122418233540382302363312599518589e3
558	0.372985324949561538700436034562860597531415274092056968672925e3
559	0.369014855359534449325970746051887202244441178681903177112986e3
560	0.362873965176779360477323063278225782385066768491414209534737e3
561	0.354567394747864513351623036239927605651048525930757742168025e3
562	0.344112195165315976806520654877940256669809346399581169943916e3
563	0.331537759187904616215594167067048458829604607474973493775035e3
564	0.316885783262827234301506054837842341985547239577570625780063e3
565	0.300210160396086309813798727601035589944451786887050223831885e3
566	0.281576803999926309377110435241298161031898483360867018072742e3
567	0.261063403229265017211123989216164353558965679649673392244811e3
568	0.238759110700560581857003019337875684991900836035743264142919e3
569	0.214764163864383033091219023667588472796319858967225062398104e3
570	0.189189441675037433733646222994913737258942414577387576319871e3
571	0.162155958564870941762972970295266846469572639939202604310688e3
572	0.133794298085387020931315378898376638166843702087998276657747e3
573	0.104243988920039572987081894328851136317956875632561389581422e3
574	0.736528263027045871628609320329363594595338972003182803167343e2
575	0.421761421895177700076104086151592548921620303932151660426126e2
576	0.997602782829794255256337230012534980959376876564465707411606e1
577	-0.227794873524850320199759575100540306770289563624438500952917e2
578	-0.559172963558238178473490473806817241958669663808021508056067e2
579	-0.892601103143252640370227214272337893772326216959080192176256e2
580	-0.122627384646738252555284626521634908633169354658745605183442e3
581	-0.15583627085680987266692993142279894112625890770602158029196e3
582	-0.188702588995320503656647957114592771539325956573374664216549e3
583	-0.221041815669248065438483719505468801984085222359867039544458e3
584	-0.252670082372089716839533138971414592476355008289775140457434e3
585	-0.283405178827059152320578852620347976997596365574778540252983e3
586	-0.313067555980666158485555136482523695336368361771619406690325e3
587	-0.341481323258409976851411154811231055248022411337791774559923e3
588	-0.368475234697166418233147050458544800151539527134874870078785e3
589	-0.393883658600356385079043744584020032622857447769216079577983e3
590	-0.417547525422034989916203443855181293566768547669160062876426e3
591	-0.439315248674369873550475712455624036647732050136842546950045e3
592	-0.459043613769169870396769247575134197066408253287172849535654e3
593	-0.476598629847619666130246882536432981124329686969097903471359e3
594	-0.491856339822468106844546222205945731395477421357107437107046e3
595	-0.504703584052763537993157546491217929885355819639727743562279e3
596	-0.51503871329185039370067286895110354322971042987381519349953e3
597	-0.52277224679362915694581069327907583800693944416736674998474e3
598	-0.527827471728805160420045834159821595179182959207665179248396e3
599	-0.530140980350661907254135928962215696358205510032914616397798e3
600	-0.529663141657333235111733149399697216468787036284949566045075e3
601	-0.526358504623055154806499534655922128802881449388204395158734e3
602	-0.520206130412798039384634071668394416328431710555775152497748e3
603	-0.511199851351273190400884086573375436691087698871474169819851e3
604	-0.499348454786758590287866899745677286364276997865370445077357e3
605	-0.484675790370613970121986660825538522622480443413520937219446e3
606	-0.467220799662815207824229883018401813222042764668865791641175e3
607	-0.447037467370345471918965216809223277913474387333789995471575e3
608	-0.42419469392681152389336791467800619069714487698110393632161e3
609	-0.398776089526157776600461480493276581928907540502880731173008e3
610	-0.370879690128761646466721283431721770557577160405056939872747e3
611	-0.340617596362439510873103050856045207258819956357629971500189e3
612	-0.308115536641906299591862237058481848258370985387158691414884e3
613	-0.273512356225962024886506910640237540861594963113547781259242e3
614	-0.2369594343200998699720205051825558534303423576518591640583e3
615	-0.198620031711353362276654594404433956356365075266819660609261e3
616	-0.15866857179008127471403259423059310975036027410848220434649e3
617	-0.117289858168140645877928594632371626938661827658329843407008e3
618	-0.746782324426983426003654955085326657404182274137017984972865e2
619	-0.310366759780318711769779893740509220603546918572279824323715e2
620	0.134241401175943629813640076764674495745804679464056846922128e2
621	0.584868523580942423788920609979180424630299117259285822284159e2
622	0.103928444863499937602642584409650162574599664079483441219937e3
623	0.149521326995808455073997425996416957217494897825073522301979e3
624	0.195034443464302272880016216660049089191516967078550920379868e3
625	0.240234411526521278584905054377890553046954125754652348847754e3
626	0.28488667974585855276491294686198373091180435897054511167684e3
627	0.328756702628615779095808223894602849656183074015912585540881e3
628	0.371611125353033672161194627880530492070607590823460042083664e3
629	0.413218972720919902206194853606874528673554667148859368466873e3
630	0.453352836409502412594732090587923641680204392635379250630625e3
631	0.491790054577368171641420855071774129859483924421090697473152e3
632	0.528313877883990734621470225457985965187381442862619764696145e3
633	0.562714616017444247122974221075802887006767773350673316134059e3
634	0.594790758889341630346125943989894368094984459303639610249648e3
635	0.624350066749571417845717878948465736829637395769186761190652e3
636	0.651210623595648993289463738071593676410731222847226515808686e3
637	0.675201848401910933945563849579934779412415381250993820362958e3
638	0.696165458871694816081906196089661042624332562888647610841217e3
639	0.713956382620255473875361090440051420704879802775452741227385e3
640	0.728443610926535890655316340132319047889415676144165821464179e3
641	0.739510990446974125428156698481074667406797135817735894362178e3
642	0.74705794856310357633870512386090841731788502903265772062747e3
643	0.751000148335494052654343363169640984416317471151598536285182e3
644	0.751270069358178470868390271977413637790988084135036916630182e3
645	0.747817511148605573477464994636841849125883352692725721111819e3
646	0.740610016066749447334191427331795032281741860315960180197626e3
647	0.729633209131601606810216116599453228135657977283959427510728e3
648	0.714891052492102243009507952888129185756262754787196609371373e3
649	0.69640601271079510763583439912214586047927896407429524123002e3
650	0.674219139430215367590935339207219319227014954194609712316689e3
651	0.648390054412289499845465192658015878344853223036696357724478e3
652	0.618996850367845999488823823880001586698665090409621552661202e3
653	0.586135899424677213701827495965879966049393555260029064466724e3
654	0.549921571516404282672051047131063523766664034650573743980744e3
655	0.510485863408613437219911488283033671807923702697374987689812e3
656	0.467977939511283224562358838518241114291122139941847554013627e3
657	0.422563586055344840748343360802295660764056054060079308905772e3
658	0.374424580634263406495247501187352711528857983853971904510331e3
659	0.323757979526773691877189337146190698107249845396366038772407e3
660	0.270775325622361151247547304041572670305676736161081354551844e3
661	0.215701780164803908947273379126216648177425292051420053917531e3
662	0.158775181909192451860807614934066135436726426364172419588771e3
663	0.100245037652492178497292264373150352546693664125593978242856e3
664	0.403714484451511415309717561053828663275342752590963729957786e2
665	-0.205760238801984091491464165498060205197852934379029433388686e2
666	-0.823195449188338421586025274644781135072470067767140702439285e2
667	-0.144574245412641408304651192979801235351036792695403674635343e3
668	-0.207049502984533319265471756078011221083093833611213136513521e3
669	-0.269450262157669405475628520253693925013033651214708491472526e3
670	-0.331478386716394031541555199696781059037270371874798835639267e3
671	-0.392834038280530975928108697178755700505433421781593182947733e3
672	-0.453217074807254053384824530600855680568547622422390225328719e3
673	-0.512328462605976344643228444227338231841087861767190042328437e3
674	-0.569871695352251318235095001971286388202852518550848104723625e3
675	-0.625554213517095471042132900716361648528616684400437669957968e3
676	-0.679088817588827773877420906546437824059499081304620599610303e3
677	-0.73019506845574056677855620393032953591814749877928456866128e3
678	-0.77860066833979378505345249975838985034737657139466075541348e3
679	-0.824042815724042946241808464569963621891615475310618154523859e3
680	-0.866269527799513980445580963436951490946074987755406766638354e3
681	-0.905040924070427628861677245810405375381107557861827209833787e3
682	-0.940130464899617127567339415341053235808607504334288233117428e3
683	-0.971326138948103071805961295053900548943457800272018961676214e3
684	-0.99843159366338265259746365077228442533995861460085325521739e3
685	-0.102126720319922012357304396719741913784946107127478278226855e4
686	-0.103967106840462777007724996722184805716605720072295604229648e4
687	-0.105349994380021569689402513216859967214388955914383174531436e4
688	-0.106263008676496073315879643227954461656608765660843027774584e4
689	-0.106695802448438385081768456855771153376638646868610023351892e4
690	-0.106640123456070969476316074318711225978527431987057827850352e4
691	-0.106089873555528933653224897736310631110129398046868880851725e4
692	-0.105041158412178346408722000757186864879291072724196303173274e4
693	-0.103492327579362750310478634772395233562827788337522679475496e4
694	-0.101444004690935417281379697452952718206474350179716592838743e4
695	-0.98899107559258416562173517902381616207568969250122508982245e3
696	-0.95862858014800163577008170858997662588141375363046232679884e3
697	-0.923427813688444326428023715897772456524096955961531972713267e3
698	-0.883486954269350257684062416409203365131881084341670757987821e3
699	-0.838926890273170144020183884932146743403799909186717452127441e3
700	-0.789890901255906803774462042457460830405488846801518963582614e3
701	-0.736544234938592142472610832688609746561993133459608082188979e3
702	-0.67907358149616315427669244607846482781619945890995889661187e3
703	-0.617686446762756329118775336703158741888749922271279554262655e3
704	-0.552610426433820898984197376865701017089526359997771562285148e3
705	-0.484092383799591215894519678891575109182073913928725186826133e3
706	-0.412397533989321733183450674269851903069305810201519022976423e3
707	-0.337808438139276832983630611223452172157234873956324666108667e3
708	-0.26062391131783093708013843543281745621550941239913891538985e3
709	-0.181157848446275922547559115811158403025944226250966009096982e3
710	-0.997379728422202681875587145845944489633558890712121274965439e2
711	-0.167045123820365159178777394228724531456279384801556908143235e2
712	0.675911913720113026064936506250598616930409433452498342001035e2
713	0.152788135407145909591573330606029940101348482066315921607985e3
714	0.238517162881457662727053020234825532666868181817585651647246e3
715	0.324402519875991986040781618892322048276667609104493009921303e3
716	0.41006345476964512590917292185767012187127732697963038763841e3
717	0.49511585350374219286221397535665309693181634289183816131697e3
718	0.579173903806384273116835834179102190762764366585097408126443e3
719	0.661851781279249433852563827532086863188789357105844204383572e3
720	0.742765350112334403844850710394702628747991228361802294270466e3
721	0.821533871085818803404137265956092655121427071444928393596507e3
722	0.897781709443378678095391139483550228204032373433355267151349e3
723	0.971140035178292263362412479440950425452075561297353860206891e3
724	0.104124850826285254810536528512107283376089181618324779066743e4
725	0.11077569413730731846882295196375948031969090630548166584919e4
726	0.117032693271444992451518809313710362385339574809509771129463e4
727	0.122863346164047721825138377610644754583039842859964396619733e4
728	0.128236643987342468063212237808532017714867223346254849791915e4
729	0.133123221128608798069083245175671202488691781668098101468371e4
730	0.137495499338317537590914372289892844875462696957662746064584e4
731	0.141327825383071873577964910156297787113518816761886691935894e4
732	0.144596601561997788074635338554018322944092628077547578352431e4
733	0.147280408471642652099686034396642514713692902053109964027155e4
734	0.149360119433045871787798700680201311841601755777297158261227e4
735	0.150819006024652189952438431575335750201334701286394659938062e4
736	0.151642834194531777850959992736080415166509623777683632983841e4
737	0.15181995045154082133967367113453570946720532203237994081893e4
738	0.151341357650262374180719307706440897516337086690951912906415e4
739	0.150200779872872521034902383244926642802458823179800761617825e4
740	0.148394715837741955932821342312905038371595601870059890016891e4
741	0.145922480053800196510955633217310324565136830107225492812868e4
742	0.142786230426074696896177724492398243599610610647033480135342e4
743	0.138990979840900658247334813666581542717469151676233368017221e4
744	0.134544586634399107755753560592655101842257355762769333459232e4
745	0.129457713069267330170349622496286223143158498470245389610047e4
746	0.123743728310658022168313387433853048509313467201878091969034e4
747	0.117418504879290670257188948766369082968424402800621503424049e4
748	0.110499997810492143561103218858523137296633482817131930686238e4
749	0.103007366262775006485339292223019761158386372283818315211119e4
750	0.949591172198823450474677100770327160333382359257193921592976e3
