#
# zeta expansion terms 
#
# computed with variable precision of 50 decimal places
# computed with 196 bits of default mpf 
0	-0.421583245720288081139509042383975061091691949728633678052509e1
1	-0.135928039314847840327900826812632647287211034301511400401741e1
2	0.373663967902614436279557481384222010687345298462148292812689e0
3	0.112086198100431628855901958618217652291188559308249186143365e1
4	0.109602354419069540236829664011919766839074755286790964310314e1
5	0.611857899852474059034803596107931138354241977225926221486159e0
6	-0.19068021955966566476975571258866977332813096603028054638733e-1
7	-0.555358099638583082664302007331736645511797524193076217543856e0
8	-0.857089501468883442152088206085964553049195817705056421013712e0
9	-0.883680131428868745924810972495746957432904179320564181459419e0
10	-0.671918834334642836551328926733208533894704920592481896055085e0
11	-0.305741133446549346456019157146348135193193186124705335907058e0
12	0.113635157733630391240450658753068927910875405753794529190202e0
13	0.491929620062133458379779589340846428289881081960285765666262e0
14	0.757991726387365460937967152180529501036049479499273110594584e0
15	0.871742966755174233145482477024323132393416394932852514409095e0
16	0.825022589536688901247280222648221841118502596189963766295003e0
17	0.637191298158942889687849854854193787603480703614349278348795e0
18	0.347533770260255500118148889902524975244438337590330952806876e0
19	0.63423372260825483812154555720336275044839657895433658101005e-2
20	-0.333792043674441356768472499154198113128540481942784374636114e0
21	-0.625394214910636432385670344839022894025936491379182836691984e0
22	-0.831577308220388664198318695958842236886301770713106719992977e0
23	-0.929315463986400536759306600491659702704130567291519282479821e0
24	-0.910570343304904361219625111407670312921989538143716974316587e0
25	-0.781548505308389057197836469914066406692202028925393600622912e0
26	-0.560504821784065618841830003828828970750175177851594504003179e0
27	-0.274569906353225053780266655597866017093772952788749133756469e0
28	0.439187839528960231586854773516050349552670869474721618657376e-1
29	0.361146364269758751286394454737924542612351815703432221004895e0
30	0.645248807460432260874213544710145003994884369050532029288975e0
31	0.869169261012588476590191062483072580272410380024642709596417e0
32	0.101276753318988869909446547227982073611669289608272805773806e1
33	0.106410002490470751263368708494673180626783567423007993748766e1
34	0.101986916027992977376036110240639773299545157133034636123206e1
35	0.885108571790635405343236683403463474820275551683502430998707e0
36	0.672220743862697870346420660341227458931973809351129902926717e0
37	0.399517017507281880741564227121494894680031516895014570588122e0
38	0.894266356945272114741959634650042429764586541381493864661552e-1
39	-0.233456343831619008515533439829505842485357912578838514385548e0
40	-0.544329501353790630756657553206443576100733835211084500789585e0
41	-0.820002610379065627001518112424479414908850098006355776029348e0
42	-0.104046912339919247423696532932129256761014855636596782841149e1
43	-0.119014534202654835946430315942885832526509356623419395643495e1
44	-0.125872528225546900521217817646002952194614196387692821559644e1
45	-0.124162968279163644454348440643835831780940325431314481692089e1
46	-0.114005548303492478350703713315155299434368544928375666381008e1
47	-0.960656115592798728335254754974529513752089761803180408890966e0
48	-0.714902246922069667340558913409657136972049155748038980049965e0
49	-0.418186694950500144931033588147992440738691970411323029570784e0
50	-0.887460517912076642943865585383938548854465615232306219210272e-1
51	0.253524753222670299723777327216087768076635449060098474852562e0
52	0.588289650820653218554579856510215782047360657149304541933596e0
53	0.895950037230563728911262303900963993269095088167810759150824e0
54	0.115872264117681000889020509293665979054392152648277287616645e1
55	0.13615651523398754589051458760691269880924804403476511190597e1
56	0.14929103671080756090753355003971004007037392915565997170107e1
57	0.154518267025513401009146580972111045237133433910484581054746e1
58	0.151508380181546767254933305198497692810386545268140902175427e1
59	0.140364740760902295831784792667734190483166786378327125756897e1
60	0.121607329803095357133230127645790781853491812706081639213666e1
61	0.961362219396270665321760270774985483135799420262144859776585e0
62	0.651779973426300485461877774156862553268397142895367007973246e0
63	0.302185720668535121757319272307702640052948798962702585043248e0
64	-0.707367980568641283084099890381574347220486072802343660355415e-1
65	-0.449304561673686413036942331160104494180103706267587383234226e0
66	-0.815676658266871893543166402457997469699278369635106687025506e0
67	-0.115267322672392752640882808620716502873240580632553498250258e1
68	-0.144453683138114534167437203747098677325411398104036708035837e1
69	-0.167760580971632251005418624010876326670626363848851635208503e1
70	-0.184087472947993452505307622015091452254385128964475313210192e1
71	-0.192642331324678516725151522422528384352682874859795434153197e1
72	-0.192970172897586234081074320025415421759322281686342031160303e1
73	-0.184966671559613044131155805819735391882651018138823339173993e1
74	-0.168876935010363490747028013756988220869508690921429897417185e1
75	-0.145280113803228078934427668898546449887505618955634080676844e1
76	-0.115061033211933777691395673580823415873304172846567288715166e1
77	-0.79370480611321275124887276294931452662717660985241865008072e0
78	-0.395761326692148794141103373694794850370042233487479160771697e0
79	0.279363862229658098768173537351672372012594740999571852589994e-1
80	0.461106863740521745525409825261627151831037896173616084460712e0
81	0.887102827978438556007260539371744806598172995351680133133614e0
82	0.128954168278544427665874791897725388337635668675988143972171e1
83	0.16529115622226436219020542860140203659252605429383997101233e1
84	0.196313188295916659445331518273898293675406080430929098938056e1
85	0.220804991441084585251463338779028555521618243448104468947921e1
86	0.237785794597402056660394804502722282385401975458535540559074e1
87	0.246541905673438627700385281391017875262369039767206586736838e1
88	0.246649314068722127684793274599440095172733029401302447502529e1
89	0.237985857405291309841019010317836569723071632023462679420386e1
90	0.220732860223603125324501065265306928316279983329399660294045e1
91	0.195366505465078280021011321528666197117937575367894618820334e1
92	0.162639526192302042654152724470377746159536368676848000117268e1
93	0.123554096354771772437204213688952301796948984447298689394893e1
94	0.793270483842601765901660573190245732887378309667422402557903e0
95	0.313487466967411737619705895155778908912037471705834422507428e0
96	-0.188629036887495385702289333490299354607599396811313376834599e0
97	-0.697117369158007187153671547453008202584657118243799911035985e0
98	-0.119574273480976888634306784696947993970746010948458605135507e1
99	-0.166850720660225523707822379473599294559391382592346445434148e1
100	-0.21001446698048625636368330548819916490063520302741703670476e1
101	-0.247658610542455633663359466400441707888964983097695168796285e1
102	-0.278538198757563506178959631062753865127591988294922081875194e1
103	-0.30160702755109629659049650527307135846375233232547491538602e1
104	-0.316048044711774143443489313948378956171889352726971812159001e1
105	-0.321296617903725467736205928078125045634084016785234509568373e1
106	-0.317056155843267468692560650233501241402281969525840446585222e1
107	-0.303305804302062715823897568989528335248127060336788076278895e1
108	-0.280300170215242765272202799710747567794438599122521712608268e1
109	-0.248561250960449904128039551857585081032593539087937573297747e1
110	-0.208862956111725551825994224824941092672029356355884194548892e1
111	-0.16220880062404411647444991192233573138774643513545627622446e1
112	-0.109803517205317996491557122431651775084869654598895444155257e1
113	-0.530194781527350179580799810590781702762334364504886189284075e0
114	0.664106938951408822865324210514869550111627638621079891516301e-1
115	0.675868676293217716760910994711421895277043426383118391898227e0
116	0.128180472815098681784735087171432789035890796714513098561027e1
117	0.186781880883422433141296490290741915470552486754709084882282e1
118	0.241791804431344930021465780353340500149913331417711580948211e1
119	0.29169349018626080461760619977706833720305708667949234823045e1
120	0.335092031677839007395203170899223389238659893064886908158019e1
121	0.37075022133373011642070564978459292819297460432250618966795e1
122	0.39762009653221511401777285726549060942645487893353308733223e1
123	0.414869461708938765928338869061813647642292681909263969852799e1
124	0.421902809643584751162172315990077387071571397958594625457937e1
125	0.418376215615453581090236607559644586193700984231910375514204e1
126	0.404205934241883798292758239508345760586566982967339536842166e1
127	0.379570586580807646775503217537133791339825571651196801437036e1
128	0.344906980710105714477466450381684798102969278429338361307211e1
129	0.300899758934219279024489922966757429245135183561859596903337e1
130	0.248465205745658824864847231650277117824291380306733400903876e1
131	0.188729679768280034198258931235996400546429473567957934794173e1
132	0.123003247610700770877687747874555211788470326783563321366482e1
133	0.527491957760067754174101100952806019392350295603972006648195e0
134	-0.204498231196830401803063705058235693370994593255740777681137e0
135	-0.949281927282443738770708542102401575574010088484058892373109e0
136	-0.168975425969493468869504965180120744150487612628040907785858e1
137	-0.240875069946963519438577122615927877361778899555230652285289e1
138	-0.308943543289669540899598309307674319482951535730341864116348e1
139	-0.371568044925919515276438944405142569962535566728113008577611e1
140	-0.427242710031731420074269704522041213204546036249308455422057e1
141	-0.474602242480121088471583133753650981465485098416865129564702e1
142	-0.512452321842413621023276636172819341476656887388821820490691e1
143	-0.53979616487190220134368681279717286870712706946277153077084e1
144	-0.555856714171732824029681187328859363245236545406044625240659e1
145	-0.560094027809052455020877050022881829034031641744943843034539e1
146	-0.552217549782494551494500401774860158674597184557212975801363e1
147	-0.5321930479270143994517740024536651284200976545198923708392e1
148	-0.5002441051479690430448906373864919031293953283867105645258e1
149	-0.456848125410418453831459899958665994946640922369434530021817e1
150	-0.402726829671747771284275146023268245652616326294319543817421e1
151	-0.3388310764157280293559463290195876664874711322002995460825e1
152	-0.266319317275729424881882150727917187252365337431831865351532e1
153	-0.186527519583942558732743781190977556184569511676068731562862e1
154	-0.100924535621330378022735492690099317989940945057096014329488e1
155	-0.110371571533306253430849627349492508870544728093661233690239e0
156	0.816952145651895370578447163202161523999223207006363315211042e0
157	0.176236566427414111618315081095336244140293382594404657467258e1
158	0.272689604310018746688301983592409203063303504438862428273428e1
159	0.374063170057858848403097913130811723961988866990889002500933e1
160	0.490574362533213144171914951531885086776296588155930488742621e1
161	0.650154773861041648936997363818122689492752092902677255431326e1
162	0.924087174688132586105041262695806980421522930330186239766543e1
163	0.148940756678423272714211121988484919688796961046746822272264e2
164	0.278032273962352735600259344553719438186991204108742460475591e2
165	0.585439075147816551016834516769246274023159376517667825375326e2
166	0.13275051199490690905398491469181825841993091472837448160177e3
167	0.31231357872007149488870281472896225126548205418559823324369e3
168	0.746121077660853361955075040804603138421244260734451320943485e3
169	0.17911145159489749726071274451845531488811253705042976434518e4
170	0.430014443026127904308282328889458305968562105478317759156559e4
171	0.103042219376857911261768195565694697330299192908334875631945e5
172	0.246243448527332768899818350693053168621715545704253317971638e5
173	0.586674362460703806844952083355446989781545716485857377840828e5
