#
# Step function sums at y=0.4 nbits=220 depth=6
#
# column labels
# beta, em, theta(beta/2-y), theta(alpha-y), theta(alpha-beta/2-y),
# integrals for each of the three above.
#
1.00099	1	2.43067	3.65704	1.98251	6.47567	9.96946	3.86389
1.00298	1	2.43377	3.65884	1.97888	5.50348	8.46496	3.33019
1.00497	1	2.43793	3.66392	1.97528	5.05882	7.77628	3.08509
1.00696	1	2.44069	3.6671	1.97207	4.7645	7.31215	2.91504
1.00895	1	2.44361	3.66867	1.96792	4.55638	6.99371	2.8
1.01093	1	2.45925	3.68855	1.96428	4.39377	6.73611	2.70321
1.01292	1	2.46056	3.70013	1.9609	4.24599	6.51515	2.62564
1.01491	1	2.4525	3.67595	1.95786	4.11222	6.28052	2.53271
1.0169	1	2.45147	3.67808	1.95442	4.00887	6.13372	2.48239
1.01889	1	2.46395	3.69019	1.95035	3.92981	5.99822	2.4251
1.02087	1	2.47321	3.70125	1.94717	3.85368	5.89117	2.39097
1.02286	1	2.45602	3.6645	1.94424	3.76077	5.72867	2.33302
1.02485	1	2.46688	3.68822	1.94008	3.68441	5.61384	2.28373
1.02684	1	2.46214	3.68988	1.93945	3.6243	5.52833	2.2596
1.02883	1	2.46866	3.67761	1.9354	3.56863	5.45389	2.22822
1.03082	1	2.47657	3.7124	1.92998	3.52649	5.38707	2.1993
1.0328	1	2.48564	3.70577	1.92652	3.44457	5.24883	2.15214
1.03479	1	2.52096	3.76087	1.92308	3.45302	5.25567	2.13955
1.03678	1	2.49332	3.72323	1.92202	3.38573	5.14916	2.1078
1.03877	1	2.50431	3.73203	1.91656	3.34123	5.07269	2.07163
1.04076	1	2.49608	3.69029	1.91454	3.31548	5.01522	2.04288
1.04274	1	2.54104	3.7644	1.91161	3.28637	4.98435	2.03977
1.04473	1	2.52281	3.70979	1.90877	3.2335	4.87376	1.98711
1.04672	1	2.51743	3.74317	1.90381	3.22958	4.89085	1.99459
1.04871	1	2.52892	3.74966	1.90108	3.1658	4.80009	1.96846
1.0507	1	2.51228	3.70342	1.90226	3.14211	4.74635	1.94737
1.05268	1	2.54511	3.74332	1.89477	3.10391	4.67701	1.91701
1.05467	1	2.546	3.80036	1.89933	3.09048	4.69226	1.93742
1.05666	1	2.55044	3.8029	1.88926	3.09813	4.67632	1.90371
1.05865	1	2.53575	3.75934	1.89227	3.03007	4.60051	1.89267
1.06064	1	2.52973	3.7354	1.88452	2.99896	4.53597	1.86909
1.06262	1	2.53786	3.73837	1.87908	2.98055	4.51099	1.84872
1.06461	1	2.54201	3.81634	1.87915	2.97431	4.5195	1.86113
1.0666	1	2.51874	3.66086	1.87434	2.91898	4.34355	1.77183
1.06859	1	2.50122	3.70241	1.87353	2.91229	4.37236	1.78997
1.07058	1	2.57829	3.85969	1.87678	2.89595	4.41084	1.82017
1.07256	1	2.58398	3.85207	1.8694	2.90208	4.38388	1.79942
1.07455	1	2.53552	3.74485	1.86422	2.84507	4.24143	1.74106
1.07654	1	2.55479	3.77126	1.86083	2.77956	4.18004	1.72263
1.07853	1	2.5189	3.68981	1.86707	2.79922	4.21493	1.74394
1.08052	1	2.57934	3.8086	1.85589	2.83757	4.28333	1.74775
1.0825	1	2.59108	3.82668	1.85274	2.80611	4.22974	1.72477
1.08449	1	2.55345	3.72012	1.8474	2.75903	4.12743	1.68909
1.08648	1	2.62427	3.86921	1.84486	2.77089	4.17369	1.69909
1.08847	1	2.56809	3.72749	1.84504	2.70438	4.0457	1.65692
1.09046	1	2.59366	3.90959	1.84501	2.75468	4.18261	1.70814
1.09245	1	2.52202	3.74219	1.84358	2.67977	4.05611	1.66696
1.09443	1	2.58671	3.74356	1.83875	2.67858	3.96587	1.62079
1.09642	1	2.63403	3.81703	1.83298	2.69415	4.02363	1.63071
1.09841	1	2.54837	3.74919	1.83323	2.62471	3.9243	1.60682
1.1004	1	2.66634	3.8544	1.83216	2.68845	3.98111	1.60625
1.10239	1	2.59044	3.81636	1.83189	2.65314	3.95431	1.60835
1.10437	1	2.58151	3.79519	1.83567	2.63225	3.97316	1.62502
1.10636	1	2.6461	3.76489	1.82992	2.62615	3.88511	1.59003
1.10835	1	2.57965	3.75081	1.82233	2.59366	3.86669	1.58419
1.11034	1	2.65316	3.76318	1.82125	2.60128	3.83591	1.56209
1.11233	1	2.59551	3.77545	1.81931	2.58932	3.87072	1.58492
1.11431	1	2.69983	3.82112	1.82121	2.61005	3.85172	1.56453
1.1163	1	2.62693	3.80306	1.81334	2.54852	3.78651	1.53871
1.11829	1	2.63123	3.8115	1.81098	2.6094	3.86786	1.55123
1.12028	1	2.6486	3.82952	1.8291	2.53416	3.7814	1.55779
1.12227	1	2.65861	3.84379	1.8076	2.53754	3.74388	1.50523
1.12425	1	2.64944	3.81854	1.81558	2.52011	3.78239	1.54141
1.12624	1	2.65252	3.81904	1.80652	2.5739	3.84026	1.54328
1.12823	1	2.58368	3.67711	1.80181	2.488	3.63121	1.46143
1.13022	1	2.67868	3.85147	1.80346	2.48192	3.70365	1.49396
1.13221	1	2.69054	3.87311	1.79865	2.53757	3.77447	1.50276
1.13419	1	2.53676	3.71583	1.80262	2.43656	3.67942	1.501
1.13618	1	2.63464	3.73114	1.80162	2.42431	3.58756	1.47921
1.13817	1	2.63586	3.73773	1.79314	2.47683	3.6549	1.48413
1.14016	1	2.58263	3.78975	1.81481	2.41478	3.6421	1.5009
1.14215	1	2.64681	3.72375	1.79066	2.40259	3.56254	1.45914
1.14414	1	2.65239	3.72238	1.78319	2.4527	3.61832	1.45457
1.14612	1	2.73369	3.91402	1.77965	2.48834	3.67201	1.46029
1.14811	1	2.60578	3.80211	1.79389	2.41286	3.61516	1.48108
1.1501	1	2.7007	3.80572	1.79717	2.45629	3.66067	1.47962
1.15209	1	2.65816	3.7006	1.77844	2.39813	3.50168	1.4225
1.15408	1	2.65741	3.70695	1.7737	2.43439	3.55472	1.42516
1.15606	1	2.65537	3.87581	1.77118	2.39779	3.58727	1.4573
1.15805	1	2.66288	3.90271	1.76727	2.43479	3.63495	1.4599
1.16004	1	2.7032	3.76166	1.77875	2.41837	3.55759	1.43426
1.16203	1	2.63349	3.61486	1.76353	2.38128	3.45201	1.39361
1.16402	1	2.54021	3.61863	1.75586	2.33725	3.5047	1.42014
1.166	1	2.53046	3.61031	1.75115	2.37357	3.53427	1.41617
1.16799	1	2.54875	3.63186	1.7548	2.33436	3.41438	1.40226
1.16998	1	2.76497	3.84254	1.76555	2.37388	3.45693	1.40243
1.17197	1	2.74402	3.81133	1.76076	2.38825	3.47916	1.40144
1.17396	1	2.67728	3.84906	1.78772	2.34491	3.51133	1.44642
1.17594	1	2.52603	3.53431	1.74275	2.25401	3.2945	1.33987
1.17793	1	2.53196	3.56034	1.73541	2.29464	3.34609	1.33919
1.17992	1	2.53374	3.53907	1.73263	2.32811	3.37824	1.33527
1.18191	1	2.64192	3.54451	1.74485	2.34908	3.40966	1.34078
1.1839	1	2.65401	3.57275	1.74229	2.37576	3.44075	1.34308
1.18588	1	2.65389	3.75067	1.75982	2.314	3.44671	1.38722
1.18787	1	2.74029	3.91805	1.75512	2.34833	3.47773	1.38103
1.18986	1	2.74084	3.92209	1.74514	2.3675	3.49485	1.37978
1.19185	1	2.64453	3.73862	1.7399	2.30693	3.35566	1.34436
1.19384	1	2.64346	3.72789	1.75035	2.34006	3.40523	1.34888
1.19583	1	2.71097	3.59065	1.74742	2.30004	3.29882	1.29531
1.19781	1	2.5958	3.60465	1.75828	2.23275	3.33771	1.34639
1.1998	1	2.61209	3.61501	1.75486	2.26753	3.36002	1.34358
1.20179	1	2.61933	3.62121	1.7407	2.29292	3.37465	1.33555
1.20378	1	2.62	3.62906	1.73969	2.31736	3.40839	1.33466
1.20577	1	2.61839	3.6338	1.7246	2.32674	3.41625	1.33161
1.20775	1	2.73733	3.86713	1.72268	2.36097	3.45279	1.33068
1.20974	1	2.76206	3.90969	1.71878	2.37972	3.48659	1.3351
1.21173	1	2.7718	3.66269	1.73617	2.29645	3.29107	1.29792
1.21372	1	2.65207	3.64447	1.72814	2.22402	3.32714	1.32834
1.21571	1	2.66802	3.66572	1.72699	2.25492	3.35764	1.32548
1.21769	1	2.66533	3.67858	1.72722	2.27048	3.37889	1.32917
1.21968	1	2.66337	3.67563	1.71017	2.28628	3.39074	1.32211
1.22167	1	2.50621	3.35063	1.72067	2.15008	3.06053	1.26504
1.22366	1	2.52534	3.37035	1.71347	2.16627	3.0797	1.26089
1.22565	1	2.52554	3.36221	1.70563	2.18945	3.09983	1.2534
1.22763	1	2.52914	3.3661	1.70707	2.21698	3.14769	1.26304
1.22962	1	2.52187	3.37912	1.70217	2.21135	3.14997	1.26266
1.23161	1	2.66587	3.37909	1.7428	2.24172	3.17454	1.25701
1.2336	1	2.54227	3.36339	1.79005	2.15804	3.19631	1.31706
1.23559	1	2.69177	3.63632	1.75677	2.17611	3.18771	1.29664
1.23757	1	2.58201	3.4182	1.69947	2.11089	3.03317	1.21559
1.23956	1	2.58591	3.42707	1.69777	2.13548	3.07194	1.21813
1.24155	1	2.59083	3.43082	1.69759	2.16157	3.1038	1.21787
1.24354	1	2.59691	3.44014	1.67902	2.17619	3.11145	1.20962
1.24553	1	2.60548	3.44665	1.67971	2.19504	3.14034	1.21463
1.24751	1	2.58386	3.43075	1.68059	2.18445	3.11782	1.20803
1.2495	1	2.58946	3.43473	1.673	2.21407	3.15374	1.20564
1.25149	1	2.59445	3.43505	1.67249	2.22596	3.18086	1.21378
1.25348	1	2.60753	3.45554	1.66385	2.23395	3.16559	1.19893
1.25547	1	2.45494	3.4415	1.71923	2.12675	3.17238	1.27617
1.25746	1	2.62681	3.44334	1.74539	2.16609	3.20785	1.27096
1.25944	1	2.63269	3.45501	1.72675	2.17516	3.2082	1.2617
1.26143	1	2.6391	3.45805	1.72266	2.2027	3.2453	1.26314
1.26342	1	2.64987	3.46597	1.72246	2.21687	3.24225	1.2516
1.26541	1	2.65439	3.47406	1.72005	2.23413	3.25527	1.24933
1.2674	1	2.66296	3.49139	1.7202	2.23776	3.25932	1.24702
1.26938	1	2.65693	3.50311	1.71154	2.24054	3.27355	1.24649
1.27137	1	2.65981	3.4974	1.70312	2.27348	3.305	1.24438
1.27336	1	2.53807	3.25242	1.695	2.18268	3.10812	1.1956
1.27535	1	2.52499	3.23765	1.69523	2.18989	3.1314	1.20106
1.27734	1	2.70688	3.57978	1.67971	2.20188	3.13153	1.185
1.27932	1	2.67244	3.50252	1.66808	2.18552	3.06864	1.16229
1.28131	1	2.68371	3.51522	1.66891	2.20771	3.10616	1.16577
1.2833	1	2.67799	3.50703	1.66845	2.21553	3.13287	1.17351
1.28529	1	2.52134	3.49577	1.68915	2.09629	3.12075	1.22365
1.28728	1	2.53424	3.49696	1.67339	2.1267	3.14648	1.21668
1.28926	1	2.51175	3.45221	1.66051	2.13188	3.12978	1.20784
1.29125	1	2.73193	3.52849	1.71602	2.15847	3.159	1.20364
1.29324	1	2.72176	3.53551	1.72972	2.15603	3.189	1.21881
1.29523	1	2.70941	3.51387	1.70422	2.16653	3.18411	1.20567
1.29722	1	2.73441	3.55215	1.69603	2.19453	3.21493	1.20445
1.2992	1	2.73052	3.54327	1.69846	2.21322	3.2356	1.20334
1.30119	1	2.72137	3.5653	1.70372	2.21865	3.25342	1.20875
1.30318	1	2.74539	3.5607	1.69908	2.23802	3.264	1.20234
1.30517	1	2.7008	3.48825	1.67874	2.22704	3.23452	1.20057
1.30716	1	2.75988	3.57098	1.6548	2.24187	3.23243	1.18346
1.30915	1	2.75541	3.55772	1.65687	2.25574	3.24457	1.18114
1.31113	1	2.75467	3.59284	1.65926	2.2697	3.27305	1.18592
1.31312	1	2.7638	3.6086	1.66374	2.28378	3.30277	1.18995
1.31511	1	2.76419	3.55981	1.64825	2.29244	3.29236	1.18072
1.3171	1	2.7662	3.60459	1.64252	2.29774	3.31178	1.18263
1.31909	1	2.79612	3.63315	1.63811	2.32414	3.34466	1.18265
1.32107	1	2.80554	3.63711	1.62884	2.34529	3.36383	1.17966
1.32306	1	2.81193	3.64952	1.62617	2.36951	3.39673	1.18143
1.32505	1	2.19122	2.79507	1.61278	1.76281	2.49541	1.03211
1.32704	1	2.21662	2.80783	1.61393	1.80343	2.54012	1.03621
1.32903	1	2.24302	2.85681	1.6104	1.83142	2.57294	1.0388
1.33101	1	2.2541	2.86807	1.60461	1.85751	2.59918	1.03817
1.333	1	2.26319	2.8766	1.60028	1.88276	2.62567	1.03882
1.33499	1	2.24425	2.86795	1.60304	1.89149	2.65048	1.04669
1.33698	1	2.45715	2.87882	1.64786	1.91419	2.67581	1.04799
1.33897	1	2.4723	2.85539	1.6188	1.91903	2.65895	1.02833
1.34095	1	2.45431	2.85096	1.62222	1.93227	2.68782	1.03372
1.34294	1	2.511	2.93272	1.61717	1.95631	2.70932	1.03248
1.34493	1	2.49504	2.91745	1.61294	1.96602	2.71937	1.0322
1.34692	1	2.49177	2.89558	1.61045	1.97371	2.72358	1.03058
1.34891	1	2.50505	2.94175	1.6194	1.99159	2.75732	1.03768
1.35089	1	2.49551	2.95067	1.61769	2.00632	2.7853	1.0414
1.35288	1	2.50318	2.89215	1.61292	2.00677	2.76427	1.03285
1.35487	1	2.54449	2.95778	1.60594	2.03316	2.79252	1.02972
1.35686	1	2.51869	2.91464	1.58561	2.03454	2.78542	1.02441
1.35885	1	2.49746	2.91245	1.58107	2.04005	2.80439	1.02709
1.36083	1	2.49166	2.86892	1.57896	2.0371	2.79422	1.02295
1.36282	1	2.5389	2.9692	1.57678	2.05877	2.8244	1.0231
1.36481	1	2.56589	3.02122	1.57325	2.07916	2.84574	1.02152
1.3668	1	2.52391	3.02409	1.60871	2.04867	2.8632	1.04345
1.36879	1	2.50787	3.01568	1.59839	2.05631	2.87749	1.04123
1.37078	1	2.50057	2.98917	1.59157	2.06259	2.86548	1.03554
1.37276	1	2.50277	2.95035	1.58671	2.06477	2.85521	1.03113
1.37475	1	2.49997	2.93413	1.57322	2.0806	2.86773	1.02304
1.37674	1	2.54273	3.02193	1.57133	2.09811	2.89146	1.02302
1.37873	1	2.54431	3.0204	1.56695	2.11669	2.91285	1.02226
1.38072	1	2.28154	2.87253	1.61834	1.89128	2.75837	1.06582
1.3827	1	2.29303	2.89368	1.60962	1.9199	2.78968	1.06403
1.38469	1	2.29659	2.89257	1.60433	1.94371	2.81643	1.06457
1.38668	1	2.29343	2.83946	1.55903	1.94267	2.79252	1.0302
1.38867	1	2.28532	2.83353	1.56021	1.96015	2.81381	1.02969
1.39066	1	2.34474	2.93961	1.5546	1.97845	2.83658	1.02976
1.39264	1	2.35459	2.95697	1.54928	1.99598	2.85524	1.02766
1.39463	1	2.3514	2.95987	1.54495	2.01089	2.87498	1.02938
1.39662	1	2.35197	2.94316	1.54484	2.02006	2.87603	1.02578
1.39861	1	2.35183	2.95366	1.55109	2.03223	2.90064	1.03264
1.4006	1	2.33437	2.93673	1.54748	2.03064	2.89052	1.02893
1.40258	1	2.33476	2.91236	1.54005	2.04406	2.89814	1.02294
1.40457	1	2.33835	2.87383	1.50771	2.03338	2.86324	1.01011
1.40656	1	2.57298	2.87364	1.52174	2.03714	2.88935	1.0196
1.40855	1	2.57014	2.87114	1.51497	2.05562	2.90621	1.018
1.41054	1	2.57859	2.85804	1.56356	2.06759	2.91706	1.01384
1.41252	1	2.64232	2.99012	1.56025	2.08084	2.9343	1.01394
1.41451	1	2.66271	3.03493	1.55829	2.1052	2.96574	1.01515
1.4165	1	2.63986	3.01452	1.55004	2.10074	2.95961	1.01157
1.41849	1	2.64162	3.01097	1.55282	2.12214	2.98249	1.01106
1.42048	1	2.61291	2.98986	1.56381	2.07768	2.97732	1.03148
1.42247	1	2.61607	2.99792	1.56319	2.09604	3.00061	1.03239
1.42445	1	2.60247	2.9758	1.55451	2.10114	2.99406	1.02655
1.42644	1	2.62397	3.01577	1.55404	2.12193	3.02057	1.02679
1.42843	1	2.61959	3.03267	1.55915	2.12388	3.03494	1.03245
1.43042	1	2.56808	2.9279	1.52647	2.10253	2.97301	1.01408
1.43241	1	2.56591	2.92275	1.5195	2.11947	2.99055	1.01218
1.43439	1	2.58897	2.92542	1.5295	2.12464	3.01257	1.01891
1.43638	1	2.55857	2.86772	1.50248	2.09836	2.94209	0.994437
1.43837	1	2.55566	2.86317	1.49851	2.11517	2.9597	0.991937
1.44036	1	2.56603	2.87959	1.49826	2.13399	2.98464	0.993425
1.44235	1	2.65479	3.04607	1.49836	2.15598	3.00764	0.994929
1.44433	1	2.6118	3.01794	1.48325	2.1262	2.97664	0.98583
1.44632	1	2.61125	3.01714	1.48888	2.14698	3.00058	0.987117
1.44831	1	2.61906	3.01547	1.48534	2.16043	3.01562	0.985209
1.4503	1	2.63376	3.03569	1.48543	2.18329	3.03973	0.985464
1.45229	1	2.66853	3.0336	1.48453	2.1947	3.05811	0.987331
1.45427	1	2.6623	3.04822	1.48639	2.20331	3.0811	0.992445
1.45626	1	2.65979	3.04006	1.47753	2.21687	3.09303	0.990871
1.45825	1	2.66366	3.02178	1.47204	2.22779	3.09812	0.986768
1.46024	1	2.67675	3.05666	1.46623	2.23888	3.1077	0.982882
1.46223	1	2.68727	3.07179	1.46609	2.26106	3.13665	0.984772
1.46421	1	2.69586	3.0755	1.46125	2.28561	3.1618	0.983791
1.4662	1	2.26771	2.71262	1.54844	1.86515	2.73069	0.977503
1.46819	1	2.27781	2.72138	1.54657	1.89455	2.76268	0.98081
1.47018	1	2.27992	2.72103	1.53836	1.91339	2.7802	0.979349
1.47217	1	2.30198	2.767	1.53829	1.93301	2.80684	0.983102
1.47416	1	2.30707	2.76824	1.53813	1.9544	2.83212	0.986002
1.47614	1	2.31152	2.77712	1.53726	1.9688	2.85441	0.988758
1.47813	1	2.33456	2.77607	1.5432	1.98327	2.87152	0.990804
1.48012	1	2.34514	2.78222	1.53871	1.99563	2.88116	0.990129
1.48211	1	2.3152	2.70914	1.49676	1.97413	2.81488	0.964228
1.4841	1	2.31118	2.72052	1.49897	1.98865	2.8416	0.969228
1.48608	1	2.32294	2.73884	1.49041	1.99907	2.84782	0.966426
1.48807	1	2.33546	2.7455	1.48746	2.01962	2.8724	0.967036
1.49006	1	2.32857	2.7202	1.48799	2.03041	2.87659	0.965166
1.49205	1	2.31948	2.72813	1.49005	2.03517	2.89624	0.970445
1.49404	1	2.33598	2.77221	1.49386	2.04844	2.9172	0.974283
1.49602	1	2.35272	2.77917	1.49187	2.06795	2.94125	0.975354
1.49801	1	2.31459	2.7882	1.51193	2.02758	2.96195	0.996487
1.5	1	2.29848	2.73824	1.51244	2.02561	2.93961	0.988329
1.50199	1	2.28507	2.73341	1.5051	2.03249	2.95415	0.987535
1.50398	1	2.30118	2.75961	1.50877	2.05434	2.98097	0.989405
1.50596	1	2.3322	2.83141	1.51153	2.06935	3.00156	0.991729
1.50795	1	2.34387	2.81885	1.51203	2.07643	3.02088	0.998306
1.50994	1	2.33248	2.79738	1.49973	2.06979	2.99241	0.991662
1.51193	1	2.32841	2.78399	1.49559	2.08344	3.00638	0.990168
1.51392	1	2.31004	2.7454	1.49375	2.0815	2.98922	0.985225
1.5159	1	2.30864	2.74804	1.49334	2.09843	3.01215	0.987052
1.51789	1	2.3022	2.75145	1.49154	2.10126	3.02643	0.98696
1.51988	1	2.3025	2.74389	1.48621	2.11589	3.03885	0.985457
1.52187	1	2.34955	2.84858	1.48656	2.13076	3.06298	0.988465
1.52386	1	2.34959	2.85534	1.50806	2.14665	3.08567	0.991462
1.52584	1	2.66703	2.83234	1.74618	2.14937	3.07696	0.986221
1.52783	1	2.71229	2.83495	1.73795	2.16538	3.08927	0.982668
1.52982	1	2.70864	2.84213	1.74078	2.17871	3.11672	0.988994
1.53181	1	2.70293	2.82736	1.73737	2.18976	3.12819	0.988087
1.5338	1	2.71723	2.85686	1.74403	2.21342	3.15649	0.990042
1.53579	1	2.62719	2.69281	1.69816	2.10655	2.94222	0.952562
1.53777	1	2.62483	2.69292	1.69589	2.12673	2.97008	0.953831
1.53976	1	2.59897	2.67629	1.67486	2.10463	2.94892	0.941789
1.54175	1	2.60457	2.66329	1.67159	2.1159	2.96113	0.939658
1.54374	1	2.61192	2.68918	1.67439	2.1319	2.99049	0.943853
1.54573	1	2.60447	2.67375	1.66843	2.1453	3.00377	0.941855
1.54771	1	2.62183	2.70343	1.66749	2.16676	3.02891	0.943343
1.5497	1	2.61859	2.70403	1.67136	2.18293	3.05031	0.946472
1.55169	1	2.59604	2.69211	1.67609	2.15956	3.05617	0.95495
1.55368	1	2.64997	2.7137	1.66757	2.1699	3.05696	0.951045
1.55567	1	2.64195	2.71253	1.6676	2.17871	3.07725	0.955158
1.55765	1	2.64941	2.72142	1.66928	2.19496	3.09993	0.957368
1.55964	1	2.63262	2.68475	1.67249	2.2012	3.09442	0.951906
1.56163	1	2.64373	2.69682	1.67069	2.22529	3.1242	0.953455
1.56362	1	2.66379	2.74427	1.66287	2.23401	3.13294	0.952167
1.56561	1	2.65789	2.74351	1.66287	2.24857	3.15272	0.953426
1.56759	1	2.66466	2.73508	1.66289	2.26034	3.16612	0.953977
1.56958	1	2.67372	2.74863	1.6609	2.28441	3.19411	0.954399
1.57157	1	2.58029	2.64242	1.63634	2.19121	3.05745	0.933304
1.57356	1	2.57506	2.64569	1.63517	2.20083	3.08208	0.935368
1.57555	1	2.58363	2.64801	1.63413	2.21942	3.10456	0.936745
1.57753	1	2.59267	2.66197	1.63303	2.2411	3.13065	0.937901
1.57952	1	2.58552	2.65047	1.62783	2.25115	3.13543	0.936189
1.58151	1	2.58568	2.67351	1.63573	2.25065	3.16377	0.94654
1.5835	1	2.57872	2.65988	1.63655	2.26245	3.17259	0.94492
1.58549	1	2.57851	2.65755	1.63097	2.28256	3.19415	0.944043
1.58748	1	2.59567	2.68908	1.63295	2.29867	3.21661	0.946882
1.58946	1	2.6032	2.692	1.63247	2.32161	3.24218	0.947246
1.59145	1	2.56639	2.63251	1.60679	2.2907	3.1749	0.929143
1.59344	1	2.6305	2.63618	1.64562	2.307	3.2019	0.931516
1.59543	1	2.62999	2.63587	1.64113	2.32511	3.21897	0.930328
1.59742	1	2.63261	2.64208	1.64913	2.33175	3.24022	0.936509
1.5994	1	2.64138	2.65992	1.6446	2.35207	3.26385	0.936019
1.60139	1	2.6236	2.63165	1.639	2.34637	3.24548	0.932757
1.60338	1	2.62086	2.62879	1.63174	2.36219	3.26831	0.929797
1.60537	1	2.62144	2.63904	1.63497	2.37763	3.29483	0.933811
1.60736	1	2.62432	2.64197	1.63289	2.39964	3.31863	0.933794
1.60934	1	2.62771	2.62847	1.63007	2.40654	3.31904	0.92884
1.61133	1	2.62848	2.63339	1.63103	2.42666	3.34658	0.931013
1.61332	1	2.62192	2.62564	1.62598	2.43992	3.36103	0.929435
1.61531	1	2.621	2.62092	1.62298	2.46101	3.38325	0.928174
1.6173	1	2.619	2.61888	1.61919	2.48646	3.41143	0.927203
1.61928	2	2.00301	2.38456	0.998888	1.39688	2.27988	0.88349
1.62127	2	2.00755	2.38816	0.996881	1.4149	2.29829	0.884671
1.62326	2	2.01169	2.39102	0.995234	1.43108	2.3147	0.885665
1.62525	2	2.00918	2.38787	0.991007	1.44361	2.32493	0.884894
1.62724	2	2.02093	2.40672	0.99014	1.45485	2.33973	0.886124
1.62922	2	2.01566	2.39388	0.987847	1.46844	2.34871	0.885799
1.63121	2	2.02605	2.39793	0.987014	1.4819	2.36237	0.886
1.6332	2	2.03096	2.41551	0.986029	1.49142	2.37606	0.888007
1.63519	2	2.01703	2.38289	0.974754	1.49283	2.36175	0.879643
1.63718	2	2.03346	2.38177	0.972191	1.50881	2.37806	0.87957
1.63917	2	2.0435	2.40297	0.972024	1.51678	2.38834	0.879481
1.64115	2	2.04531	2.42969	0.969415	1.52084	2.39727	0.879916
1.64314	2	2.0397	2.41704	0.972938	1.529	2.39862	0.883411
1.64513	2	2.03397	2.39992	0.969138	1.53898	2.40236	0.880071
1.64712	2	2.03581	2.40053	0.965326	1.55359	2.41718	0.87951
1.64911	2	2.05312	2.40032	0.970367	1.56218	2.43266	0.881915
1.65109	2	2.05533	2.38974	0.963612	1.56968	2.43458	0.877762
1.65308	2	2.07505	2.43667	0.965803	1.58208	2.45191	0.879957
1.65507	2	2.06306	2.43831	0.958413	1.58079	2.4534	0.87784
1.65706	2	2.06201	2.43707	0.958878	1.5905	2.46078	0.879161
1.65905	2	2.06613	2.43857	0.956245	1.60665	2.47604	0.878903
1.66103	2	2.00248	2.31373	0.9158	1.55742	2.36591	0.841907
1.66302	2	2.01	2.31916	0.914104	1.57354	2.38456	0.841495
1.66501	2	2.0349	2.31581	0.914897	1.57399	2.39518	0.841712
1.667	2	2.04173	2.32808	0.91163	1.58998	2.41026	0.839949
1.66899	2	2.04776	2.31746	0.909946	1.59981	2.41989	0.839628
1.67097	2	2.05085	2.32018	0.908791	1.61315	2.43517	0.839551
1.67296	2	2.04862	2.33244	0.910608	1.62188	2.44847	0.842424
1.67495	2	2.06938	2.41569	0.895813	1.59982	2.42257	0.833588
1.67694	2	2.07277	2.41561	0.894219	1.61742	2.44066	0.833757
1.67893	2	2.08905	2.45188	0.888296	1.62479	2.44613	0.829922
1.68091	2	2.09807	2.46524	0.885237	1.63876	2.4609	0.829405
1.6829	2	2.0834	2.4302	0.888642	1.64153	2.4541	0.833341
1.68489	2	2.08076	2.43268	0.885744	1.65401	2.46904	0.832214
1.68688	2	2.04797	2.35524	0.909693	1.63818	2.42646	0.840192
1.68887	2	2.05435	2.36396	0.906556	1.65493	2.44362	0.838824
1.69085	2	2.08968	2.35141	0.90532	1.64572	2.45056	0.838519
1.69284	2	2.09917	2.36639	0.899221	1.65922	2.46012	0.834381
1.69483	2	2.10123	2.36827	0.898855	1.67124	2.46907	0.834203
1.69682	2	2.12333	2.37084	0.90631	1.68068	2.48581	0.836445
1.69881	2	2.11647	2.36301	0.898412	1.68889	2.4914	0.832753
1.7008	2	2.10452	2.36251	0.907366	1.69565	2.50693	0.839463
1.70278	2	2.1163	2.38123	0.89766	1.7074	2.51624	0.835445
1.70477	2	2.11552	2.37924	0.89615	1.72247	2.53096	0.835028
1.70676	2	2.05085	2.32035	0.878429	1.67598	2.48126	0.823161
1.70875	2	2.04527	2.31761	0.879143	1.68612	2.49557	0.823952
1.71074	2	2.05066	2.32439	0.876373	1.70244	2.51221	0.823405
1.71272	2	2.08402	2.3726	0.867841	1.70795	2.51128	0.81711
1.71471	2	2.08833	2.39303	0.86627	1.71669	2.52057	0.817379
1.7167	2	2.08714	2.37975	0.866817	1.72787	2.52873	0.817651
1.71869	2	2.0673	2.34254	0.869196	1.72633	2.51596	0.822339
1.72068	2	2.07028	2.3484	0.865016	1.73723	2.52794	0.820061
1.72266	2	2.06959	2.34714	0.864873	1.75183	2.54247	0.819685
1.72465	2	2.07614	2.3439	0.863354	1.76241	2.55421	0.819604
1.72664	2	2.08089	2.35572	0.862721	1.7752	2.56978	0.819682
1.72863	2	2.03666	2.32107	0.853695	1.74287	2.55078	0.817459
1.73062	2	2.03913	2.32462	0.853111	1.75892	2.5695	0.818116
1.7326	2	2.15616	2.36401	0.878463	1.76959	2.57586	0.813187
1.73459	2	2.15381	2.35428	0.878967	1.78456	2.5899	0.814365
1.73658	2	2.16625	2.33413	0.878133	1.78211	2.58753	0.816149
1.73857	2	2.1773	2.33479	0.876922	1.79654	2.60475	0.816213
1.74056	2	2.16302	2.32207	0.872015	1.79818	2.60325	0.811615
1.74254	2	2.17638	2.34632	0.867825	1.81431	2.6181	0.809058
1.74453	2	2.14835	2.33047	0.881994	1.80838	2.62478	0.820439
1.74652	2	2.15336	2.33336	0.880906	1.82694	2.64508	0.821017
1.74851	2	2.15337	2.33397	0.875247	1.83739	2.65178	0.817418
1.7505	2	2.14822	2.32395	0.87369	1.8471	2.66179	0.817038
1.75249	2	2.14768	2.32464	0.8713	1.86231	2.6777	0.81677
1.75447	2	2.15349	2.32541	0.870931	1.88024	2.69647	0.816599
1.75646	3	1.8552	2.17933	0.324133	1.53487	2.02107	0.486199
1.75845	3	1.85602	2.17942	0.3234	1.54632	2.03142	0.4851
1.76044	3	1.88321	2.20588	0.32267	1.56058	2.04458	0.484005
1.76243	3	1.87619	2.19813	0.321943	1.57098	2.0539	0.482914
1.76441	3	1.87832	2.19953	0.321218	1.57769	2.05952	0.481826
1.7664	3	1.86372	2.18422	0.320495	1.58102	2.06176	0.480742
1.76839	3	1.86551	2.18528	0.319775	1.59313	2.07279	0.479662
1.77038	3	1.86166	2.18072	0.319057	1.60412	2.08271	0.478585
1.77237	3	1.88999	2.20833	0.318342	1.61682	2.09433	0.477512
1.77435	3	1.88659	2.20422	0.317629	1.62857	2.10501	0.476443
1.77634	3	1.79416	2.11108	0.316918	1.56271	2.03809	0.475377
1.77833	3	1.78179	2.098	0.31621	1.56586	2.04018	0.474315
1.78032	3	1.78543	2.10093	0.315504	1.57575	2.04901	0.473256
1.78231	3	1.83986	2.15466	0.3148	1.58984	2.06204	0.472201
1.78429	3	1.85889	2.17299	0.314099	1.60329	2.07444	0.471149
1.78628	3	1.85173	2.16513	0.313401	1.61291	2.08301	0.470101
1.78827	3	1.84334	2.15604	0.312704	1.61926	2.08831	0.469056
1.79026	3	1.82105	2.13306	0.31201	1.6103	2.07832	0.468015
1.79225	3	1.81935	2.13067	0.311318	1.62393	2.09091	0.466977
1.79423	3	1.79901	2.10964	0.310629	1.61536	2.0813	0.465943
1.79622	3	1.82003	2.12997	0.309941	1.62917	2.09408	0.464912
1.79821	3	1.80813	2.11738	0.309256	1.63627	2.10015	0.463885
1.8002	3	1.80736	2.11593	0.308574	1.64657	2.10943	0.462861
1.80219	3	2.24596	2.24596	0.307893	1.66119	2.12303	0.46184
1.80417	3	2.23839	2.23839	0.307215	1.67128	2.1321	0.460823
1.80616	3	2.22137	2.22137	0.306539	1.67362	2.13342	0.459809
1.80815	3	2.21051	2.21051	0.305866	1.67835	2.13715	0.458798
1.81014	3	2.21284	2.21284	0.305194	1.68985	2.14764	0.457791
1.81213	3	2.23052	2.23052	0.304525	1.70402	2.16081	0.456787
1.81412	3	2.16813	2.16813	0.303858	1.67327	2.12906	0.455787
1.8161	3	2.16671	2.16671	0.303193	1.68555	2.14034	0.454789
1.81809	3	2.16908	2.16908	0.30253	1.69704	2.15083	0.453795
1.82008	3	2.17827	2.17827	0.30187	1.71147	2.16428	0.452804
1.82207	3	2.13271	2.13271	0.301211	1.68633	2.13815	0.451817
1.82406	3	2.12542	2.12542	0.300555	1.69438	2.14521	0.450832
1.82604	3	2.15365	2.15365	0.299901	1.70542	2.15527	0.449851
1.82803	3	2.14205	2.14205	0.299249	1.71018	2.15906	0.448873
1.83002	3	2.13087	2.13087	0.298599	1.71456	2.16246	0.447899
1.83201	3	2.13421	2.13421	0.297951	1.72744	2.17437	0.446927
1.834	3	2.15082	2.15082	0.297306	1.74213	2.18809	0.445959
1.83598	3	2.18839	2.18839	0.296662	1.75105	2.19604	0.444993
1.83797	3	2.18215	2.18215	0.296021	1.7602	2.20423	0.444031
1.83996	3	2.00044	2.15966	0.455043	1.62319	2.19546	0.572597
1.84195	3	2.00259	2.16109	0.453734	1.63816	2.20962	0.57207
1.84394	3	1.99333	2.13865	0.441168	1.64032	2.20108	0.56197
1.84592	3	2.00291	2.15468	0.439461	1.65518	2.21556	0.56107
1.84791	3	1.99793	2.14093	0.438787	1.66184	2.22006	0.560245
1.8499	3	2.00228	2.15055	0.437563	1.67541	2.23508	0.560361
1.85189	3	2.02691	2.16845	0.43581	1.68832	2.24567	0.558515
1.85388	3	2.01856	2.15732	0.440734	1.69636	2.2498	0.561182
1.85586	3	2.01152	2.154	0.434464	1.70098	2.25408	0.556726
1.85785	3	2.00609	2.15193	0.432527	1.7096	2.26551	0.556995
1.85984	3	2.00905	2.15612	0.434342	1.72038	2.27483	0.557269
1.86183	3	2.03547	2.15095	0.430233	1.7327	2.28431	0.553886
1.86382	3	2.03049	2.15268	0.432693	1.74133	2.29516	0.554753
1.86581	3	2.03518	2.15322	0.431161	1.75619	2.3096	0.553743
1.86779	4	1.89128	2.04474	0.153467	1.62699	1.93392	0.306933
1.86978	4	1.87197	2.02495	0.152977	1.62314	1.9291	0.305955
1.87177	4	1.87274	2.02523	0.152491	1.63436	1.93934	0.304981
1.87376	4	1.88801	2.04002	0.152006	1.64984	1.95385	0.304011
1.87575	4	1.8795	2.03103	0.151523	1.65575	1.9588	0.303046
1.87773	4	1.90381	2.05485	0.151042	1.66781	1.96989	0.302084
1.87972	4	1.98424	2.1348	0.150563	1.68158	1.98271	0.301127
1.88171	4	1.96486	2.11495	0.150087	1.67819	1.97837	0.300173
1.8837	4	1.96638	2.116	0.149612	1.69074	1.98996	0.299224
1.88569	4	1.97671	2.12585	0.149139	1.70345	2.00172	0.298278
1.88767	4	1.96731	2.11598	0.148669	1.7105	2.00784	0.297337
1.88966	4	1.93201	2.08021	0.1482	1.69117	1.98757	0.2964
1.89165	4	1.9354	2.08313	0.147733	1.70507	2.00053	0.295466
1.89364	4	1.89685	2.04412	0.147268	1.68473	1.97927	0.294536
1.89563	4	1.89576	2.04257	0.146805	1.69029	1.9839	0.293611
1.89761	4	1.89934	2.04569	0.146344	1.7059	1.99859	0.292689
1.8996	4	1.92095	2.06684	0.145885	1.71797	2.00975	0.291771
1.90159	4	1.91307	2.0585	0.145428	1.72462	2.01548	0.290857
1.90358	4	1.9096	2.05457	0.144973	1.73051	2.02046	0.289946
1.90557	4	1.90862	2.05314	0.14452	1.74355	2.03259	0.28904
1.90755	4	1.94875	2.09282	0.144068	1.74993	2.03807	0.288137
1.90954	4	1.9546	2.09822	0.143619	1.76488	2.05212	0.287238
1.91153	4	2.07518	2.07518	0.143171	1.76001	2.04635	0.286343
1.91352	4	2.05777	2.05777	0.142726	1.75867	2.04412	0.285451
1.91551	4	2.06109	2.06109	0.142282	1.77147	2.05603	0.284563
1.9175	4	2.05954	2.05954	0.14184	1.77824	2.06192	0.283679
1.91948	4	2.06671	2.06671	0.141399	1.79375	2.07655	0.282799
1.92147	4	2.08376	2.08376	0.140961	1.80643	2.08835	0.281922
1.92346	4	2.06687	2.06687	0.140524	1.80562	2.08666	0.281048
1.92545	4	2.06559	2.06559	0.140089	1.81735	2.09753	0.280179
1.92744	4	2.07721	2.07721	0.139656	1.83313	2.11244	0.279313
1.92942	4	1.99945	2.06875	0.208811	1.77882	2.11897	0.340299
1.93141	4	2.00102	2.07058	0.208129	1.79206	2.13163	0.33972
1.9334	5	1.9334	2.00497	0.0715671	1.73741	1.91632	0.178918
1.93539	5	1.93676	2.00803	0.0712735	1.75398	1.93217	0.178184
1.93738	5	1.95899	2.02997	0.0709814	1.76708	1.94453	0.177454
1.93936	5	1.94005	2.01074	0.0706908	1.76606	1.94278	0.176727
1.94135	5	1.94212	2.01252	0.0704017	1.77828	1.95428	0.176004
1.94334	5	1.9529	2.02302	0.070114	1.79391	1.9692	0.175285
1.94533	5	1.98132	2.05115	0.0698278	1.80182	1.97639	0.17457
1.94732	5	1.98556	2.0551	0.0695431	1.81556	1.98941	0.173858
1.9493	5	1.94935	2.01861	0.0692599	1.79769	1.97084	0.17315
1.95129	5	1.95129	2.02027	0.068978	1.81158	1.98402	0.172445
1.95328	5	1.9536	2.0223	0.0686976	1.82006	1.99181	0.171744
1.95527	5	1.95996	2.02838	0.0684186	1.83612	2.00717	0.171047
1.95726	5	1.97634	2.04448	0.0681411	1.84917	2.01952	0.170353
1.95924	5	2.02711	2.02711	0.0678649	1.84901	2.01867	0.169662
1.96123	5	2.03115	2.03115	0.0675902	1.86339	2.03236	0.168975
1.96322	5	2.03055	2.03055	0.0673168	1.87176	2.04005	0.168292
1.96521	5	2.03255	2.03255	0.0670448	1.88498	2.05259	0.167612
1.9672	6	1.9672	2.00114	0.0339438	1.83738	1.93921	0.101832
1.96918	6	1.96926	2.00303	0.0337728	1.85206	1.95338	0.101319
1.97117	6	1.97234	2.00594	0.0336029	1.86134	1.96214	0.100809
1.97316	6	1.97331	2.00674	0.0334339	1.87429	1.97459	0.100302
1.97515	6	1.98365	2.01691	0.033266	1.88297	1.98277	0.099798
1.97714	6	1.98142	2.01452	0.0330991	1.89177	1.99107	0.0992973
1.97913	6	1.98782	2.02075	0.0329332	1.9051	2.0039	0.0987995
1.98111	6	2.01503	2.01503	0.0327683	1.91489	2.01319	0.0983048
1.9831	6	2.01584	2.01584	0.0326043	1.92803	2.02584	0.097813
1.98509	7	1.98536	2.0017	0.0163425	1.91402	1.97122	0.0571989
1.98708	7	1.99578	2.01202	0.0162447	1.92759	1.98444	0.0568564
1.98907	7	1.98913	2.00528	0.0161475	1.93696	1.99348	0.0565163
1.99105	7	2.00717	2.00717	0.016051	1.95057	2.00674	0.0561785
1.99304	8	1.99304	2.00105	0.00800544	1.95243	1.98446	0.0320218
1.99503	8	1.99704	2.00499	0.00794976	1.96806	1.99986	0.0317991
1.99702	9	1.999	2.00296	0.00395316	1.97796	1.99575	0.0177892
1.99901	10	2.00097	2.00097	0.00196188	1.99194	2.00175	0.00980942
