#
# Extended slice
#
# nbits=65 nbins=3000
# maxdepth=10 nsamples=1
#
# Columns:
# j beta prob length fraction
0	1.49875	0.377024	2.65235	0.340333
1	1.49625	0.376916	2.65311	0.341333
2	1.49375	0.376682	2.65476	0.342667
3	1.49125	0.376655	2.65495	0.344
4	1.48875	0.376098	2.65888	0.344667
5	1.48625	0.376693	2.65468	0.346
6	1.48375	0.377069	2.65203	0.347333
7	1.48125	0.37753	2.64879	0.348
8	1.47875	0.378638	2.64105	0.349333
9	1.47625	0.37937	2.63595	0.350667
10	1.47375	0.379949	2.63193	0.351667
11	1.47125	0.381299	2.62261	0.352667
12	1.46875	0.3833	2.60892	0.354
13	1.46625	0.385928	2.59115	0.355333
14	1.46375	0.386497	2.58734	0.356667
15	1.46125	0.385218	2.59593	0.358
16	1.45875	0.383872	2.60504	0.359
17	1.45625	0.382726	2.61284	0.36
18	1.45375	0.381312	2.62253	0.361333
19	1.45125	0.380181	2.63033	0.363
20	1.44875	0.378631	2.6411	0.364
21	1.44625	0.377761	2.64718	0.365333
22	1.44375	0.376489	2.65612	0.366
23	1.44125	0.376315	2.65735	0.368
24	1.43875	0.375797	2.66101	0.369333
25	1.43625	0.374651	2.66915	0.37
26	1.43375	0.374533	2.66999	0.372
27	1.43125	0.371957	2.68848	0.372667
28	1.42875	0.371034	2.69517	0.374
29	1.42625	0.369732	2.70466	0.376
30	1.42375	0.367808	2.71881	0.376667
31	1.42125	0.366141	2.73119	0.378333
32	1.41875	0.364003	2.74723	0.379333
33	1.41625	0.362349	2.75977	0.380667
34	1.41375	0.360205	2.7762	0.382333
35	1.41125	0.358022	2.79312	0.383333
36	1.40875	0.357036	2.80083	0.385333
37	1.40625	0.355001	2.81689	0.386
38	1.40375	0.354203	2.82324	0.388
39	1.40125	0.351937	2.84142	0.388667
40	1.39875	0.350906	2.84977	0.390667
41	1.39625	0.348675	2.868	0.391333
42	1.39375	0.347926	2.87417	0.393333
43	1.39125	0.346057	2.8897	0.394667
44	1.38875	0.344994	2.8986	0.396
45	1.38625	0.343507	2.91115	0.397333
46	1.38375	0.343012	2.91535	0.399
47	1.38125	0.341953	2.92438	0.4
48	1.37875	0.341663	2.92686	0.402
49	1.37625	0.339965	2.94148	0.403333
50	1.37375	0.338936	2.95041	0.404667
51	1.37125	0.338136	2.95739	0.406
52	1.36875	0.337345	2.96433	0.408
53	1.36625	0.335374	2.98175	0.409
54	1.36375	0.333793	2.99587	0.410667
55	1.36125	0.332053	3.01157	0.412
56	1.35875	0.331145	3.01982	0.414
57	1.35625	0.329228	3.03741	0.415333
58	1.35375	0.327741	3.05119	0.417333
59	1.35125	0.326372	3.06398	0.418667
60	1.34875	0.324366	3.08293	0.42
61	1.34625	0.323489	3.0913	0.421333
62	1.34375	0.321956	3.10602	0.422667
63	1.34125	0.321444	3.11097	0.424667
64	1.33875	0.320521	3.11992	0.426
65	1.33625	0.320283	3.12224	0.427667
66	1.33375	0.319711	3.12783	0.429333
67	1.33125	0.319169	3.13313	0.430667
68	1.32875	0.320051	3.1245	0.432667
69	1.32625	0.32107	3.11459	0.434
70	1.32375	0.321366	3.11172	0.435667
71	1.32125	0.318666	3.13808	0.438
72	1.31875	0.315512	3.16945	0.439333
73	1.31625	0.31291	3.1958	0.441
74	1.31375	0.31104	3.21502	0.442667
75	1.31125	0.308764	3.23872	0.444
76	1.30875	0.306607	3.26151	0.446
77	1.30625	0.305119	3.27742	0.448
78	1.30375	0.303155	3.29864	0.449333
79	1.30125	0.300892	3.32346	0.450667
80	1.29875	0.300019	3.33312	0.453333
81	1.29625	0.298319	3.35212	0.454667
82	1.29375	0.296615	3.37137	0.456
83	1.29125	0.295967	3.37876	0.458667
84	1.28875	0.294003	3.40133	0.46
85	1.28625	0.293105	3.41175	0.461667
86	1.28375	0.291639	3.42889	0.463333
87	1.28125	0.290071	3.44743	0.465333
88	1.27875	0.288599	3.46501	0.467333
89	1.27625	0.286573	3.48951	0.468667
90	1.27375	0.28524	3.50582	0.470667
91	1.27125	0.284274	3.51773	0.472667
92	1.26875	0.282984	3.53376	0.474667
93	1.26625	0.281125	3.55714	0.476667
94	1.26375	0.279339	3.57988	0.478
95	1.26125	0.27789	3.59855	0.480333
96	1.25875	0.277409	3.60479	0.482333
97	1.25625	0.276134	3.62143	0.484
98	1.25375	0.27514	3.63452	0.486
99	1.25125	0.273581	3.65522	0.488
100	1.24875	0.272192	3.67388	0.489333
101	1.24625	0.271513	3.68307	0.492
102	1.24375	0.269863	3.70558	0.494
103	1.24125	0.268593	3.72311	0.496
104	1.23875	0.267085	3.74412	0.498
105	1.23625	0.265845	3.76159	0.5
106	1.23375	0.265259	3.7699	0.502
107	1.23125	0.264089	3.7866	0.503667
108	1.22875	0.262772	3.80558	0.506
109	1.22625	0.261886	3.81845	0.508333
110	1.22375	0.260758	3.83497	0.510333
111	1.22125	0.259699	3.85061	0.512667
112	1.21875	0.257513	3.8833	0.514667
113	1.21625	0.255607	3.91225	0.516667
114	1.21375	0.253518	3.94449	0.518667
115	1.21125	0.251259	3.97996	0.520667
116	1.20875	0.248461	4.02477	0.522667
117	1.20625	0.245725	4.06959	0.525
118	1.20375	0.243108	4.1134	0.527333
119	1.20125	0.240943	4.15037	0.529333
120	1.19875	0.238779	4.18797	0.531333
121	1.19625	0.236669	4.22532	0.534
122	1.19375	0.234415	4.26593	0.536
123	1.19125	0.232081	4.30884	0.538
124	1.18875	0.229747	4.35262	0.540667
125	1.18625	0.227209	4.40124	0.542667
126	1.18375	0.225166	4.44117	0.545333
127	1.18125	0.222807	4.4882	0.547333
128	1.17875	0.220816	4.52865	0.55
129	1.17625	0.218706	4.57234	0.552
130	1.17375	0.21679	4.61276	0.554667
131	1.17125	0.214887	4.65361	0.557333
132	1.16875	0.21252	4.70544	0.559333
133	1.16625	0.209326	4.77723	0.561667
134	1.16375	0.206799	4.83561	0.564
135	1.16125	0.203672	4.90986	0.566333
136	1.15875	0.20082	4.97959	0.568667
137	1.15625	0.197775	5.05625	0.571333
138	1.15375	0.195173	5.12365	0.574
139	1.15125	0.192254	5.20146	0.574667
140	1.14875	0.188699	5.29944	0.575
141	1.14625	0.185748	5.38364	0.575333
142	1.14375	0.182856	5.46878	0.576
143	1.14125	0.180621	5.53646	0.576667
144	1.13875	0.17788	5.62175	0.577333
145	1.13625	0.174736	5.7229	0.578
146	1.13375	0.171922	5.8166	0.578
147	1.13125	0.168519	5.93406	0.578667
148	1.12875	0.165548	6.04056	0.579667
149	1.12625	0.16223	6.16408	0.580333
150	1.12375	0.158758	6.2989	0.580333
151	1.12125	0.15544	6.43334	0.581
152	1.11875	0.152416	6.56101	0.582
153	1.11625	0.148933	6.71443	0.582333
154	1.11375	0.146098	6.84474	0.583
155	1.11125	0.142815	7.00206	0.583667
156	1.10875	0.139376	7.17483	0.584333
157	1.10625	0.135916	7.35751	0.584667
158	1.10375	0.132846	7.52749	0.585667
159	1.10125	0.129364	7.73012	0.586
160	1.09875	0.126219	7.92276	0.586667
161	1.09625	0.123	8.13005	0.587667
162	1.09375	0.119242	8.38631	0.588
163	1.09125	0.116254	8.60182	0.588667
164	1.08875	0.112908	8.85678	0.589667
165	1.08625	0.109161	9.16082	0.59
166	1.08375	0.106108	9.4244	0.591
167	1.08125	0.102445	9.76137	0.591333
168	1.07875	0.0993432	10.0661	0.592333
169	1.07625	0.0957685	10.4419	0.592667
170	1.07375	0.0924833	10.8128	0.593667
171	1.07125	0.0887647	11.2657	0.594
172	1.06875	0.0856085	11.6811	0.595
173	1.06625	0.0821437	12.1738	0.595667
174	1.06375	0.0788092	12.6889	0.596667
175	1.06125	0.0754448	13.2547	0.597
176	1.05875	0.0722383	13.8431	0.598333
177	1.05625	0.0687643	14.5424	0.598667
178	1.05375	0.0656769	15.2261	0.599667
179	1.05125	0.0622162	16.073	0.600333
180	1.04875	0.0589702	16.9577	0.600667
181	1.04625	0.0558934	17.8912	0.602
182	1.04375	0.0525747	19.0206	0.602667
183	1.04125	0.0493154	20.2776	0.603333
184	1.03875	0.0461933	21.6482	0.604333
185	1.03625	0.0429332	23.292	0.605
186	1.03375	0.0399356	25.0403	0.606333
187	1.03125	0.0366814	27.2618	0.607
188	1.02875	0.0334617	29.8849	0.607667
189	1.02625	0.0302464	33.0618	0.608667
190	1.02375	0.0273818	36.5206	0.609667
191	1.02125	0.0243127	41.1308	0.610333
192	1.01875	0.0213153	46.9147	0.611
193	1.01625	0.0183643	54.4536	0.612
194	1.01375	0.0156334	63.9657	0.613
195	1.01125	0.0146993	68.0307	0.614
196	1.00875	0.0140245	71.3038	0.614667
# 197	1.00625	0.0153986	64.9411	0.615333
# 198	1.00375	0.0172348	58.0223	0.616333
# 199	1.00125	0.0247678	40.375	0.618
