#
# Extended measure
#
# K=0.75 beta=1.5 depth=12 nsamp=500 bits=60
#
0	0.00163627	1.19197
1	0.00490881	1.32683
2	0.00818136	1.36671
3	0.0114539	1.39671
4	0.0147264	1.39923
5	0.017999	1.41632
6	0.0212715	1.40792
7	0.0245441	1.44287
8	0.0278166	1.42726
9	0.0310892	1.42287
10	0.0343617	1.44053
11	0.0376342	1.45277
12	0.0409068	1.45117
13	0.0441793	1.41317
14	0.0474519	1.44453
15	0.0507244	1.44587
16	0.053997	1.46294
17	0.0572695	1.46003
18	0.060542	1.46483
19	0.0638146	1.45704
20	0.0670871	1.40965
21	0.0703597	1.45386
22	0.0736322	1.44875
23	0.0769047	1.45522
24	0.0801773	1.46006
25	0.0834498	1.45755
26	0.0867224	1.46144
27	0.0899949	1.4695
28	0.0932675	1.44972
29	0.09654	1.45747
30	0.0998125	1.37799
31	0.103085	1.41468
32	0.106358	1.4313
33	0.10963	1.42251
34	0.112903	1.42018
35	0.116175	1.43318
36	0.119448	1.42615
37	0.12272	1.43525
38	0.125993	1.43245
39	0.129265	1.43056
40	0.132538	1.4398
41	0.135811	1.44051
42	0.139083	1.42762
43	0.142356	1.42346
44	0.145628	1.43278
45	0.148901	1.35903
46	0.152173	1.39139
47	0.155446	1.40348
48	0.158718	1.4152
49	0.161991	1.414
50	0.165263	1.40142
51	0.168536	1.40489
52	0.171808	1.41306
53	0.175081	1.41765
54	0.178354	1.40786
55	0.181626	1.42228
56	0.184899	1.41743
57	0.188171	1.41995
58	0.191444	1.40408
59	0.194716	1.42047
60	0.197989	1.42215
61	0.201261	1.42526
62	0.204534	1.42173
63	0.207806	1.41076
64	0.211079	1.41096
65	0.214352	1.40317
66	0.217624	1.41991
67	0.220897	1.37971
68	0.224169	1.36072
69	0.227442	1.38569
70	0.230714	1.3877
71	0.233987	1.39706
72	0.237259	1.40215
73	0.240532	1.39861
74	0.243804	1.39612
75	0.247077	1.34782
76	0.25035	1.35265
77	0.253622	1.35553
78	0.256895	1.359
79	0.260167	1.36365
80	0.26344	1.36379
81	0.266712	1.35082
82	0.269985	1.36786
83	0.273257	1.36599
84	0.27653	1.36728
85	0.279802	1.36509
86	0.283075	1.36799
87	0.286347	1.35418
88	0.28962	1.35714
89	0.292893	1.36731
90	0.296165	1.36579
91	0.299438	1.36636
92	0.30271	1.37067
93	0.305983	1.37003
94	0.309255	1.36838
95	0.312528	1.35536
96	0.3158	1.35987
97	0.319073	1.35056
98	0.322345	1.35433
99	0.325618	1.36382
100	0.328891	1.36813
101	0.332163	1.32167
102	0.335436	1.31042
103	0.338708	1.33338
104	0.341981	1.34212
105	0.345253	1.33949
106	0.348526	1.34776
107	0.351798	1.34894
108	0.355071	1.34958
109	0.358343	1.35718
110	0.361616	1.34791
111	0.364888	1.35243
112	0.368161	1.321
113	0.371434	1.30397
114	0.374706	1.30913
115	0.377979	1.20878
116	0.381251	1.21103
117	0.384524	1.20957
118	0.387796	1.21775
119	0.391069	1.21657
120	0.394341	1.21811
121	0.397614	1.20941
122	0.400886	1.20796
123	0.404159	1.21944
124	0.407432	1.21853
125	0.410704	1.21822
126	0.413977	1.22105
127	0.417249	1.21261
128	0.420522	1.22211
129	0.423794	1.21792
130	0.427067	1.21704
131	0.430339	1.20938
132	0.433612	1.20547
133	0.436884	1.21531
134	0.440157	1.21896
135	0.44343	1.21476
136	0.446702	1.21578
137	0.449975	1.21874
138	0.453247	1.218
139	0.45652	1.22348
140	0.459792	1.21662
141	0.463065	1.21878
142	0.466337	1.21746
143	0.46961	1.20507
144	0.472882	1.21087
145	0.476155	1.21175
146	0.479427	1.20638
147	0.4827	1.20505
148	0.485973	1.21121
149	0.489245	1.21199
150	0.492518	1.21674
151	0.49579	1.21117
152	0.499063	1.08016
153	0.502335	0.718477
154	0.505608	0.745725
155	0.50888	0.753572
156	0.512153	0.758175
157	0.515425	0.765035
158	0.518698	0.76238
159	0.521971	0.764969
160	0.525243	0.765898
161	0.528516	0.755592
162	0.531788	0.76114
163	0.535061	0.768062
164	0.538333	0.769891
165	0.541606	0.766362
166	0.544878	0.757243
167	0.548151	0.764823
168	0.551423	0.758743
169	0.554696	0.757078
170	0.557968	0.755022
171	0.561241	0.7557
172	0.564514	0.73503
173	0.567786	0.707149
174	0.571059	0.712773
175	0.574331	0.707841
176	0.577604	0.711587
177	0.580876	0.7147
178	0.584149	0.715461
179	0.587421	0.714134
180	0.590694	0.717741
181	0.593966	0.712218
182	0.597239	0.70628
183	0.600512	0.705474
184	0.603784	0.711737
185	0.607057	0.714155
186	0.610329	0.710361
187	0.613602	0.714726
188	0.616874	0.713023
189	0.620147	0.718047
190	0.623419	0.717283
191	0.626692	0.711896
192	0.629964	0.717459
193	0.633237	0.716596
194	0.63651	0.715762
195	0.639782	0.712634
196	0.643055	0.708353
197	0.646327	0.711526
198	0.6496	0.69977
199	0.652872	0.707954
200	0.656145	0.713259
201	0.659417	0.710547
202	0.66269	0.680941
203	0.665962	0.644583
204	0.669235	0.645196
205	0.672507	0.646961
206	0.67578	0.645835
207	0.679053	0.645893
208	0.682325	0.650125
209	0.685598	0.646785
210	0.68887	0.648704
211	0.692143	0.646283
212	0.695415	0.646675
213	0.698688	0.646921
214	0.70196	0.648315
215	0.705233	0.649034
216	0.708505	0.645856
217	0.711778	0.64479
218	0.715051	0.645612
219	0.718323	0.64716
220	0.721596	0.635267
221	0.724868	0.639123
222	0.728141	0.644124
223	0.731413	0.643593
224	0.734686	0.644438
225	0.737958	0.646467
226	0.741231	0.645227
227	0.744503	0.632613
228	0.747776	0.627269
229	0.751049	0.806412
230	0.754321	0.924647
231	0.757594	0.925792
232	0.760866	0.924983
233	0.764139	0.923975
234	0.767411	0.923525
235	0.770684	0.92371
236	0.773956	0.925146
237	0.777229	0.924213
238	0.780501	0.925049
239	0.783774	0.924913
240	0.787046	0.914289
241	0.790319	0.919158
242	0.793592	0.916588
243	0.796864	0.915473
244	0.800137	0.915916
245	0.803409	0.917589
246	0.806682	0.916907
247	0.809954	0.918425
248	0.813227	0.913925
249	0.816499	0.917731
250	0.819772	0.914872
251	0.823044	0.916275
252	0.826317	0.912127
253	0.82959	0.906793
254	0.832862	1.04692
255	0.836135	1.26661
256	0.839407	1.27693
257	0.84268	1.27816
258	0.845952	1.28276
259	0.849225	1.2546
260	0.852497	1.24036
261	0.85577	1.24009
262	0.859042	1.24381
263	0.862315	1.23919
264	0.865587	1.23781
265	0.86886	1.23771
266	0.872133	1.23965
267	0.875405	1.23939
268	0.878678	1.24095
269	0.88195	1.23896
270	0.885223	1.24501
271	0.888495	1.24532
272	0.891768	1.24488
273	0.89504	1.24397
274	0.898313	1.23407
275	0.901585	1.24401
276	0.904858	1.24272
277	0.908131	1.24589
278	0.911403	1.24401
279	0.914676	1.2479
280	0.917948	1.2442
281	0.921221	1.24676
282	0.924493	1.24203
283	0.927766	1.24009
284	0.931038	1.23419
285	0.934311	1.23785
286	0.937583	1.23441
287	0.940856	1.17173
288	0.944129	1.03967
289	0.947401	1.05153
290	0.950674	1.04025
291	0.953946	1.04679
292	0.957219	1.03754
293	0.960491	1.04446
294	0.963764	1.03715
295	0.967036	1.03723
296	0.970309	1.03905
297	0.973581	1.03556
298	0.976854	1.03732
299	0.980126	1.03665
300	0.983399	1.03905
301	0.986672	1.03691
302	0.989944	1.03821
303	0.993217	1.04191
304	0.996489	0.961751
305	0.999762	0.957679
306	1.00303	0.962033
307	1.00631	0.962823
308	1.00958	0.95864
309	1.01285	0.960106
310	1.01612	0.959474
311	1.0194	0.960281
312	1.02267	0.961446
313	1.02594	0.960889
314	1.02921	0.957267
315	1.03249	0.954314
316	1.03576	0.957632
317	1.03903	0.960218
318	1.0423	0.955351
319	1.04558	0.957261
320	1.04885	0.954456
321	1.05212	0.957409
322	1.05539	0.933207
323	1.05867	0.943728
324	1.06194	0.947571
325	1.06521	0.95331
326	1.06849	0.947687
327	1.07176	0.952072
328	1.07503	0.951288
329	1.0783	0.951258
330	1.08158	0.948107
331	1.08485	0.950646
332	1.08812	0.953792
333	1.09139	0.953657
334	1.09467	0.956219
335	1.09794	0.951709
336	1.10121	0.955757
337	1.10448	0.952452
338	1.10776	0.954455
339	1.11103	0.954686
340	1.1143	0.959918
341	1.11757	0.938037
342	1.12085	0.92983
343	1.12412	0.934756
344	1.12739	0.695065
345	1.13066	0.541412
346	1.13394	0.538203
347	1.13721	0.538659
348	1.14048	0.540364
349	1.14375	0.539632
350	1.14703	0.538941
351	1.1503	0.537791
352	1.15357	0.538319
353	1.15684	0.538162
354	1.16012	0.538103
355	1.16339	0.538571
356	1.16666	0.540648
357	1.16993	0.537192
358	1.17321	0.539038
359	1.17648	0.540167
360	1.17975	0.537633
361	1.18302	0.533529
362	1.1863	0.53846
363	1.18957	0.534289
364	1.19284	0.534979
365	1.19611	0.534867
366	1.19939	0.535599
367	1.20266	0.527997
368	1.20593	0.530838
369	1.2092	0.532073
370	1.21248	0.533705
371	1.21575	0.535705
372	1.21902	0.530614
373	1.22229	0.534857
374	1.22557	0.533797
375	1.22884	0.535369
376	1.23211	0.533827
377	1.23538	0.534499
378	1.23866	0.53324
379	1.24193	0.53206
380	1.2452	0.530795
381	1.24847	0.529808
382	1.25175	0.0935
383	1.25502	0
384	1.25829	0
385	1.26157	0
386	1.26484	0
387	1.26811	0
388	1.27138	0
389	1.27466	0
390	1.27793	0
391	1.2812	0
392	1.28447	0
393	1.28775	0
394	1.29102	0
395	1.29429	0
396	1.29756	0
397	1.30084	0
398	1.30411	0
399	1.30738	0
