#
# Extended measure
#
# K=0.65 beta=1.3 depth=10 nsamp=500 bits=64
#
0	0.00163627	1.90598	0.00125	2.75754
1	0.00490881	2.09536	0.00375	2.75292
2	0.00818136	2.16903	0.00625	2.75199
3	0.0114539	2.17984	0.00875	2.75168
4	0.0147264	2.22998	0.01125	2.75108
5	0.017999	2.20991	0.01375	2.75105
6	0.0212715	2.23012	0.01625	2.7511
7	0.0245441	2.27065	0.01875	2.75064
8	0.0278166	2.23818	0.02125	2.75087
9	0.0310892	2.26958	0.02375	2.75074
10	0.0343617	2.30415	0.02625	2.75045
11	0.0376342	2.22652	0.02875	2.75106
12	0.0409068	2.29103	0.03125	2.75029
13	0.0441793	2.31866	0.03375	2.75055
14	0.0474519	2.24579	0.03625	2.75115
15	0.0507244	2.27859	0.03875	2.75039
16	0.053997	2.30906	0.04125	2.75006
17	0.0572695	2.32505	0.04375	2.75051
18	0.060542	2.27872	0.04625	2.75082
19	0.0638146	2.26508	0.04875	2.75082
20	0.0670871	2.30873	0.05125	2.75038
21	0.0703597	2.31798	0.05375	2.74996
22	0.0736322	2.32043	0.05625	2.75029
23	0.0769047	2.30605	0.05875	2.75048
24	0.0801773	2.2242	0.06125	2.75097
25	0.0834498	2.25966	0.06375	2.75022
26	0.0867224	2.28741	0.06625	2.7503
27	0.0899949	2.2966	0.06875	2.75011
28	0.0932675	2.30691	0.07125	2.75003
29	0.09654	2.29365	0.07375	2.70043
30	0.0998125	2.29022	0.07625	2.62345
31	0.103085	2.23304	0.07875	2.62338
32	0.106358	2.23241	0.08125	2.62362
33	0.10963	2.20882	0.08375	2.62294
34	0.112903	2.23537	0.08625	2.62353
35	0.116175	2.2327	0.08875	2.62299
36	0.119448	2.25312	0.09125	2.62287
37	0.12272	2.25951	0.09375	2.62297
38	0.125993	2.23075	0.09625	2.57394
39	0.129265	2.24538	0.09875	2.52679
40	0.132538	2.23982	0.10125	2.52652
41	0.135811	2.13827	0.10375	2.52711
42	0.139083	2.19268	0.10625	2.52684
43	0.142356	2.1754	0.10875	2.52668
44	0.145628	2.18938	0.11125	2.52672
45	0.148901	2.19122	0.11375	2.5265
46	0.152173	2.18874	0.11625	2.52661
47	0.155446	2.20597	0.11875	2.52645
48	0.158718	2.20348	0.12125	2.52646
49	0.161991	2.20128	0.12375	2.52645
50	0.165263	2.1912	0.12625	2.45643
51	0.168536	2.20193	0.12875	2.45374
52	0.171808	2.18735	0.13125	2.45316
53	0.175081	2.12117	0.13375	2.4536
54	0.178354	2.13242	0.13625	2.4436
55	0.181626	2.15257	0.13875	2.4431
56	0.184899	2.136	0.14125	2.44329
57	0.188171	2.15139	0.14375	2.44322
58	0.191444	2.15509	0.14625	2.44281
59	0.194716	2.08376	0.14875	2.44294
60	0.197989	1.97098	0.15125	2.44304
61	0.201261	1.99098	0.15375	2.4429
62	0.204534	1.97571	0.15625	2.44279
63	0.207806	1.98513	0.15875	2.44271
64	0.211079	1.97896	0.16125	2.44292
65	0.214352	1.96674	0.16375	2.3906
66	0.217624	1.97644	0.16625	2.38742
67	0.220897	1.97185	0.16875	2.38759
68	0.224169	1.96326	0.17125	2.38744
69	0.227442	1.90959	0.17375	2.38766
70	0.230714	1.90609	0.17625	2.38152
71	0.233987	1.93017	0.17875	2.37959
72	0.237259	1.92916	0.18125	2.37985
73	0.240532	1.92325	0.18375	2.37985
74	0.243804	1.93184	0.18625	2.37978
75	0.247077	1.94507	0.18875	2.37987
76	0.25035	1.93337	0.19125	2.37931
77	0.253622	1.85892	0.19375	2.37964
78	0.256895	1.76948	0.19625	1.8746
79	0.260167	1.79313	0.19875	1.87461
80	0.26344	1.78635	0.20125	1.87439
81	0.266712	1.78516	0.20375	1.87447
82	0.269985	1.78951	0.20625	1.87437
83	0.273257	1.79649	0.20875	1.87466
84	0.27653	1.77285	0.21125	1.85649
85	0.279802	1.77153	0.21375	1.83268
86	0.283075	1.78744	0.21625	1.83254
87	0.286347	1.78024	0.21875	1.83258
88	0.28962	1.77058	0.22125	1.83239
89	0.292893	1.76926	0.22375	1.83261
90	0.296165	1.69694	0.22625	1.83258
91	0.299438	1.71538	0.22875	1.82843
92	0.30271	1.72715	0.23125	1.82661
93	0.305983	1.74573	0.23375	1.82672
94	0.309255	1.72565	0.23625	1.82679
95	0.312528	1.72895	0.23875	1.82652
96	0.3158	1.74529	0.24125	1.82673
97	0.319073	1.73473	0.24375	1.82693
98	0.322345	1.74424	0.24625	1.82645
99	0.325618	1.73986	0.24875	1.82654
100	0.328891	1.71288	0.25125	1.82657
101	0.332163	1.61081	0.25375	1.59644
102	0.335436	1.62024	0.25625	1.44319
103	0.338708	1.6214	0.25875	1.44322
104	0.341981	1.61901	0.26125	1.443
105	0.345253	1.6099	0.26375	1.44303
106	0.348526	1.61772	0.26625	1.44301
107	0.351798	1.62281	0.26875	1.44311
108	0.355071	1.62391	0.27125	1.44315
109	0.358343	1.60489	0.27375	1.44118
110	0.361616	1.59452	0.27625	1.41165
111	0.364888	1.58406	0.27875	1.41142
112	0.368161	1.59311	0.28125	1.41127
113	0.371434	1.58532	0.28375	1.41127
114	0.374706	1.5814	0.28625	1.41118
115	0.377979	1.57909	0.28875	1.41133
116	0.381251	1.57742	0.29125	1.4114
117	0.384524	1.52097	0.29375	1.41131
118	0.387796	1.51716	0.29625	1.4096
119	0.391069	1.53943	0.29875	1.40717
120	0.394341	1.54617	0.30125	1.40692
121	0.397614	1.55423	0.30375	1.40686
122	0.400886	1.54701	0.30625	1.407
123	0.404159	1.54724	0.30875	1.40687
124	0.407432	1.53741	0.31125	1.40687
125	0.410704	1.56233	0.31375	1.4068
126	0.413977	1.54114	0.31625	1.40703
127	0.417249	1.55716	0.31875	1.40695
128	0.420522	1.54996	0.32125	1.40664
129	0.423794	1.55505	0.32375	1.40672
130	0.427067	1.55352	0.32625	1.40676
131	0.430339	1.45745	0.32875	1.35432
132	0.433612	1.45605	0.33125	1.1157
133	0.436884	1.46405	0.33375	1.11607
134	0.440157	1.46313	0.33625	1.11572
135	0.44343	1.4684	0.33875	1.11576
136	0.446702	1.45747	0.34125	1.11556
137	0.449975	1.33904	0.34375	1.11576
138	0.453247	1.33768	0.34625	1.11563
139	0.45652	1.34165	0.34875	1.11576
140	0.459792	1.34258	0.35125	1.11568
141	0.463065	1.34057	0.35375	1.11597
142	0.466337	1.32662	0.35625	1.11365
143	0.46961	1.32409	0.35875	1.09188
144	0.472882	1.30909	0.36125	1.09168
145	0.476155	1.31452	0.36375	1.09185
146	0.479427	1.31471	0.36625	1.09151
147	0.4827	1.31176	0.36875	1.09163
148	0.485973	1.31473	0.37125	1.09173
149	0.489245	1.3027	0.37375	1.09151
150	0.492518	1.30205	0.37625	1.09145
151	0.49579	1.30545	0.37875	1.09187
152	0.499063	1.29765	0.38125	1.09171
153	0.502335	1.33384	0.38375	1.09162
154	0.505608	1.36263	0.38625	1.08894
155	0.50888	1.36775	0.38875	1.08844
156	0.512153	1.37231	0.39125	1.0883
157	0.515425	1.38209	0.39375	1.08823
158	0.518698	1.38635	0.39625	1.08844
159	0.521971	1.37131	0.39875	1.08817
160	0.525243	1.37806	0.40125	1.08834
161	0.528516	1.36624	0.40375	1.08821
162	0.531788	1.38706	0.40625	1.08847
163	0.535061	1.37958	0.40875	1.08811
164	0.538333	1.3761	0.41125	1.08846
165	0.541606	1.38393	0.41375	1.08845
166	0.544878	1.38948	0.41625	1.08812
167	0.548151	1.3738	0.41875	1.08824
168	0.551423	1.38408	0.42125	1.08806
169	0.554696	1.39325	0.42375	1.08816
170	0.557968	1.32538	0.42625	1.08817
171	0.561241	1.30593	0.42875	0.948164
172	0.564514	1.31111	0.43125	0.867352
173	0.567786	1.31643	0.43375	0.867412
174	0.571059	1.3143	0.43625	0.867621
175	0.574331	1.31487	0.43875	0.867242
176	0.577604	1.3126	0.44125	0.867401
177	0.580876	1.29744	0.44375	0.867125
178	0.584149	1.22749	0.44625	0.867327
179	0.587421	1.22146	0.44875	0.867423
180	0.590694	1.21908	0.45125	0.867106
181	0.593966	1.22611	0.45375	0.867423
182	0.597239	1.21822	0.45625	0.867199
183	0.600512	1.22674	0.45875	0.867476
184	0.603784	1.21123	0.46125	0.867433
185	0.607057	1.21344	0.46375	0.863621
186	0.610329	1.20819	0.46625	0.849206
187	0.613602	1.20165	0.46875	0.849244
188	0.616874	1.19671	0.47125	0.84911
189	0.620147	1.20474	0.47375	0.849079
190	0.623419	1.20428	0.47625	0.84908
191	0.626692	1.19742	0.47875	0.848878
192	0.629964	1.2065	0.48125	0.849408
193	0.633237	1.19458	0.48375	0.848766
194	0.63651	1.18376	0.48625	0.849097
195	0.639782	1.18655	0.48875	0.84904
196	0.643055	1.18662	0.49125	0.848982
197	0.646327	1.19134	0.49375	0.849276
198	0.6496	1.00228	0.49625	0.849214
199	0.652872	0.684566	0.49875	0.848975
200	0.656145	0.685251	0.50125	0.847678
201	0.659417	0.686483	0.50375	0.846883
202	0.66269	0.685084	0.50625	0.846499
203	0.665962	0.669954	0.50875	0.846489
204	0.669235	0.666574	0.51125	0.846518
205	0.672507	0.667617	0.51375	0.846642
206	0.67578	0.662498	0.51625	0.846553
207	0.679053	0.660208	0.51875	0.846555
208	0.682325	0.656443	0.52125	0.846688
209	0.685598	0.658742	0.52375	0.846313
210	0.68887	0.659355	0.52625	0.846672
211	0.692143	0.661822	0.52875	0.846793
212	0.695415	0.660677	0.53125	0.846374
213	0.698688	0.657239	0.53375	0.846541
214	0.70196	0.660286	0.53625	0.846784
215	0.705233	0.659581	0.53875	0.846431
216	0.708505	0.6599	0.54125	0.846521
217	0.711778	0.662465	0.54375	0.846422
218	0.715051	0.661229	0.54625	0.846438
219	0.718323	0.66047	0.54875	0.846381
220	0.721596	0.661832	0.55125	0.846546
221	0.724868	0.637004	0.55375	0.846598
222	0.728141	0.62893	0.55625	0.808805
223	0.731413	0.634589	0.55875	0.678906
224	0.734686	0.633845	0.56125	0.678812
225	0.737958	0.632932	0.56375	0.679096
226	0.741231	0.633059	0.56625	0.679099
227	0.744503	0.630674	0.56875	0.679
228	0.747776	0.632458	0.57125	0.678823
229	0.751049	0.629736	0.57375	0.678935
230	0.754321	0.630707	0.57625	0.67868
231	0.757594	0.6218	0.57875	0.678828
232	0.760866	0.603253	0.58125	0.678845
233	0.764139	0.603553	0.58375	0.679008
234	0.767411	0.605048	0.58625	0.678694
235	0.770684	0.604273	0.58875	0.678841
236	0.773956	0.602009	0.59125	0.678987
237	0.777229	0.589467	0.59375	0.678787
238	0.780501	0.536751	0.59625	0.679015
239	0.783774	0.534621	0.59875	0.679077
240	0.787046	0.53474	0.60125	0.678829
241	0.790319	0.532768	0.60375	0.672503
242	0.793592	0.530672	0.60625	0.665153
243	0.796864	0.525554	0.60875	0.665186
244	0.800137	0.524674	0.61125	0.665019
245	0.803409	0.525333	0.61375	0.665213
246	0.806682	0.528437	0.61625	0.665074
247	0.809954	0.526064	0.61875	0.664998
248	0.813227	0.523522	0.62125	0.664914
249	0.816499	0.525113	0.62375	0.665155
250	0.819772	0.52571	0.62625	0.66531
251	0.823044	0.521818	0.62875	0.664869
252	0.826317	0.522984	0.63125	0.664909
253	0.82959	0.523207	0.63375	0.665163
254	0.832862	0.521893	0.63625	0.664966
255	0.836135	0.522626	0.63875	0.665068
256	0.839407	0.522389	0.64125	0.66518
257	0.84268	0.52276	0.64375	0.665087
258	0.845952	0.309419	0.64625	0.665181
259	0.849225	0.255534	0.64875	0.664994
260	0.852497	0.255345	0.65125	0
261	0.85577	0.255644	0.65375	0
262	0.859042	0.255058	0.65625	0
263	0.862315	0.254706	0.65875	0
264	0.865587	0.24907	0.66125	0
265	0.86886	0.249065	0.66375	0
266	0.872133	0.248284	0.66625	0
267	0.875405	0.248703	0.66875	0
268	0.878678	0.249887	0.67125	0
269	0.88195	0.247377	0.67375	0
270	0.885223	0.242527	0.67625	0
271	0.888495	0.244603	0.67875	0
272	0.891768	0.244205	0.68125	0
273	0.89504	0.245166	0.68375	0
274	0.898313	0.246359	0.68625	0
275	0.901585	0.245071	0.68875	0
276	0.904858	0.245835	0.69125	0
277	0.908131	0.245339	0.69375	0
278	0.911403	0.245376	0.69625	0
279	0.914676	0.245561	0.69875	0
280	0.917948	0.245415	0.70125	0
281	0.921221	0.245279	0.70375	0
282	0.924493	0.246839	0.70625	0
283	0.927766	0.246388	0.70875	0
284	0.931038	0.245915	0.71125	0
285	0.934311	0.245773	0.71375	0
286	0.937583	0.246307	0.71625	0
287	0.940856	0.24176	0.71875	0
288	0.944129	0.236357	0.72125	0
289	0.947401	0.236529	0.72375	0
290	0.950674	0.237875	0.72625	0
291	0.953946	0.237127	0.72875	0
292	0.957219	0.237197	0.73125	0
293	0.960491	0.237795	0.73375	0
294	0.963764	0.235965	0.73625	0
295	0.967036	0.23562	0.73875	0
296	0.970309	0.236065	0.74125	0
297	0.973581	0.236821	0.74375	0
298	0.976854	0.235491	0.74625	0
299	0.980126	0.235592	0.74875	0
300	0.983399	0.23748	0.75125	0
301	0.986672	0.226978	0.75375	0
302	0.989944	0.225893	0.75625	0
303	0.993217	0.227194	0.75875	0
304	0.996489	0.224925	0.76125	0
305	0.999762	0.227095	0.76375	0
306	1.00303	0.227463	0.76625	0
307	1.00631	0.226162	0.76875	0
308	1.00958	0.227101	0.77125	0
309	1.01285	0.204289	0.77375	0
310	1.01612	0.200803	0.77625	0
311	1.0194	0.200085	0.77875	0
312	1.02267	0.200959	0.78125	0
313	1.02594	0.19995	0.78375	0
314	1.02921	0.19986	0.78625	0
315	1.03249	0.199149	0.78875	0
316	1.03576	0.198301	0.79125	0
317	1.03903	0.198684	0.79375	0
318	1.0423	0.1978	0.79625	0
319	1.04558	0.198963	0.79875	0
320	1.04885	0.198973	0.80125	0
321	1.05212	0.198379	0.80375	0
322	1.05539	0.196706	0.80625	0
323	1.05867	0.198089	0.80875	0
324	1.06194	0.197391	0.81125	0
325	1.06521	0.19695	0.81375	0
326	1.06849	0.196694	0.81625	0
327	1.07176	0.197645	0.81875	0
328	1.07503	0.197532	0.82125	0
329	1.0783	0.195987	0.82375	0
330	1.08158	0.197182	0.82625	0
331	1.08485	0.196478	0.82875	0
332	1.08812	0.196242	0.83125	0
333	1.09139	0.196974	0.83375	0
334	1.09467	0.195982	0.83625	0
335	1.09794	0.165763	0.83875	0
336	1.10121	0.0999514	0.84125	0
337	1.10448	0.0996812	0.84375	0
338	1.10776	0.100644	0.84625	0
339	1.11103	0.100086	0.84875	0
340	1.1143	0.100083	0.85125	0
341	1.11757	0.100065	0.85375	0
342	1.12085	0.0998253	0.85625	0
343	1.12412	0.0986903	0.85875	0
344	1.12739	0.0975991	0.86125	0
345	1.13066	0.0982671	0.86375	0
346	1.13394	0.0980393	0.86625	0
347	1.13721	0.0979021	0.86875	0
348	1.14048	0.0976627	0.87125	0
349	1.14375	0.0983462	0.87375	0
350	1.14703	0.0977079	0.87625	0
351	1.1503	0.0400772	0.87875	0
352	1.15357	0	0.88125	0
353	1.15684	0	0.88375	0
354	1.16012	0	0.88625	0
355	1.16339	0	0.88875	0
356	1.16666	0	0.89125	0
357	1.16993	0	0.89375	0
358	1.17321	0	0.89625	0
359	1.17648	0	0.89875	0
360	1.17975	0	0.90125	0
361	1.18302	0	0.90375	0
362	1.1863	0	0.90625	0
363	1.18957	0	0.90875	0
364	1.19284	0	0.91125	0
365	1.19611	0	0.91375	0
366	1.19939	0	0.91625	0
367	1.20266	0	0.91875	0
368	1.20593	0	0.92125	0
369	1.2092	0	0.92375	0
370	1.21248	0	0.92625	0
371	1.21575	0	0.92875	0
372	1.21902	0	0.93125	0
373	1.22229	0	0.93375	0
374	1.22557	0	0.93625	0
375	1.22884	0	0.93875	0
376	1.23211	0	0.94125	0
377	1.23538	0	0.94375	0
378	1.23866	0	0.94625	0
379	1.24193	0	0.94875	0
380	1.2452	0	0.95125	0
381	1.24847	0	0.95375	0
382	1.25175	0	0.95625	0
383	1.25502	0	0.95875	0
384	1.25829	0	0.96125	0
385	1.26157	0	0.96375	0
386	1.26484	0	0.96625	0
387	1.26811	0	0.96875	0
388	1.27138	0	0.97125	0
389	1.27466	0	0.97375	0
390	1.27793	0	0.97625	0
391	1.2812	0	0.97875	0
392	1.28447	0	0.98125	0
393	1.28775	0	0.98375	0
394	1.29102	0	0.98625	0
395	1.29429	0	0.98875	0
396	1.29756	0	0.99125	0
397	1.30084	0	0.99375	0
398	1.30411	0	0.99625	0
399	1.30738	0	0.99875	0
