#
# Extended measure
#
# K=0.6 beta=1.2 depth=10 nsamp=500 bits=124
#
0	0.00163627	3.29322	0.00125	3.81787
1	0.00490881	3.31251	0.00375	3.81789
2	0.00818136	3.31411	0.00625	3.81793
3	0.0114539	3.30954	0.00875	3.8181
4	0.0147264	3.31342	0.01125	3.81805
5	0.017999	3.3032	0.01375	3.81533
6	0.0212715	3.27865	0.01625	3.81315
7	0.0245441	3.25749	0.01875	3.77858
8	0.0278166	3.24611	0.02125	3.71057
9	0.0310892	3.22382	0.02375	3.64332
10	0.0343617	3.21203	0.02625	3.62576
11	0.0376342	3.1978	0.02875	3.55935
12	0.0409068	3.19482	0.03125	3.55592
13	0.0441793	3.17473	0.03375	3.51257
14	0.0474519	3.18035	0.03625	3.49816
15	0.0507244	3.16555	0.03875	3.49302
16	0.053997	3.16215	0.04125	3.44991
17	0.0572695	3.14284	0.04375	3.44989
18	0.060542	3.12096	0.04625	3.44948
19	0.0638146	3.11769	0.04875	3.41351
20	0.0670871	3.11552	0.05125	3.41012
21	0.0703597	3.09256	0.05375	3.4097
22	0.0736322	3.08455	0.05625	3.40662
23	0.0769047	3.07893	0.05875	3.37721
24	0.0801773	3.08327	0.06125	3.37705
25	0.0834498	3.06238	0.06375	3.377
26	0.0867224	3.05818	0.06625	3.37679
27	0.0899949	3.04725	0.06875	3.36281
28	0.0932675	3.05065	0.07125	3.34953
29	0.09654	3.05136	0.07375	3.34985
30	0.0998125	3.03742	0.07625	3.34947
31	0.103085	3.03149	0.07875	3.34947
32	0.106358	3.023	0.08125	3.34884
33	0.10963	3.02818	0.08375	3.32708
34	0.112903	3.02153	0.08625	3.32678
35	0.116175	3.02562	0.08875	3.32721
36	0.119448	2.94158	0.09125	3.32671
37	0.12272	2.78726	0.09375	3.32685
38	0.125993	2.7865	0.09625	3.32679
39	0.129265	2.78014	0.09875	3.31895
40	0.132538	2.78519	0.10125	3.308
41	0.135811	2.77772	0.10375	3.30793
42	0.139083	2.78063	0.10625	3.30848
43	0.142356	2.77359	0.10875	3.30812
44	0.145628	2.55626	0.11125	3.30798
45	0.148901	2.55955	0.11375	3.308
46	0.152173	2.55122	0.11625	3.30784
47	0.155446	2.54636	0.11875	3.30034
48	0.158718	2.54895	0.12125	2.75102
49	0.161991	2.5441	0.12375	2.75094
50	0.165263	2.54157	0.12625	2.75113
51	0.168536	2.547	0.12875	2.75135
52	0.171808	2.49982	0.13125	2.75097
53	0.175081	2.34775	0.13375	2.75105
54	0.178354	2.35212	0.13625	2.75102
55	0.181626	2.34623	0.13875	2.75094
56	0.184899	2.34232	0.14125	2.75071
57	0.188171	2.33874	0.14375	2.55889
58	0.191444	2.33589	0.14625	2.2892
59	0.194716	2.33141	0.14875	2.28916
60	0.197989	2.33025	0.15125	2.28928
61	0.201261	2.33139	0.15375	2.28965
62	0.204534	2.32974	0.15625	2.28921
63	0.207806	2.2296	0.15875	2.28918
64	0.211079	2.17047	0.16125	2.28923
65	0.214352	2.17305	0.16375	2.28928
66	0.217624	2.17158	0.16625	2.28914
67	0.220897	2.16483	0.16875	2.28911
68	0.224169	2.1649	0.17125	2.28289
69	0.227442	2.16109	0.17375	1.95113
70	0.230714	2.1602	0.17625	1.90641
71	0.233987	2.15505	0.17875	1.90634
72	0.237259	2.15507	0.18125	1.90649
73	0.240532	2.15155	0.18375	1.90659
74	0.243804	2.16274	0.18625	1.90658
75	0.247077	2.15109	0.18875	1.90643
76	0.25035	2.03198	0.19125	1.90634
77	0.253622	2.02423	0.19375	1.90636
78	0.256895	2.02643	0.19625	1.90642
79	0.260167	2.02522	0.19875	1.90631
80	0.26344	1.9766	0.20125	1.90637
81	0.266712	1.88456	0.20375	1.90635
82	0.269985	1.88293	0.20625	1.88113
83	0.273257	1.88388	0.20875	1.58909
84	0.27653	1.88021	0.21125	1.58904
85	0.279802	1.87603	0.21375	1.58916
86	0.283075	1.875	0.21625	1.58882
87	0.286347	1.87672	0.21875	1.58921
88	0.28962	1.87918	0.22125	1.58927
89	0.292893	1.87716	0.22375	1.58917
90	0.296165	1.87009	0.22625	1.58899
91	0.299438	1.79333	0.22875	1.58903
92	0.30271	1.76439	0.23125	1.58906
93	0.305983	1.76271	0.23375	1.58902
94	0.309255	1.76763	0.23625	1.58911
95	0.312528	1.76353	0.23875	1.58892
96	0.3158	1.74073	0.24125	1.58902
97	0.319073	1.65626	0.24375	1.58905
98	0.322345	1.65692	0.24625	1.58524
99	0.325618	1.64964	0.24875	1.46242
100	0.328891	1.64842	0.25125	1.32599
101	0.332163	1.64695	0.25375	1.32593
102	0.335436	1.64131	0.25625	1.32609
103	0.338708	1.64312	0.25875	1.32577
104	0.341981	1.64446	0.26125	1.326
105	0.345253	1.63948	0.26375	1.32613
106	0.348526	1.6429	0.26625	1.32617
107	0.351798	1.6412	0.26875	1.32602
108	0.355071	1.63568	0.27125	1.32598
109	0.358343	1.59172	0.27375	1.32595
110	0.361616	1.54982	0.27625	1.32592
111	0.364888	1.5492	0.27875	1.32598
112	0.368161	1.54579	0.28125	1.32591
113	0.371434	1.55188	0.28375	1.32604
114	0.374706	1.54628	0.28625	1.3259
115	0.377979	1.5503	0.28875	1.32599
116	0.381251	1.47169	0.29125	1.32584
117	0.384524	1.45772	0.29375	1.32591
118	0.387796	1.46481	0.29625	1.32114
119	0.391069	1.45387	0.29875	1.20111
120	0.394341	1.45642	0.30125	1.10788
121	0.397614	1.45345	0.30375	1.10786
122	0.400886	1.45252	0.30625	1.10789
123	0.404159	1.45095	0.30875	1.108
124	0.407432	1.45238	0.31125	1.10771
125	0.410704	1.45265	0.31375	1.10787
126	0.413977	1.448	0.31625	1.10801
127	0.417249	1.44993	0.31875	1.10801
128	0.420522	1.45433	0.32125	1.10803
129	0.423794	1.44583	0.32375	1.10797
130	0.427067	1.44383	0.32625	1.1078
131	0.430339	1.40331	0.32875	1.10791
132	0.433612	1.3747	0.33125	1.10782
133	0.436884	1.3533	0.33375	1.10796
134	0.440157	1.33646	0.33625	1.10782
135	0.44343	1.33308	0.33875	1.10775
136	0.446702	1.33526	0.34125	1.1081
137	0.449975	1.33406	0.34375	1.10779
138	0.453247	1.3366	0.34625	1.10791
139	0.45652	1.28842	0.34875	1.10777
140	0.459792	1.26242	0.35125	1.10785
141	0.463065	1.26301	0.35375	1.10684
142	0.466337	1.26161	0.35625	1.10309
143	0.46961	1.25722	0.35875	0.984714
144	0.472882	1.25689	0.36125	0.927077
145	0.476155	1.25994	0.36375	0.927138
146	0.479427	1.25333	0.36625	0.927067
147	0.4827	1.25244	0.36875	0.927125
148	0.485973	1.25268	0.37125	0.927188
149	0.489245	1.25462	0.37375	0.926964
150	0.492518	1.25424	0.37625	0.927117
151	0.49579	1.24924	0.37875	0.92716
152	0.499063	1.26317	0.38125	0.927277
153	0.502335	1.29443	0.38375	0.927293
154	0.505608	1.29623	0.38625	0.927043
155	0.50888	1.29015	0.38875	0.927249
156	0.512153	1.2911	0.39125	0.927066
157	0.515425	1.26743	0.39375	0.927083
158	0.518698	1.22868	0.39625	0.927043
159	0.521971	1.22716	0.39875	0.927178
160	0.525243	1.20418	0.40125	0.927078
161	0.528516	1.20172	0.40375	0.927092
162	0.531788	1.19457	0.40625	0.927014
163	0.535061	1.20233	0.40875	0.927193
164	0.538333	1.19665	0.41125	0.927103
165	0.541606	1.19539	0.41375	0.927027
166	0.544878	1.19934	0.41625	0.927257
167	0.548151	1.15316	0.41875	0.926966
168	0.551423	1.1367	0.42125	0.92708
169	0.554696	1.13656	0.42375	0.927072
170	0.557968	1.14133	0.42625	0.923696
171	0.561241	1.13543	0.42875	0.922075
172	0.564514	1.13173	0.43125	0.777346
173	0.567786	1.13603	0.43375	0.777223
174	0.571059	1.1338	0.43625	0.777288
175	0.574331	1.13063	0.43875	0.777244
176	0.577604	1.13283	0.44125	0.777235
177	0.580876	1.13097	0.44375	0.777393
178	0.584149	1.12987	0.44625	0.777155
179	0.587421	1.13186	0.44875	0.777201
180	0.590694	1.12932	0.45125	0.777176
181	0.593966	1.13123	0.45375	0.777376
182	0.597239	1.12891	0.45625	0.777397
183	0.600512	0.767693	0.45875	0.777367
184	0.603784	0.583042	0.46125	0.777457
185	0.607057	0.583095	0.46375	0.777173
186	0.610329	0.581264	0.46625	0.777429
187	0.613602	0.579452	0.46875	0.777237
188	0.616874	0.579336	0.47125	0.777199
189	0.620147	0.561141	0.47375	0.777259
190	0.623419	0.556279	0.47625	0.777191
191	0.626692	0.555282	0.47875	0.777367
192	0.629964	0.546464	0.48125	0.777264
193	0.633237	0.544323	0.48375	0.777183
194	0.63651	0.543056	0.48625	0.777282
195	0.639782	0.544199	0.48875	0.777219
196	0.643055	0.539788	0.49125	0.777378
197	0.646327	0.514605	0.49375	0.777213
198	0.6496	0.514967	0.49625	0.777213
199	0.652872	0.516011	0.49875	0.777379
200	0.656145	0.508157	0.50125	0.777247
201	0.659417	0.496429	0.50375	0.777138
202	0.66269	0.494964	0.50625	0.777256
203	0.665962	0.494952	0.50875	0.777241
204	0.669235	0.49801	0.51125	0.774516
205	0.672507	0.494714	0.51375	0.774014
206	0.67578	0.494228	0.51625	0.700357
207	0.679053	0.493297	0.51875	0.653095
208	0.682325	0.495221	0.52125	0.653068
209	0.685598	0.493021	0.52375	0.653059
210	0.68887	0.491788	0.52625	0.653073
211	0.692143	0.493958	0.52875	0.653032
212	0.695415	0.491158	0.53125	0.653042
213	0.698688	0.492517	0.53375	0.65314
214	0.70196	0.492327	0.53625	0.65289
215	0.705233	0.491266	0.53875	0.653103
216	0.708505	0.490306	0.54125	0.652996
217	0.711778	0.492044	0.54375	0.653177
218	0.715051	0.490192	0.54625	0.653111
219	0.718323	0.491515	0.54875	0.653199
220	0.721596	0.232486	0.55125	0.653079
221	0.724868	0.230416	0.55375	0.653252
222	0.728141	0.230402	0.55625	0.653026
223	0.731413	0.229226	0.55875	0.653081
224	0.734686	0.229536	0.56125	0.653135
225	0.737958	0.22968	0.56375	0.652981
226	0.741231	0.227892	0.56625	0.653098
227	0.744503	0.22125	0.56875	0.652993
228	0.747776	0.219823	0.57125	0.653008
229	0.751049	0.220133	0.57375	0.653093
230	0.754321	0.218368	0.57625	0.653097
231	0.757594	0.215548	0.57875	0.653033
232	0.760866	0.216476	0.58125	0.653062
233	0.764139	0.214575	0.58375	0.653045
234	0.767411	0.215917	0.58625	0.652967
235	0.770684	0.215924	0.58875	0.653182
236	0.773956	0.20613	0.59125	0.653117
237	0.777229	0.203199	0.59375	0.652929
238	0.780501	0.203755	0.59625	0.653086
239	0.783774	0.204696	0.59875	0.653176
240	0.787046	0.201791	0.60125	0
241	0.790319	0.19694	0.60375	0
242	0.793592	0.196214	0.60625	0
243	0.796864	0.197328	0.60875	0
244	0.800137	0.196111	0.61125	0
245	0.803409	0.196958	0.61375	0
246	0.806682	0.196458	0.61625	0
247	0.809954	0.195891	0.61875	0
248	0.813227	0.195164	0.62125	0
249	0.816499	0.196833	0.62375	0
250	0.819772	0.196134	0.62625	0
251	0.823044	0.195437	0.62875	0
252	0.826317	0.195044	0.63125	0
253	0.82959	0.19629	0.63375	0
254	0.832862	0.19491	0.63625	0
255	0.836135	0.19475	0.63875	0
256	0.839407	0.195109	0.64125	0
257	0.84268	0.195815	0.64375	0
258	0.845952	0.195056	0.64625	0
259	0.849225	0.19423	0.64875	0
260	0.852497	0.195175	0.65125	0
261	0.85577	0.19497	0.65375	0
262	0.859042	0.194625	0.65625	0
263	0.862315	0.19462	0.65875	0
264	0.865587	0.095825	0.66125	0
265	0.86886	0.0946096	0.66375	0
266	0.872133	0.0940899	0.66625	0
267	0.875405	0.0945092	0.66875	0
268	0.878678	0.0948287	0.67125	0
269	0.88195	0.0940927	0.67375	0
270	0.885223	0.0936693	0.67625	0
271	0.888495	0.0943591	0.67875	0
272	0.891768	0.0919995	0.68125	0
273	0.89504	0.0908099	0.68375	0
274	0.898313	0.0908358	0.68625	0
275	0.901585	0.0906253	0.68875	0
276	0.904858	0.0901589	0.69125	0
277	0.908131	0.0895062	0.69375	0
278	0.911403	0.0888356	0.69625	0
279	0.914676	0.0898141	0.69875	0
280	0.917948	0.0883879	0.70125	0
281	0.921221	0.089823	0.70375	0
282	0.924493	0.0893293	0.70625	0
283	0.927766	0.0864383	0.70875	0
284	0.931038	0.0850079	0.71125	0
285	0.934311	0.0845897	0.71375	0
286	0.937583	0.0848155	0.71625	0
287	0.940856	0.0851971	0.71875	0
288	0.944129	0.0841343	0.72125	0
289	0.947401	0.0829796	0.72375	0
290	0.950674	0.0819232	0.72625	0
291	0.953946	0.0819403	0.72875	0
292	0.957219	0.0829691	0.73125	0
293	0.960491	0.0814023	0.73375	0
294	0.963764	0.0827962	0.73625	0
295	0.967036	0.0822492	0.73875	0
296	0.970309	0.0818875	0.74125	0
297	0.973581	0.0819676	0.74375	0
298	0.976854	0.0818033	0.74625	0
299	0.980126	0.0824965	0.74875	0
300	0.983399	0.0822407	0.75125	0
301	0.986672	0.0812309	0.75375	0
302	0.989944	0.0827542	0.75625	0
303	0.993217	0.0812142	0.75875	0
304	0.996489	0.0817551	0.76125	0
305	0.999762	0.0820836	0.76375	0
306	1.00303	0.081502	0.76625	0
307	1.00631	0.0816083	0.76875	0
308	1.00958	0.081756	0.77125	0
309	1.01285	0.0819459	0.77375	0
310	1.01612	0.0816687	0.77625	0
311	1.0194	0.0817572	0.77875	0
312	1.02267	0.0815387	0.78125	0
313	1.02594	0.0817816	0.78375	0
314	1.02921	0.0810995	0.78625	0
315	1.03249	0.0817839	0.78875	0
316	1.03576	0.0748043	0.79125	0
317	1.03903	0.0438378	0.79375	0
318	1.0423	0.0438338	0.79625	0
319	1.04558	0.0439206	0.79875	0
320	1.04885	0.0436978	0.80125	0
321	1.05212	0.044168	0.80375	0
322	1.05539	0.0439187	0.80625	0
323	1.05867	0.0436698	0.80875	0
324	1.06194	0.0434275	0.81125	0
325	1.06521	0.0441628	0.81375	0
326	1.06849	0.0432646	0.81625	0
327	1.07176	0.0427703	0.81875	0
328	1.07503	0.0422756	0.82125	0
329	1.0783	0.0427043	0.82375	0
330	1.08158	0.0423793	0.82625	0
331	1.08485	0.0426525	0.82875	0
332	1.08812	0.0425119	0.83125	0
333	1.09139	0.0413498	0.83375	0
334	1.09467	0.0419003	0.83625	0
335	1.09794	0.0423031	0.83875	0
336	1.10121	0.00533648	0.84125	0
337	1.10448	0	0.84375	0
338	1.10776	0	0.84625	0
339	1.11103	0	0.84875	0
340	1.1143	0	0.85125	0
341	1.11757	0	0.85375	0
342	1.12085	0	0.85625	0
343	1.12412	0	0.85875	0
344	1.12739	0	0.86125	0
345	1.13066	0	0.86375	0
346	1.13394	0	0.86625	0
347	1.13721	0	0.86875	0
348	1.14048	0	0.87125	0
349	1.14375	0	0.87375	0
350	1.14703	0	0.87625	0
351	1.1503	0	0.87875	0
352	1.15357	0	0.88125	0
353	1.15684	0	0.88375	0
354	1.16012	0	0.88625	0
355	1.16339	0	0.88875	0
356	1.16666	0	0.89125	0
357	1.16993	0	0.89375	0
358	1.17321	0	0.89625	0
359	1.17648	0	0.89875	0
360	1.17975	0	0.90125	0
361	1.18302	0	0.90375	0
362	1.1863	0	0.90625	0
363	1.18957	0	0.90875	0
364	1.19284	0	0.91125	0
365	1.19611	0	0.91375	0
366	1.19939	0	0.91625	0
367	1.20266	0	0.91875	0
368	1.20593	0	0.92125	0
369	1.2092	0	0.92375	0
370	1.21248	0	0.92625	0
371	1.21575	0	0.92875	0
372	1.21902	0	0.93125	0
373	1.22229	0	0.93375	0
374	1.22557	0	0.93625	0
375	1.22884	0	0.93875	0
376	1.23211	0	0.94125	0
377	1.23538	0	0.94375	0
378	1.23866	0	0.94625	0
379	1.24193	0	0.94875	0
380	1.2452	0	0.95125	0
381	1.24847	0	0.95375	0
382	1.25175	0	0.95625	0
383	1.25502	0	0.95875	0
384	1.25829	0	0.96125	0
385	1.26157	0	0.96375	0
386	1.26484	0	0.96625	0
387	1.26811	0	0.96875	0
388	1.27138	0	0.97125	0
389	1.27466	0	0.97375	0
390	1.27793	0	0.97625	0
391	1.2812	0	0.97875	0
392	1.28447	0	0.98125	0
393	1.28775	0	0.98375	0
394	1.29102	0	0.98625	0
395	1.29429	0	0.98875	0
396	1.29756	0	0.99125	0
397	1.30084	0	0.99375	0
398	1.30411	0	0.99625	0
399	1.30738	0	0.99875	0
